# 2D Marginal for parameters depth and Pxx with ranges 2.0002e+03 6.9979e+03 and 1.0082e+06 9.9942e+07
1.348e-13 2.247e-13 1.348e-13 1.798e-13 1.798e-13 4.494e-14 1.348e-13 8.989e-14 2.247e-13 8.989e-14 4.494e-14 1.798e-13 8.989e-14 2.247e-13 8.989e-14 4.494e-14 1.348e-13 4.494e-14 8.989e-14 2.247e-13
2.247e-13 2.697e-13 1.348e-13 8.989e-14 1.348e-13 4.494e-14 0.000e+00 1.798e-13 2.247e-13 1.798e-13 1.798e-13 2.697e-13 8.989e-14 0.000e+00 8.989e-14 1.348e-13 4.494e-14 8.989e-14 1.348e-13 2.697e-13
3.595e-13 2.247e-13 3.146e-13 4.944e-13 8.989e-14 2.697e-13 1.348e-13 4.494e-14 1.348e-13 0.000e+00 8.989e-14 2.247e-13 8.989e-14 1.798e-13 1.348e-13 8.989e-14 8.989e-14 8.989e-14 4.494e-14 1.348e-13
1.798e-13 4.944e-13 5.843e-13 8.539e-13 4.944e-13 8.989e-14 2.697e-13 3.146e-13 8.989e-14 1.348e-13 8.989e-14 2.247e-13 1.798e-13 2.247e-13 1.798e-13 0.000e+00 1.348e-13 4.494e-14 1.348e-13 8.989e-14
8.989e-13 9.888e-13 2.067e-12 1.213e-12 5.393e-13 3.595e-13 3.146e-13 2.697e-13 8.989e-14 1.348e-13 1.348e-13 8.989e-14 1.798e-13 4.494e-14 1.348e-13 8.989e-14 8.989e-14 8.989e-14 1.798e-13 8.989e-14
1.843e-12 3.506e-12 5.124e-12 4.449e-12 2.292e-12 8.539e-13 6.292e-13 1.798e-13 3.146e-13 8.989e-14 0.000e+00 1.348e-13 3.146e-13 8.989e-14 1.348e-13 2.247e-13 1.798e-13 1.348e-13 2.247e-13 4.494e-14
5.348e-12 1.218e-11 1.631e-11 9.303e-12 4.090e-12 1.483e-12 7.640e-13 4.045e-13 3.146e-13 8.989e-14 2.697e-13 2.697e-13 4.494e-14 2.697e-13 2.247e-13 8.989e-14 1.348e-13 1.798e-13 1.798e-13 8.989e-14
1.173e-11 2.926e-11 3.178e-11 1.757e-11 5.663e-12 2.202e-12 1.124e-12 7.191e-13 6.292e-13 4.045e-13 4.944e-13 2.697e-13 1.798e-13 2.247e-13 1.348e-13 3.146e-13 8.989e-14 1.348e-13 3.595e-13 1.798e-13
2.157e-11 4.058e-11 3.195e-11 1.712e-11 7.146e-12 2.427e-12 1.483e-12 9.438e-13 5.843e-13 5.393e-13 3.595e-13 3.146e-13 4.494e-13 1.348e-13 2.247e-13 2.247e-13 2.247e-13 8.989e-14 1.798e-13 8.989e-14
2.166e-11 2.751e-11 2.306e-11 1.137e-11 6.247e-12 2.966e-12 2.202e-12 1.169e-12 1.034e-12 5.393e-13 2.697e-13 2.697e-13 4.045e-13 3.146e-13 1.348e-13 1.348e-13 1.798e-13 1.798e-13 4.494e-14 2.247e-13
1.919e-11 1.982e-11 1.497e-11 8.944e-12 6.427e-12 2.427e-12 2.382e-12 1.528e-12 4.494e-13 7.640e-13 2.697e-13 5.393e-13 3.146e-13 4.045e-13 8.989e-14 8.989e-14 8.989e-14 3.595e-13 8.989e-14 2.697e-13
1.321e-11 1.308e-11 1.092e-11 8.180e-12 4.899e-12 3.685e-12 1.933e-12 1.708e-12 1.213e-12 6.742e-13 5.393e-13 6.292e-13 4.045e-13 3.595e-13 3.146e-13 5.843e-13 8.989e-14 1.798e-13 3.595e-13 1.348e-13
9.663e-12 9.213e-12 8.045e-12 5.213e-12 4.449e-12 2.382e-12 2.022e-12 1.528e-12 1.303e-12 8.539e-13 4.944e-13 5.393e-13 4.494e-13 6.742e-13 4.045e-13 4.045e-13 2.697e-13 4.944e-13 1.798e-13 2.247e-13
4.809e-12 7.281e-12 5.348e-12 5.079e-12 3.371e-12 2.786e-12 2.022e-12 1.303e-12 1.618e-12 1.034e-12 5.393e-13 7.191e-13 3.595e-13 4.494e-13 4.944e-13 3.595e-13 3.595e-13 4.494e-13 4.494e-13 3.595e-13
5.258e-12 4.674e-12 4.449e-12 4.045e-12 2.921e-12 3.101e-12 2.382e-12 1.528e-12 1.303e-12 1.034e-12 8.090e-13 8.090e-13 8.989e-13 5.393e-13 3.146e-13 2.697e-13 6.292e-13 3.146e-13 4.494e-13 4.944e-13
3.595e-12 3.506e-12 4.045e-12 2.831e-12 2.697e-12 1.618e-12 2.022e-12 1.573e-12 1.213e-12 1.753e-12 5.393e-13 1.079e-12 8.539e-13 4.944e-13 5.393e-13 4.944e-13 3.146e-13 2.247e-13 2.697e-13 3.595e-13
2.067e-12 3.056e-12 2.607e-12 2.292e-12 2.607e-12 1.708e-12 2.067e-12 1.483e-12 1.213e-12 1.079e-12 6.742e-13 7.191e-13 8.539e-13 5.843e-13 5.843e-13 7.640e-13 4.045e-13 3.146e-13 5.393e-13 3.595e-13
2.202e-12 2.382e-12 2.022e-12 2.247e-12 1.618e-12 1.438e-12 1.483e-12 1.303e-12 1.618e-12 8.539e-13 5.843e-13 7.191e-13 6.742e-13 8.090e-13 7.191e-13 4.494e-13 5.843e-13 3.146e-13 6.292e-13 4.045e-13
1.978e-12 1.888e-12 1.348e-12 1.843e-12 1.573e-12 1.393e-12 1.978e-12 1.079e-12 1.483e-12 8.989e-13 8.989e-13 6.742e-13 6.292e-13 4.944e-13 5.393e-13 4.944e-13 4.944e-13 4.494e-13 3.595e-13 3.146e-13
1.124e-12 1.348e-12 1.618e-12 1.528e-12 1.438e-12 1.663e-12 1.213e-12 1.034e-12 9.438e-13 1.079e-12 8.539e-13 5.843e-13 4.494e-13 9.888e-13 3.595e-13 3.595e-13 4.045e-13 3.595e-13 5.393e-13 2.247e-13
# 2D Marginal for parameters depth and Pyy with ranges 2.0002e+03 6.9979e+03 and 1.0155e+06 9.9956e+07
3.146e-13 1.348e-13 1.348e-13 8.988e-14 1.348e-13 2.247e-13 1.348e-13 1.348e-13 4.494e-14 4.494e-14 2.696e-13 0.000e+00 4.494e-14 1.348e-13 3.146e-13 1.348e-13 1.798e-13 0.000e+00 8.988e-14 4.494e-14
1.348e-13 1.348e-13 8.988e-14 1.348e-13 8.988e-14 2.696e-13 2.696e-13 8.988e-14 1.798e-13 8.988e-14 1.348e-13 8.988e-14 8.988e-14 1.798e-13 8.988e-14 8.988e-14 3.146e-13 0.000e+00 1.348e-13 1.798e-13
4.494e-14 2.247e-13 3.146e-13 1.798e-13 1.348e-13 2.247e-13 2.247e-13 3.595e-13 2.247e-13 1.798e-13 1.798e-13 4.494e-14 8.988e-14 8.988e-14 0.000e+00 2.247e-13 8.988e-14 1.798e-13 1.348e-13 8.988e-14
2.696e-13 4.494e-13 4.943e-13 4.494e-13 4.943e-13 4.943e-13 2.696e-13 3.146e-13 1.348e-13 8.988e-14 1.348e-13 2.247e-13 4.494e-14 8.988e-14 1.348e-13 2.696e-13 1.348e-13 8.988e-14 8.988e-14 1.348e-13
8.539e-13 9.887e-13 1.213e-12 1.124e-12 8.089e-13 6.741e-13 4.494e-13 1.798e-13 2.696e-13 8.988e-14 2.247e-13 4.494e-14 1.348e-13 8.988e-14 1.348e-13 1.348e-13 1.798e-13 2.696e-13 8.988e-14 4.494e-14
1.034e-12 2.112e-12 4.404e-12 5.033e-12 2.696e-12 1.977e-12 1.034e-12 3.146e-13 5.393e-13 1.798e-13 2.247e-13 1.798e-13 1.348e-13 1.348e-13 2.696e-13 8.988e-14 1.798e-13 4.494e-14 4.494e-14 1.348e-13
2.741e-12 7.235e-12 1.317e-11 1.312e-11 7.910e-12 3.460e-12 1.168e-12 1.168e-12 2.696e-13 2.696e-13 2.696e-13 1.798e-13 8.988e-14 1.348e-13 1.348e-13 2.247e-13 1.348e-13 2.247e-13 4.494e-14 8.988e-14
6.022e-12 1.658e-11 2.975e-11 2.741e-11 1.222e-11 4.764e-12 1.887e-12 8.089e-13 1.079e-12 4.943e-13 7.640e-13 3.146e-13 1.798e-13 3.146e-13 1.798e-13 1.798e-13 8.988e-14 4.494e-14 2.696e-13 8.988e-14
9.033e-12 2.696e-11 3.393e-11 2.683e-11 1.150e-11 7.011e-12 4.000e-12 2.112e-12 1.213e-12 5.842e-13 6.292e-13 3.595e-13 5.842e-13 2.696e-13 3.595e-13 3.146e-13 2.696e-13 3.595e-13 8.988e-14 2.247e-13
1.065e-11 1.986e-11 2.166e-11 1.564e-11 1.159e-11 8.269e-12 4.179e-12 2.337e-12 1.348e-12 8.539e-13 5.842e-13 6.741e-13 3.595e-13 3.146e-13 2.696e-13 3.595e-13 3.595e-13 1.798e-13 2.247e-13 1.798e-13
9.213e-12 1.276e-11 1.330e-11 1.249e-11 1.052e-11 8.314e-12 4.584e-12 2.157e-12 1.528e-12 7.190e-13 7.190e-13 5.393e-13 6.292e-13 5.393e-13 2.247e-13 2.247e-13 1.348e-13 3.595e-13 3.146e-13 1.348e-13
7.954e-12 8.269e-12 8.044e-12 9.258e-12 8.629e-12 5.977e-12 4.854e-12 2.966e-12 1.708e-12 7.640e-13 1.258e-12 4.943e-13 7.640e-13 4.045e-13 3.595e-13 3.146e-13 2.696e-13 4.045e-13 1.348e-13 2.696e-13
5.078e-12 5.932e-12 6.337e-12 5.797e-12 7.146e-12 4.764e-12 3.281e-12 2.382e-12 1.573e-12 1.303e-12 1.079e-12 4.943e-13 8.089e-13 6.292e-13 4.045e-13 3.146e-13 5.393e-13 2.696e-13 3.595e-13 3.146e-13
4.674e-12 4.045e-12 4.000e-12 4.090e-12 4.135e-12 4.045e-12 2.786e-12 2.337e-12 1.618e-12 1.393e-12 9.887e-13 7.640e-13 9.437e-13 6.292e-13 4.943e-13 5.842e-13 3.146e-13 4.494e-13 4.045e-13 4.943e-13
3.415e-12 3.550e-12 3.820e-12 3.505e-12 3.236e-12 3.146e-12 2.651e-12 2.786e-12 1.618e-12 1.573e-12 1.124e-12 1.393e-12 9.437e-13 6.292e-13 5.393e-13 6.292e-13 4.494e-13 3.595e-13 4.494e-13 4.045e-13
2.966e-12 3.281e-12 1.843e-12 2.741e-12 2.247e-12 2.247e-12 2.022e-12 1.843e-12 1.887e-12 1.348e-12 1.348e-12 9.887e-13 8.089e-13 9.887e-13 8.089e-13 4.494e-13 6.292e-13 4.045e-13 6.741e-13 4.943e-13
1.843e-12 2.067e-12 2.382e-12 1.798e-12 2.067e-12 1.708e-12 2.067e-12 1.708e-12 1.708e-12 9.437e-13 1.393e-12 1.124e-12 8.988e-13 6.741e-13 7.190e-13 9.437e-13 4.494e-13 6.741e-13 3.595e-13 4.494e-13
1.303e-12 1.708e-12 1.932e-12 2.067e-12 1.798e-12 1.753e-12 1.124e-12 2.067e-12 9.887e-13 1.438e-12 9.887e-13 9.887e-13 4.943e-13 5.393e-13 7.640e-13 5.393e-13 8.988e-13 7.190e-13 5.393e-13 4.045e-13
1.618e-12 1.258e-12 1.798e-12 1.438e-12 1.483e-12 1.843e-12 1.034e-12 1.528e-12 9.437e-13 1.124e-12 1.213e-12 9.437e-13 7.640e-13 8.089e-13 4.045e-13 3.595e-13 3.595e-13 5.393e-13 6.741e-13 6.741e-13
1.124e-12 1.393e-12 8.539e-13 1.483e-12 1.393e-12 1.663e-12 1.258e-12 1.079e-12 1.168e-12 1.213e-12 5.393e-13 1.034e-12 7.640e-13 6.741e-13 5.842e-13 4.943e-13 4.045e-13 1.798e-13 4.045e-13 4.045e-13
# 2D Marginal for parameters depth and Pzz with ranges 2.0002e+03 6.9979e+03 and 1.0489e+06 9.9922e+07
2.249e-13 1.799e-13 1.349e-13 4.497e-14 1.349e-13 3.148e-13 1.799e-13 4.497e-14 4.497e-14 1.349e-13 8.994e-14 4.497e-14 2.249e-13 2.249e-13 8.994e-14 1.799e-13 8.994e-14 1.349e-13 4.497e-14 4.497e-14
8.994e-14 2.249e-13 2.249e-13 1.799e-13 8.994e-14 1.799e-13 1.799e-13 8.994e-14 2.249e-13 1.349e-13 8.994e-14 0.000e+00 2.698e-13 1.799e-13 1.349e-13 8.994e-14 1.799e-13 8.994e-14 0.000e+00 1.349e-13
4.497e-14 1.799e-13 1.799e-13 3.598e-13 4.047e-13 2.698e-13 0.000e+00 2.698e-13 1.799e-13 1.349e-13 4.497e-14 8.994e-14 2.249e-13 2.249e-13 1.799e-13 8.994e-14 1.349e-13 1.349e-13 8.994e-14 0.000e+00
1.349e-13 1.799e-13 3.148e-13 8.545e-13 8.545e-13 2.249e-13 3.598e-13 3.148e-13 1.799e-13 2.249e-13 1.349e-13 1.349e-13 8.994e-14 0.000e+00 8.994e-14 1.799e-13 8.994e-14 8.994e-14 3.148e-13 4.497e-14
2.249e-13 4.497e-13 6.296e-13 1.664e-12 1.484e-12 7.645e-13 9.444e-13 2.698e-13 2.698e-13 1.349e-13 8.994e-14 8.994e-14 8.994e-14 8.994e-14 0.000e+00 8.994e-14 2.249e-13 8.994e-14 1.349e-13 2.698e-13
4.047e-13 5.397e-13 9.444e-13 3.733e-12 7.195e-12 3.553e-12 1.754e-12 5.846e-13 3.598e-13 3.148e-13 1.799e-13 8.994e-14 1.799e-13 2.698e-13 8.994e-14 8.994e-14 8.994e-14 4.497e-14 2.249e-13 1.349e-13
1.349e-13 6.746e-13 9.444e-13 1.088e-11 2.132e-11 1.093e-11 3.373e-12 1.619e-12 6.296e-13 2.249e-13 2.698e-13 2.249e-13 1.799e-13 1.799e-13 8.994e-14 0.000e+00 1.799e-13 4.497e-14 8.994e-14 8.994e-14
2.249e-13 5.846e-13 2.114e-12 1.466e-11 4.650e-11 2.658e-11 6.251e-12 2.563e-12 1.349e-12 6.296e-13 3.148e-13 4.947e-13 3.148e-13 1.349e-13 1.799e-13 8.994e-14 1.349e-13 8.994e-14 2.249e-13 8.994e-14
3.598e-13 7.645e-13 1.709e-12 1.165e-11 5.208e-11 3.652e-11 1.178e-11 5.576e-12 2.159e-12 9.444e-13 9.444e-13 6.296e-13 2.249e-13 2.698e-13 1.349e-13 2.249e-13 1.799e-13 1.799e-13 1.799e-13 2.249e-13
1.349e-13 4.497e-13 1.664e-12 6.971e-12 2.658e-11 3.022e-11 1.695e-11 7.825e-12 3.643e-12 2.024e-12 1.079e-12 5.397e-13 2.698e-13 4.047e-13 2.698e-13 2.249e-13 2.249e-13 1.349e-13 1.349e-13 2.249e-13
3.598e-13 6.296e-13 1.034e-12 4.722e-12 1.381e-11 2.127e-11 1.848e-11 8.634e-12 4.362e-12 1.889e-12 1.349e-12 7.645e-13 6.746e-13 2.249e-13 2.698e-13 2.249e-13 2.698e-13 8.994e-14 1.799e-13 2.249e-13
4.497e-13 4.047e-13 5.397e-13 3.373e-12 6.431e-12 1.381e-11 1.318e-11 9.624e-12 6.071e-12 2.968e-12 1.979e-12 1.304e-12 6.746e-13 4.047e-13 7.195e-13 2.249e-13 4.947e-13 8.994e-14 2.698e-13 1.349e-13
2.698e-13 2.698e-13 2.698e-13 1.619e-12 4.092e-12 7.195e-12 1.012e-11 8.724e-12 5.801e-12 3.103e-12 2.339e-12 1.619e-12 1.034e-12 4.947e-13 3.598e-13 4.947e-13 1.799e-13 1.799e-13 1.799e-13 4.947e-13
1.349e-13 3.148e-13 5.397e-13 1.169e-12 2.563e-12 4.362e-12 5.442e-12 6.566e-12 5.082e-12 3.823e-12 2.788e-12 1.259e-12 1.034e-12 9.444e-13 8.545e-13 6.746e-13 4.497e-13 4.497e-13 4.947e-13 2.698e-13
2.249e-13 1.799e-13 5.846e-13 4.947e-13 1.484e-12 3.418e-12 5.307e-12 4.452e-12 4.857e-12 3.238e-12 3.328e-12 2.249e-12 1.709e-12 1.439e-12 6.296e-13 9.894e-13 7.195e-13 1.349e-13 3.148e-13 4.947e-13
1.799e-13 1.799e-13 2.249e-13 7.645e-13 8.545e-13 2.294e-12 2.518e-12 3.778e-12 3.957e-12 3.058e-12 3.058e-12 2.473e-12 1.709e-12 1.799e-12 8.095e-13 8.095e-13 7.645e-13 2.249e-13 2.698e-13 3.148e-13
1.349e-13 2.698e-13 2.698e-13 2.249e-13 6.296e-13 1.124e-12 2.294e-12 2.833e-12 3.013e-12 3.013e-12 2.788e-12 1.889e-12 2.249e-12 1.484e-12 1.259e-12 9.444e-13 5.397e-13 4.047e-13 4.497e-13 1.799e-13
2.698e-13 3.598e-13 1.799e-13 4.047e-13 4.497e-13 5.846e-13 1.619e-12 2.788e-12 2.518e-12 2.114e-12 2.518e-12 2.069e-12 1.664e-12 1.349e-12 1.214e-12 7.645e-13 7.195e-13 6.746e-13 4.047e-13 4.047e-13
2.249e-13 3.598e-13 2.249e-13 2.249e-13 5.846e-13 7.645e-13 9.894e-13 1.709e-12 2.114e-12 2.249e-12 2.339e-12 1.709e-12 1.619e-12 1.529e-12 1.349e-12 9.444e-13 4.947e-13 7.645e-13 4.047e-13 2.249e-13
2.249e-13 2.249e-13 2.249e-13 3.148e-13 4.047e-13 4.047e-13 1.034e-12 1.259e-12 1.574e-12 2.069e-12 2.024e-12 1.934e-12 1.709e-12 1.124e-12 9.444e-13 5.397e-13 6.746e-13 3.148e-13 5.846e-13 5.397e-13
# 2D Marginal for parameters depth and Pxy with ranges 2.0002e+03 6.9979e+03 and -9.9998e+06 9.9971e+06
4.447e-13 4.447e-13 4.447e-13 4.447e-13 6.671e-13 1.112e-12 1.334e-12 6.671e-13 0.000e+00 2.224e-13 6.671e-13 4.447e-13 6.671e-13 8.894e-13 6.671e-13 6.671e-13 6.671e-13 4.447e-13 4.447e-13 1.556e-12
8.894e-13 2.224e-13 6.671e-13 2.224e-13 1.112e-12 4.447e-13 2.224e-13 8.894e-13 1.112e-12 2.224e-13 1.112e-12 4.447e-13 6.671e-13 1.112e-12 1.779e-12 6.671e-13 4.447e-13 4.447e-13 2.224e-13 8.894e-13
4.447e-13 6.671e-13 1.334e-12 6.671e-13 8.894e-13 4.447e-13 2.224e-13 8.894e-13 4.447e-13 1.112e-12 4.447e-13 6.671e-13 6.671e-13 1.779e-12 6.671e-13 2.891e-12 2.224e-13 6.671e-13 6.671e-13 2.224e-13
8.894e-13 1.334e-12 4.447e-13 2.224e-13 8.894e-13 8.894e-13 1.334e-12 2.446e-12 1.556e-12 1.779e-12 2.001e-12 1.556e-12 2.001e-12 8.894e-13 8.894e-13 1.556e-12 6.671e-13 6.671e-13 6.671e-13 1.112e-12
4.447e-13 1.112e-12 8.894e-13 4.447e-13 1.112e-12 1.112e-12 1.334e-12 3.558e-12 5.781e-12 5.114e-12 3.558e-12 3.113e-12 2.891e-12 2.001e-12 1.779e-12 8.894e-13 1.334e-12 1.112e-12 1.334e-12 6.671e-13
1.112e-12 8.894e-13 1.334e-12 1.334e-12 1.334e-12 2.001e-12 4.225e-12 8.894e-12 7.782e-12 1.468e-11 1.490e-11 1.156e-11 1.112e-11 6.671e-12 3.780e-12 2.224e-12 1.556e-12 3.558e-12 1.556e-12 2.224e-12
1.556e-12 1.556e-12 1.779e-12 3.780e-12 3.113e-12 2.668e-12 9.784e-12 1.534e-11 3.024e-11 5.092e-11 3.847e-11 3.135e-11 2.913e-11 1.156e-11 7.782e-12 5.114e-12 4.002e-12 3.335e-12 3.335e-12 2.668e-12
1.779e-12 3.113e-12 3.780e-12 4.892e-12 5.781e-12 5.781e-12 1.734e-11 3.469e-11 7.138e-11 1.107e-10 7.560e-11 5.959e-11 5.492e-11 2.290e-11 1.423e-11 6.448e-12 6.671e-12 4.447e-12 4.447e-12 3.335e-12
4.669e-12 3.335e-12 5.114e-12 6.671e-12 8.450e-12 1.223e-11 2.624e-11 4.425e-11 8.694e-11 1.207e-10 8.272e-11 6.382e-11 5.603e-11 3.491e-11 2.246e-11 1.534e-11 1.245e-11 8.227e-12 6.893e-12 5.114e-12
4.892e-12 4.892e-12 6.671e-12 1.023e-11 1.312e-11 1.423e-11 2.246e-11 3.402e-11 5.270e-11 6.159e-11 5.114e-11 5.025e-11 4.536e-11 3.802e-11 2.957e-11 1.801e-11 1.401e-11 8.894e-12 6.004e-12 8.227e-12
5.781e-12 6.893e-12 5.114e-12 9.561e-12 1.245e-11 1.134e-11 1.935e-11 2.535e-11 3.157e-11 3.291e-11 3.291e-11 3.113e-11 3.602e-11 3.202e-11 2.824e-11 2.602e-11 2.001e-11 1.090e-11 7.782e-12 7.560e-12
6.448e-12 5.337e-12 7.782e-12 6.893e-12 1.356e-11 1.512e-11 1.935e-11 1.690e-11 2.090e-11 2.001e-11 2.424e-11 1.957e-11 2.135e-11 2.246e-11 2.313e-11 2.468e-11 1.601e-11 1.001e-11 8.672e-12 9.784e-12
7.782e-12 6.671e-12 6.226e-12 9.784e-12 1.090e-11 1.112e-11 1.290e-11 1.223e-11 1.445e-11 1.290e-11 1.334e-11 1.201e-11 1.601e-11 1.512e-11 1.712e-11 1.690e-11 1.112e-11 1.334e-11 1.156e-11 1.001e-11
5.781e-12 6.671e-12 7.115e-12 9.117e-12 7.782e-12 7.115e-12 8.894e-12 7.782e-12 9.561e-12 1.334e-11 9.784e-12 1.423e-11 1.112e-11 1.334e-11 1.223e-11 9.561e-12 1.334e-11 9.561e-12 8.227e-12 9.339e-12
3.780e-12 6.226e-12 6.226e-12 5.781e-12 8.005e-12 9.117e-12 7.782e-12 9.784e-12 8.450e-12 1.156e-11 1.090e-11 1.001e-11 9.561e-12 7.115e-12 1.001e-11 7.560e-12 1.312e-11 9.117e-12 1.045e-11 1.468e-11
6.004e-12 5.559e-12 4.225e-12 3.780e-12 9.117e-12 4.892e-12 5.337e-12 6.893e-12 6.004e-12 9.117e-12 8.672e-12 9.561e-12 7.782e-12 7.782e-12 9.339e-12 8.672e-12 8.005e-12 1.045e-11 7.115e-12 1.023e-11
5.781e-12 4.225e-12 4.002e-12 4.892e-12 7.338e-12 6.893e-12 5.114e-12 8.227e-12 7.115e-12 9.339e-12 6.226e-12 7.338e-12 6.226e-12 8.227e-12 5.559e-12 6.226e-12 5.781e-12 5.559e-12 7.782e-12 6.671e-12
4.002e-12 3.558e-12 5.781e-12 6.226e-12 5.559e-12 4.225e-12 6.226e-12 4.447e-12 5.559e-12 7.560e-12 6.226e-12 6.448e-12 5.781e-12 6.226e-12 5.559e-12 6.671e-12 5.337e-12 6.226e-12 5.337e-12 7.115e-12
5.337e-12 4.002e-12 3.335e-12 4.447e-12 5.781e-12 5.559e-12 6.448e-12 4.447e-12 6.004e-12 6.893e-12 3.558e-12 4.892e-12 4.225e-12 7.115e-12 4.892e-12 4.669e-12 3.558e-12 5.781e-12 6.671e-12 5.337e-12
4.669e-12 4.669e-12 3.335e-12 3.558e-12 6.226e-12 3.558e-12 4.225e-12 4.669e-12 4.892e-12 3.780e-12 4.447e-12 6.004e-12 5.114e-12 5.114e-12 4.447e-12 2.891e-12 5.337e-12 3.335e-12 4.447e-12 4.892e-12
# 2D Marginal for parameters depth and Pyz with ranges 2.0002e+03 6.9979e+03 and -9.9985e+06 9.9993e+06
4.447e-13 2.223e-13 8.894e-13 4.447e-13 6.670e-13 2.223e-13 1.112e-12 8.894e-13 8.894e-13 0.000e+00 1.112e-12 8.894e-13 1.334e-12 2.223e-13 2.223e-13 1.112e-12 8.894e-13 4.447e-13 4.447e-13 4.447e-13
0.000e+00 6.670e-13 6.670e-13 2.223e-13 1.556e-12 8.894e-13 1.334e-12 1.112e-12 1.112e-12 6.670e-13 0.000e+00 8.894e-13 4.447e-13 2.223e-13 1.112e-12 6.670e-13 1.112e-12 6.670e-13 4.447e-13 0.000e+00
8.894e-13 8.894e-13 1.112e-12 1.112e-12 6.670e-13 4.447e-13 6.670e-13 1.779e-12 1.112e-12 1.334e-12 4.447e-13 1.112e-12 1.112e-12 4.447e-13 2.223e-13 2.223e-13 8.894e-13 4.447e-13 4.447e-13 6.670e-13
8.894e-13 4.447e-13 6.670e-13 1.112e-12 1.556e-12 4.447e-13 1.334e-12 2.223e-12 2.001e-12 1.556e-12 2.001e-12 3.113e-12 2.001e-12 6.670e-13 8.894e-13 8.894e-13 2.223e-13 6.670e-13 8.894e-13 2.223e-13
1.556e-12 1.112e-12 6.670e-13 1.334e-12 2.001e-12 1.334e-12 2.223e-12 1.779e-12 4.002e-12 5.559e-12 4.225e-12 4.892e-12 2.668e-12 2.446e-12 4.447e-13 6.670e-13 2.223e-13 1.334e-12 8.894e-13 2.223e-13
1.556e-12 1.112e-12 1.779e-12 2.223e-12 2.223e-12 3.780e-12 4.447e-12 8.004e-12 1.490e-11 1.245e-11 1.534e-11 1.512e-11 9.116e-12 2.891e-12 2.668e-12 1.334e-12 1.556e-12 6.670e-13 4.447e-13 1.112e-12
2.446e-12 1.112e-12 2.891e-12 2.446e-12 4.447e-12 6.003e-12 1.089e-11 2.468e-11 3.135e-11 3.891e-11 5.003e-11 4.336e-11 1.845e-11 9.339e-12 4.002e-12 2.001e-12 1.556e-12 1.334e-12 1.112e-12 1.112e-12
2.001e-12 2.891e-12 4.002e-12 4.669e-12 7.337e-12 9.561e-12 1.801e-11 4.269e-11 4.780e-11 8.227e-11 1.218e-10 9.583e-11 3.291e-11 1.934e-11 7.337e-12 4.892e-12 2.891e-12 2.668e-12 1.334e-12 1.556e-12
2.668e-12 3.780e-12 5.559e-12 8.227e-12 1.312e-11 1.890e-11 2.846e-11 4.892e-11 6.270e-11 1.025e-10 1.376e-10 1.014e-10 4.024e-11 2.490e-11 1.290e-11 6.893e-12 2.446e-12 2.223e-12 2.001e-12 1.112e-12
4.669e-12 5.781e-12 4.669e-12 1.267e-11 1.134e-11 2.068e-11 3.558e-11 4.625e-11 4.580e-11 7.071e-11 7.671e-11 5.648e-11 3.602e-11 3.024e-11 1.423e-11 9.783e-12 4.225e-12 2.891e-12 2.223e-12 3.335e-12
4.892e-12 4.225e-12 6.226e-12 1.045e-11 1.312e-11 2.335e-11 3.469e-11 3.936e-11 3.558e-11 4.736e-11 5.003e-11 3.469e-11 3.002e-11 2.046e-11 1.445e-11 6.893e-12 7.337e-12 3.335e-12 2.891e-12 3.558e-12
7.115e-12 6.670e-12 7.115e-12 8.672e-12 1.445e-11 2.046e-11 2.424e-11 2.802e-11 2.824e-11 3.224e-11 3.224e-11 2.290e-11 2.268e-11 1.712e-11 1.267e-11 7.782e-12 5.781e-12 5.114e-12 4.892e-12 3.780e-12
5.336e-12 6.226e-12 7.560e-12 1.067e-11 1.134e-11 1.312e-11 2.201e-11 1.957e-11 2.157e-11 1.979e-11 1.868e-11 1.979e-11 1.779e-11 1.001e-11 1.045e-11 8.449e-12 4.447e-12 5.781e-12 3.335e-12 5.559e-12
9.561e-12 6.226e-12 5.781e-12 7.337e-12 1.023e-11 1.423e-11 1.245e-11 1.668e-11 1.490e-11 1.801e-11 1.112e-11 1.112e-11 1.379e-11 8.227e-12 7.782e-12 8.227e-12 4.447e-12 4.447e-12 4.892e-12 4.447e-12
9.561e-12 8.672e-12 6.670e-12 9.561e-12 9.561e-12 9.783e-12 9.116e-12 1.267e-11 1.134e-11 1.445e-11 1.356e-11 1.178e-11 1.156e-11 8.004e-12 7.560e-12 6.003e-12 4.892e-12 4.225e-12 4.669e-12 5.559e-12
4.447e-12 6.893e-12 7.560e-12 8.894e-12 8.004e-12 8.894e-12 1.001e-11 1.023e-11 1.089e-11 9.783e-12 6.448e-12 8.227e-12 8.672e-12 8.894e-12 6.670e-12 5.114e-12 4.669e-12 4.225e-12 4.002e-12 6.003e-12
6.226e-12 8.227e-12 8.227e-12 6.893e-12 8.004e-12 6.448e-12 7.115e-12 8.227e-12 7.560e-12 9.561e-12 8.672e-12 6.893e-12 8.672e-12 6.670e-12 3.335e-12 3.558e-12 4.002e-12 2.223e-12 3.780e-12 4.225e-12
7.560e-12 5.559e-12 6.448e-12 4.892e-12 6.448e-12 7.337e-12 6.003e-12 8.449e-12 5.781e-12 8.227e-12 3.558e-12 6.448e-12 5.559e-12 6.226e-12 4.225e-12 5.559e-12 4.669e-12 3.335e-12 3.113e-12 4.669e-12
6.670e-12 4.892e-12 4.225e-12 6.226e-12 7.782e-12 6.448e-12 6.670e-12 5.781e-12 7.782e-12 6.448e-12 6.003e-12 6.003e-12 4.669e-12 4.002e-12 3.558e-12 3.780e-12 3.335e-12 3.780e-12 1.556e-12 3.335e-12
6.893e-12 6.893e-12 4.669e-12 4.225e-12 6.670e-12 4.669e-12 4.892e-12 5.559e-12 4.002e-12 5.114e-12 4.225e-12 6.003e-12 4.892e-12 4.002e-12 2.668e-12 3.780e-12 2.446e-12 1.779e-12 2.891e-12 3.335e-12
# 2D Marginal for parameters depth and Pzx with ranges 2.0002e+03 6.9979e+03 and -9.9915e+06 9.9954e+06
4.449e-13 1.112e-12 2.225e-13 0.000e+00 4.449e-13 4.449e-13 8.899e-13 2.225e-13 6.674e-13 6.674e-13 1.557e-12 6.674e-13 6.674e-13 4.449e-13 2.225e-13 2.225e-13 1.112e-12 1.112e-12 8.899e-13 8.899e-13
2.225e-13 4.449e-13 0.000e+00 6.674e-13 2.225e-13 6.674e-13 1.112e-12 8.899e-13 1.112e-12 6.674e-13 1.112e-12 6.674e-13 8.899e-13 8.899e-13 6.674e-13 2.225e-13 2.002e-12 0.000e+00 4.449e-13 8.899e-13
6.674e-13 1.112e-12 2.225e-13 4.449e-13 2.002e-12 6.674e-13 6.674e-13 8.899e-13 1.112e-12 1.557e-12 2.002e-12 1.112e-12 8.899e-13 4.449e-13 0.000e+00 2.225e-13 4.449e-13 4.449e-13 4.449e-13 6.674e-13
8.899e-13 2.225e-13 1.557e-12 1.557e-12 6.674e-13 6.674e-13 8.899e-13 8.899e-13 2.670e-12 1.557e-12 2.892e-12 2.002e-12 2.447e-12 1.112e-12 4.449e-13 1.112e-12 2.225e-13 6.674e-13 4.449e-13 8.899e-13
8.899e-13 8.899e-13 6.674e-13 4.449e-13 8.899e-13 4.449e-13 2.447e-12 4.004e-12 4.672e-12 8.009e-12 4.672e-12 3.337e-12 1.557e-12 4.449e-13 8.899e-13 8.899e-13 8.899e-13 6.674e-13 1.335e-12 1.557e-12
4.449e-13 6.674e-13 6.674e-13 1.112e-12 1.335e-12 1.557e-12 3.337e-12 6.674e-12 1.958e-11 2.647e-11 2.447e-11 4.894e-12 1.557e-12 1.557e-12 2.670e-12 1.335e-12 4.449e-13 1.112e-12 1.112e-12 1.780e-12
2.225e-13 1.557e-12 4.449e-13 1.335e-12 8.899e-13 2.670e-12 5.562e-12 1.624e-11 4.828e-11 8.565e-11 5.784e-11 2.002e-11 6.229e-12 3.559e-12 1.780e-12 1.557e-12 1.780e-12 2.225e-13 1.335e-12 4.449e-13
8.899e-13 8.899e-13 8.899e-13 2.002e-12 2.670e-12 4.004e-12 8.009e-12 1.891e-11 9.655e-11 1.935e-10 1.186e-10 3.493e-11 1.402e-11 5.117e-12 3.337e-12 2.225e-12 1.335e-12 6.674e-13 1.335e-12 2.225e-12
1.112e-12 1.780e-12 1.112e-12 1.335e-12 3.782e-12 5.117e-12 1.090e-11 3.270e-11 1.034e-10 2.051e-10 1.584e-10 5.450e-11 1.913e-11 1.001e-11 4.449e-12 5.784e-12 2.225e-12 2.225e-12 1.780e-12 2.002e-12
1.335e-12 1.335e-12 1.557e-12 2.447e-12 2.892e-12 5.339e-12 1.424e-11 3.048e-11 7.920e-11 1.250e-10 1.152e-10 5.339e-11 2.469e-11 1.246e-11 1.023e-11 4.227e-12 4.004e-12 2.670e-12 2.002e-12 1.780e-12
2.447e-12 2.225e-12 1.780e-12 2.225e-12 3.782e-12 7.786e-12 9.789e-12 2.603e-11 6.051e-11 8.365e-11 7.875e-11 4.783e-11 2.647e-11 1.335e-11 8.454e-12 5.117e-12 5.562e-12 2.225e-12 2.225e-12 2.892e-12
1.780e-12 1.557e-12 2.225e-12 2.002e-12 4.227e-12 7.119e-12 1.112e-11 2.091e-11 4.427e-11 5.139e-11 5.317e-11 4.093e-11 2.603e-11 1.535e-11 1.157e-11 6.896e-12 4.449e-12 2.670e-12 2.225e-12 2.447e-12
2.447e-12 1.557e-12 3.559e-12 2.225e-12 3.559e-12 7.564e-12 9.121e-12 1.958e-11 3.026e-11 3.915e-11 3.404e-11 2.536e-11 1.958e-11 1.268e-11 9.566e-12 8.231e-12 3.337e-12 3.337e-12 2.892e-12 3.559e-12
2.670e-12 2.892e-12 2.892e-12 2.892e-12 7.119e-12 7.564e-12 7.564e-12 1.468e-11 1.891e-11 2.358e-11 2.469e-11 2.113e-11 1.379e-11 1.246e-11 9.566e-12 6.007e-12 5.117e-12 4.227e-12 2.892e-12 3.337e-12
2.447e-12 2.670e-12 5.117e-12 4.449e-12 5.562e-12 7.564e-12 8.676e-12 1.735e-11 2.002e-11 2.269e-11 1.735e-11 1.535e-11 1.468e-11 8.676e-12 5.784e-12 6.452e-12 3.559e-12 3.337e-12 3.782e-12 3.782e-12
4.227e-12 3.782e-12 3.559e-12 3.782e-12 6.674e-12 5.562e-12 1.224e-11 1.179e-11 1.513e-11 1.135e-11 1.313e-11 1.157e-11 1.135e-11 6.896e-12 5.562e-12 7.119e-12 3.337e-12 3.115e-12 4.004e-12 4.449e-12
3.115e-12 3.115e-12 3.337e-12 3.337e-12 4.449e-12 7.119e-12 1.090e-11 1.179e-11 1.157e-11 1.179e-11 1.023e-11 7.341e-12 8.231e-12 6.007e-12 7.786e-12 5.117e-12 5.339e-12 2.670e-12 1.557e-12 3.782e-12
3.782e-12 4.004e-12 3.115e-12 3.115e-12 4.672e-12 5.562e-12 7.119e-12 1.135e-11 9.344e-12 6.229e-12 1.023e-11 8.899e-12 8.231e-12 6.229e-12 5.562e-12 3.559e-12 2.447e-12 4.449e-12 2.002e-12 4.227e-12
3.782e-12 2.447e-12 1.780e-12 4.227e-12 7.341e-12 6.229e-12 7.119e-12 8.454e-12 6.229e-12 8.454e-12 7.119e-12 8.009e-12 6.674e-12 6.896e-12 4.894e-12 2.447e-12 1.557e-12 3.559e-12 3.559e-12 2.225e-12
2.892e-12 2.670e-12 3.115e-12 3.337e-12 4.004e-12 4.449e-12 6.896e-12 7.786e-12 7.341e-12 6.229e-12 4.894e-12 7.119e-12 3.337e-12 4.004e-12 4.227e-12 5.339e-12 3.115e-12 2.670e-12 2.670e-12 3.559e-12
# 2D Marginal for parameters Pxx and Pyy with ranges 1.0082e+06 9.9942e+07 and 1.0155e+06 9.9956e+07
7.741e-16 1.246e-15 1.230e-15 1.108e-15 7.197e-16 5.244e-16 2.656e-16 1.680e-16 8.854e-17 6.130e-17 4.767e-17 3.632e-17 3.405e-17 2.497e-17 1.362e-17 2.724e-17 1.135e-17 4.540e-18 1.135e-17 2.043e-17
9.149e-16 1.828e-15 2.182e-15 1.671e-15 1.003e-15 5.925e-16 3.700e-16 2.043e-16 1.044e-16 6.357e-17 5.676e-17 4.086e-17 2.497e-17 1.362e-17 1.589e-17 2.497e-17 1.135e-17 1.362e-17 6.811e-18 2.497e-17
6.470e-16 1.367e-15 2.114e-15 1.728e-15 1.049e-15 5.766e-16 3.428e-16 1.566e-16 1.317e-16 6.811e-17 6.357e-17 3.405e-17 2.497e-17 2.724e-17 1.362e-17 9.081e-18 1.135e-17 1.362e-17 3.405e-17 1.589e-17
4.018e-16 6.538e-16 1.033e-15 1.169e-15 6.765e-16 4.790e-16 2.384e-16 1.816e-16 1.203e-16 9.989e-17 3.859e-17 3.178e-17 2.951e-17 2.270e-17 2.043e-17 2.951e-17 1.816e-17 2.043e-17 1.816e-17 1.362e-17
2.679e-16 3.201e-16 3.973e-16 4.858e-16 4.313e-16 2.860e-16 1.907e-16 1.181e-16 9.762e-17 6.130e-17 7.265e-17 4.767e-17 3.632e-17 3.859e-17 2.724e-17 1.589e-17 2.724e-17 1.816e-17 1.362e-17 2.043e-17
1.339e-16 1.385e-16 1.793e-16 1.771e-16 2.043e-16 1.703e-16 1.135e-16 1.498e-16 8.627e-17 4.994e-17 6.130e-17 2.497e-17 3.632e-17 2.951e-17 2.497e-17 2.951e-17 1.362e-17 1.135e-17 1.135e-17 1.816e-17
9.535e-17 1.249e-16 1.226e-16 1.226e-16 1.203e-16 1.181e-16 1.090e-16 1.158e-16 7.719e-17 6.357e-17 5.449e-17 4.313e-17 3.178e-17 1.816e-17 3.405e-17 1.816e-17 2.951e-17 1.589e-17 1.135e-17 1.589e-17
4.994e-17 7.719e-17 5.449e-17 7.946e-17 8.173e-17 7.946e-17 6.811e-17 6.811e-17 8.173e-17 4.767e-17 2.497e-17 3.405e-17 3.632e-17 1.362e-17 1.816e-17 1.135e-17 3.405e-17 2.497e-17 2.724e-17 1.589e-17
5.222e-17 5.222e-17 4.994e-17 6.584e-17 2.951e-17 8.400e-17 4.767e-17 5.449e-17 4.767e-17 3.859e-17 4.994e-17 2.951e-17 3.859e-17 2.951e-17 3.632e-17 2.497e-17 2.043e-17 2.724e-17 1.589e-17 1.362e-17
3.632e-17 4.994e-17 2.043e-17 5.222e-17 4.767e-17 4.086e-17 5.222e-17 3.405e-17 2.724e-17 2.951e-17 3.859e-17 3.178e-17 3.405e-17 3.178e-17 2.043e-17 1.589e-17 2.270e-17 4.540e-18 1.589e-17 1.135e-17
2.724e-17 1.135e-17 3.859e-17 2.497e-17 4.313e-17 2.497e-17 2.497e-17 2.043e-17 2.497e-17 2.043e-17 1.135e-17 2.951e-17 2.724e-17 1.816e-17 4.540e-18 9.081e-18 1.135e-17 9.081e-18 6.811e-18 2.270e-17
2.043e-17 2.951e-17 2.270e-17 1.589e-17 3.405e-17 2.951e-17 2.497e-17 4.086e-17 2.043e-17 2.951e-17 2.951e-17 1.816e-17 1.362e-17 2.497e-17 1.135e-17 9.081e-18 2.497e-17 2.951e-17 2.497e-17 1.362e-17
3.405e-17 1.135e-17 1.362e-17 2.497e-17 2.043e-17 3.632e-17 1.816e-17 3.178e-17 1.135e-17 2.043e-17 3.178e-17 1.589e-17 2.497e-17 1.816e-17 2.497e-17 2.043e-17 1.362e-17 9.081e-18 1.135e-17 6.811e-18
1.589e-17 2.270e-17 2.043e-17 2.043e-17 3.859e-17 1.816e-17 2.497e-17 2.270e-17 2.270e-17 1.135e-17 2.270e-17 2.724e-17 1.589e-17 1.135e-17 1.816e-17 2.270e-17 1.362e-17 6.811e-18 1.362e-17 9.081e-18
1.362e-17 2.724e-17 6.811e-18 1.589e-17 1.816e-17 1.589e-17 1.589e-17 1.816e-17 6.811e-18 1.589e-17 2.951e-17 9.081e-18 1.362e-17 1.816e-17 1.362e-17 1.135e-17 6.811e-18 2.270e-17 1.135e-17 4.540e-18
9.081e-18 9.081e-18 2.951e-17 6.811e-18 4.540e-18 2.724e-17 2.497e-17 1.816e-17 6.811e-18 2.724e-17 1.816e-17 2.043e-17 6.811e-18 2.497e-17 4.540e-18 1.816e-17 1.135e-17 2.270e-18 6.811e-18 6.811e-18
1.816e-17 6.811e-18 1.135e-17 4.540e-18 6.811e-18 2.497e-17 1.362e-17 1.362e-17 1.816e-17 9.081e-18 1.589e-17 1.362e-17 1.362e-17 4.540e-18 1.362e-17 1.362e-17 1.362e-17 1.589e-17 9.081e-18 9.081e-18
9.081e-18 4.540e-18 1.362e-17 2.270e-18 9.081e-18 1.816e-17 4.540e-18 6.811e-18 1.362e-17 9.081e-18 1.362e-17 2.724e-17 1.362e-17 9.081e-18 1.135e-17 1.362e-17 6.811e-18 2.270e-17 9.081e-18 1.135e-17
1.362e-17 1.135e-17 9.081e-18 1.816e-17 9.081e-18 1.816e-17 2.270e-17 1.589e-17 1.589e-17 9.081e-18 1.816e-17 2.043e-17 1.589e-17 1.362e-17 2.497e-17 4.540e-18 4.540e-18 1.135e-17 1.362e-17 4.540e-18
1.589e-17 1.816e-17 2.270e-18 1.135e-17 1.135e-17 9.081e-18 1.135e-17 9.081e-18 9.081e-18 6.811e-18 1.135e-17 1.362e-17 1.135e-17 2.497e-17 1.135e-17 1.816e-17 1.589e-17 6.811e-18 6.811e-18 6.811e-18
# 2D Marginal for parameters Pxx and Pzz with ranges 1.0082e+06 9.9942e+07 and 1.0489e+06 9.9922e+07
1.817e-17 4.544e-17 9.087e-17 5.793e-16 1.599e-15 1.504e-15 1.118e-15 5.793e-16 3.521e-16 1.545e-16 1.340e-16 6.588e-17 7.497e-17 2.953e-17 1.590e-17 1.363e-17 2.045e-17 6.815e-18 4.544e-18 1.590e-17
2.272e-17 4.771e-17 1.522e-16 8.701e-16 2.842e-15 2.379e-15 1.202e-15 7.270e-16 3.567e-16 2.090e-16 1.431e-16 6.815e-17 3.408e-17 2.726e-17 3.408e-17 1.817e-17 1.136e-17 9.087e-18 1.363e-17 6.815e-18
2.726e-17 3.180e-17 1.227e-16 7.906e-16 2.778e-15 2.065e-15 9.837e-16 6.497e-16 3.839e-16 2.499e-16 1.113e-16 7.724e-17 6.134e-17 2.953e-17 2.499e-17 1.363e-17 4.544e-18 1.136e-17 1.136e-17 4.544e-18
1.590e-17 5.452e-17 7.043e-17 4.589e-16 1.361e-15 1.252e-15 7.270e-16 4.862e-16 3.135e-16 1.545e-16 1.272e-16 7.270e-17 5.907e-17 5.225e-17 1.817e-17 4.544e-18 2.272e-17 1.363e-17 2.045e-17 1.590e-17
1.590e-17 2.272e-17 4.998e-17 2.045e-16 4.975e-16 5.134e-16 4.566e-16 3.567e-16 2.499e-16 1.613e-16 1.477e-16 9.087e-17 5.907e-17 4.089e-17 2.953e-17 3.180e-17 2.499e-17 1.363e-17 4.544e-18 4.544e-18
1.136e-17 1.817e-17 2.272e-17 1.045e-16 1.340e-16 2.544e-16 2.113e-16 1.863e-16 1.931e-16 1.181e-16 1.318e-16 9.314e-17 5.452e-17 3.635e-17 2.272e-17 2.499e-17 1.363e-17 1.363e-17 6.815e-18 1.363e-17
1.363e-17 1.136e-17 2.499e-17 5.679e-17 9.769e-17 9.996e-17 1.636e-16 1.431e-16 1.636e-16 1.477e-16 1.454e-16 7.497e-17 7.951e-17 3.180e-17 3.635e-17 1.817e-17 1.590e-17 1.136e-17 4.544e-18 2.272e-18
1.363e-17 1.817e-17 2.272e-17 2.726e-17 4.089e-17 7.951e-17 6.815e-17 9.541e-17 8.860e-17 1.068e-16 9.996e-17 5.907e-17 5.452e-17 5.225e-17 3.408e-17 2.726e-17 1.590e-17 9.087e-18 9.087e-18 6.815e-18
1.817e-17 1.363e-17 1.136e-17 3.635e-17 3.862e-17 2.499e-17 5.907e-17 6.361e-17 6.588e-17 7.270e-17 7.043e-17 7.497e-17 6.134e-17 6.361e-17 4.089e-17 2.272e-17 4.089e-17 9.087e-18 1.136e-17 9.087e-18
4.544e-18 6.815e-18 1.817e-17 1.817e-17 1.136e-17 3.408e-17 4.089e-17 3.862e-17 7.043e-17 5.907e-17 5.452e-17 6.134e-17 4.998e-17 4.089e-17 2.045e-17 1.590e-17 2.272e-17 9.087e-18 2.045e-17 2.045e-17
4.544e-18 9.087e-18 6.815e-18 2.272e-17 1.136e-17 2.272e-17 2.272e-17 2.272e-17 3.635e-17 3.180e-17 4.771e-17 5.225e-17 6.815e-18 3.180e-17 1.817e-17 1.590e-17 9.087e-18 9.087e-18 1.590e-17 1.363e-17
1.817e-17 1.136e-17 2.272e-18 6.815e-18 1.817e-17 1.817e-17 1.817e-17 3.180e-17 3.408e-17 4.089e-17 4.998e-17 4.544e-17 2.499e-17 3.408e-17 2.499e-17 2.272e-17 1.590e-17 9.087e-18 2.953e-17 1.136e-17
1.363e-17 9.087e-18 2.272e-17 6.815e-18 1.363e-17 9.087e-18 1.590e-17 2.499e-17 2.726e-17 2.499e-17 2.499e-17 3.862e-17 4.316e-17 2.499e-17 2.726e-17 1.136e-17 1.590e-17 1.363e-17 1.363e-17 1.817e-17
2.272e-18 4.544e-18 1.136e-17 6.815e-18 9.087e-18 1.363e-17 1.817e-17 2.953e-17 2.953e-17 2.045e-17 2.499e-17 2.499e-17 3.862e-17 3.408e-17 2.499e-17 2.272e-17 1.590e-17 1.590e-17 1.817e-17 1.363e-17
9.087e-18 1.136e-17 2.272e-18 1.136e-17 1.136e-17 6.815e-18 1.363e-17 1.136e-17 2.045e-17 2.272e-17 1.817e-17 1.817e-17 2.726e-17 1.817e-17 2.499e-17 2.045e-17 1.817e-17 1.590e-17 9.087e-18 4.544e-18
2.272e-18 1.136e-17 4.544e-18 9.087e-18 6.815e-18 1.363e-17 1.136e-17 6.815e-18 1.590e-17 1.363e-17 1.363e-17 2.272e-17 1.817e-17 1.817e-17 2.045e-17 2.499e-17 2.499e-17 2.045e-17 1.817e-17 6.815e-18
4.544e-18 9.087e-18 4.544e-18 9.087e-18 6.815e-18 4.544e-18 1.590e-17 1.136e-17 1.590e-17 1.136e-17 1.590e-17 1.590e-17 1.363e-17 9.087e-18 2.045e-17 3.408e-17 6.815e-18 9.087e-18 1.590e-17 1.590e-17
2.272e-18 1.136e-17 4.544e-18 1.136e-17 6.815e-18 4.544e-18 9.087e-18 4.544e-18 6.815e-18 9.087e-18 1.363e-17 9.087e-18 1.590e-17 3.180e-17 1.817e-17 2.499e-17 1.590e-17 1.136e-17 4.544e-18 1.363e-17
2.272e-18 1.590e-17 9.087e-18 9.087e-18 0.000e+00 1.136e-17 1.363e-17 2.045e-17 1.136e-17 1.363e-17 1.590e-17 1.590e-17 2.045e-17 1.590e-17 2.272e-17 1.590e-17 1.817e-17 6.815e-18 1.136e-17 2.499e-17
4.544e-18 1.136e-17 0.000e+00 9.087e-18 9.087e-18 1.363e-17 2.272e-17 2.272e-17 9.087e-18 1.590e-17 1.136e-17 9.087e-18 1.817e-17 2.272e-17 9.087e-18 1.363e-17 1.136e-17 2.272e-18 9.087e-18 6.815e-18
# 2D Marginal for parameters Pxx and Pxy with ranges 1.0082e+06 9.9942e+07 and -9.9998e+06 9.9971e+06
3.033e-16 3.257e-16 4.605e-16 4.830e-16 7.751e-16 8.986e-16 1.573e-15 1.831e-15 2.741e-15 3.078e-15 3.055e-15 2.876e-15 2.774e-15 2.651e-15 2.123e-15 1.943e-15 1.303e-15 1.033e-15 7.301e-16 7.975e-16
3.707e-16 4.718e-16 4.718e-16 5.279e-16 9.772e-16 9.997e-16 1.752e-15 2.932e-15 4.774e-15 6.740e-15 5.156e-15 5.021e-15 4.066e-15 2.853e-15 2.303e-15 1.775e-15 1.393e-15 1.157e-15 8.088e-16 8.088e-16
3.931e-16 3.707e-16 4.156e-16 6.290e-16 9.997e-16 1.045e-15 1.528e-15 2.426e-15 4.695e-15 7.593e-15 5.145e-15 3.999e-15 3.909e-15 2.202e-15 1.865e-15 1.258e-15 1.191e-15 6.964e-16 6.852e-16 6.515e-16
4.156e-16 4.493e-16 4.044e-16 6.403e-16 7.189e-16 7.414e-16 1.258e-15 1.887e-15 3.055e-15 3.516e-15 2.943e-15 1.853e-15 2.202e-15 1.404e-15 1.213e-15 8.649e-16 9.660e-16 5.841e-16 4.942e-16 5.953e-16
3.482e-16 2.471e-16 3.370e-16 4.605e-16 6.178e-16 5.504e-16 7.863e-16 1.078e-15 1.258e-15 1.505e-15 1.146e-15 1.078e-15 1.179e-15 7.975e-16 6.515e-16 5.729e-16 4.718e-16 5.167e-16 5.616e-16 5.504e-16
2.134e-16 2.359e-16 2.471e-16 3.594e-16 4.942e-16 3.257e-16 3.931e-16 4.493e-16 5.504e-16 6.515e-16 5.392e-16 5.953e-16 4.942e-16 4.605e-16 4.718e-16 4.044e-16 2.808e-16 3.931e-16 3.707e-16 3.033e-16
2.022e-16 2.247e-16 2.359e-16 3.145e-16 3.370e-16 2.471e-16 3.482e-16 3.594e-16 3.370e-16 3.594e-16 3.482e-16 4.044e-16 4.381e-16 4.605e-16 2.359e-16 3.594e-16 3.931e-16 2.696e-16 2.808e-16 4.830e-16
2.134e-16 1.011e-16 2.247e-16 2.359e-16 1.236e-16 2.247e-16 2.471e-16 2.471e-16 3.370e-16 3.370e-16 2.471e-16 3.145e-16 1.573e-16 3.370e-16 1.910e-16 2.134e-16 1.797e-16 1.685e-16 1.910e-16 3.033e-16
2.134e-16 1.348e-16 1.573e-16 1.573e-16 1.797e-16 1.460e-16 2.359e-16 1.685e-16 1.573e-16 2.359e-16 2.359e-16 2.808e-16 1.797e-16 2.584e-16 2.920e-16 2.359e-16 1.123e-16 1.685e-16 2.247e-16 2.247e-16
1.460e-16 1.011e-16 1.236e-16 1.123e-16 1.348e-16 1.236e-16 1.685e-16 1.910e-16 2.471e-16 1.460e-16 1.573e-16 1.460e-16 1.797e-16 1.348e-16 1.348e-16 1.011e-16 2.247e-16 1.797e-16 1.797e-16 1.236e-16
1.573e-16 1.573e-16 8.986e-17 1.236e-16 1.236e-16 8.986e-17 1.236e-16 3.370e-17 1.011e-16 1.573e-16 7.863e-17 6.740e-17 1.348e-16 7.863e-17 6.740e-17 6.740e-17 8.986e-17 6.740e-17 1.236e-16 1.011e-16
1.348e-16 1.573e-16 1.011e-16 5.616e-17 1.573e-16 7.863e-17 1.011e-16 1.348e-16 6.740e-17 8.986e-17 1.348e-16 1.348e-16 1.460e-16 1.011e-16 1.797e-16 1.123e-16 1.123e-16 1.236e-16 7.863e-17 1.123e-16
6.740e-17 1.236e-16 6.740e-17 8.986e-17 1.236e-16 1.573e-16 1.348e-16 7.863e-17 7.863e-17 1.236e-16 1.123e-16 1.348e-16 1.236e-16 8.986e-17 6.740e-17 1.011e-16 6.740e-17 4.493e-17 5.616e-17 1.348e-16
1.573e-16 1.348e-16 5.616e-17 1.348e-16 7.863e-17 1.011e-16 1.123e-16 1.011e-16 7.863e-17 4.493e-17 3.370e-17 1.123e-16 7.863e-17 1.011e-16 1.011e-16 1.123e-16 8.986e-17 7.863e-17 8.986e-17 7.863e-17
4.493e-17 8.986e-17 8.986e-17 8.986e-17 8.986e-17 1.123e-17 4.493e-17 1.348e-16 8.986e-17 1.011e-16 5.616e-17 7.863e-17 8.986e-17 5.616e-17 4.493e-17 2.247e-17 8.986e-17 5.616e-17 7.863e-17 1.011e-16
1.011e-16 4.493e-17 1.011e-16 6.740e-17 2.247e-17 6.740e-17 6.740e-17 1.011e-16 6.740e-17 5.616e-17 6.740e-17 6.740e-17 6.740e-17 1.011e-16 8.986e-17 5.616e-17 6.740e-17 8.986e-17 7.863e-17 2.247e-17
1.123e-17 4.493e-17 8.986e-17 2.247e-17 7.863e-17 6.740e-17 5.616e-17 6.740e-17 2.247e-17 7.863e-17 5.616e-17 8.986e-17 5.616e-17 1.348e-16 4.493e-17 6.740e-17 6.740e-17 4.493e-17 2.247e-17 1.123e-16
7.863e-17 8.986e-17 4.493e-17 6.740e-17 7.863e-17 4.493e-17 8.986e-17 6.740e-17 3.370e-17 3.370e-17 4.493e-17 0.000e+00 5.616e-17 5.616e-17 8.986e-17 6.740e-17 4.493e-17 2.247e-17 1.011e-16 2.247e-17
3.370e-17 6.740e-17 6.740e-17 7.863e-17 5.616e-17 5.616e-17 3.370e-17 6.740e-17 5.616e-17 8.986e-17 1.236e-16 7.863e-17 1.011e-16 3.370e-17 6.740e-17 6.740e-17 7.863e-17 7.863e-17 4.493e-17 7.863e-17
5.616e-17 3.370e-17 3.370e-17 4.493e-17 5.616e-17 7.863e-17 4.493e-17 8.986e-17 6.740e-17 4.493e-17 6.740e-17 4.493e-17 6.740e-17 7.863e-17 7.863e-17 6.740e-17 3.370e-17 8.986e-17 3.370e-17 3.370e-17
# 2D Marginal for parameters Pxx and Pyz with ranges 1.0082e+06 9.9942e+07 and -9.9985e+06 9.9993e+06
3.931e-16 5.279e-16 4.717e-16 8.873e-16 1.213e-15 1.775e-15 2.516e-15 3.639e-15 3.853e-15 4.931e-15 4.279e-15 3.246e-15 1.550e-15 1.146e-15 4.156e-16 3.257e-16 1.572e-16 1.685e-16 1.123e-16 1.460e-16
3.707e-16 4.044e-16 6.402e-16 9.997e-16 1.179e-15 1.921e-15 2.965e-15 4.560e-15 5.088e-15 7.357e-15 7.829e-15 5.425e-15 2.707e-15 1.269e-15 8.761e-16 6.627e-16 3.707e-16 2.920e-16 2.583e-16 1.797e-16
4.493e-16 4.942e-16 5.953e-16 7.413e-16 1.123e-15 1.460e-15 2.392e-15 3.358e-15 3.864e-15 5.740e-15 7.290e-15 6.739e-15 2.988e-15 1.752e-15 1.146e-15 6.178e-16 3.707e-16 2.246e-16 1.685e-16 1.797e-16
3.594e-16 3.819e-16 5.391e-16 5.841e-16 6.739e-16 9.660e-16 1.382e-15 1.629e-15 1.921e-15 2.954e-15 4.661e-15 3.538e-15 2.370e-15 1.685e-15 9.435e-16 4.942e-16 3.931e-16 3.033e-16 2.022e-16 2.246e-16
4.381e-16 3.707e-16 3.370e-16 4.942e-16 5.391e-16 5.953e-16 7.301e-16 9.435e-16 1.090e-15 1.101e-15 1.842e-15 1.449e-15 1.449e-15 8.424e-16 8.761e-16 6.964e-16 3.482e-16 1.236e-16 2.696e-16 1.797e-16
3.370e-16 3.033e-16 2.808e-16 4.717e-16 5.279e-16 4.381e-16 3.594e-16 5.504e-16 3.931e-16 5.616e-16 6.290e-16 6.852e-16 6.402e-16 5.953e-16 3.370e-16 3.033e-16 2.808e-16 1.572e-16 1.460e-16 2.359e-16
3.370e-16 2.696e-16 2.808e-16 3.370e-16 4.044e-16 3.145e-16 3.033e-16 4.493e-16 3.931e-16 5.054e-16 4.044e-16 4.493e-16 4.717e-16 3.482e-16 2.359e-16 2.359e-16 1.572e-16 2.359e-16 2.134e-16 2.920e-16
2.808e-16 3.370e-16 1.685e-16 2.471e-16 1.572e-16 2.246e-16 2.246e-16 2.471e-16 3.145e-16 2.583e-16 2.359e-16 2.920e-16 3.033e-16 2.583e-16 2.246e-16 1.797e-16 1.572e-16 1.797e-16 1.011e-16 2.022e-16
2.696e-16 2.022e-16 1.909e-16 1.460e-16 2.471e-16 2.808e-16 2.246e-16 3.033e-16 1.348e-16 1.797e-16 2.583e-16 2.359e-16 2.471e-16 2.246e-16 1.460e-16 1.460e-16 1.685e-16 1.460e-16 1.460e-16 1.011e-16
1.909e-16 1.572e-16 1.236e-16 1.236e-16 1.797e-16 1.909e-16 1.123e-16 1.572e-16 2.134e-16 1.348e-16 2.022e-16 1.685e-16 1.909e-16 1.348e-16 1.572e-16 1.460e-16 1.348e-16 1.236e-16 1.011e-16 1.123e-16
8.986e-17 1.011e-16 6.739e-17 8.986e-17 1.123e-16 4.493e-17 1.685e-16 1.909e-16 1.572e-16 1.123e-16 1.011e-16 8.986e-17 7.862e-17 1.348e-16 8.986e-17 6.739e-17 7.862e-17 5.616e-17 6.739e-17 1.348e-16
1.236e-16 4.493e-17 1.236e-16 5.616e-17 1.797e-16 1.685e-16 1.348e-16 1.236e-16 1.236e-16 1.011e-16 1.011e-16 1.123e-16 1.123e-16 2.134e-16 6.739e-17 8.986e-17 1.236e-16 1.460e-16 1.011e-16 6.739e-17
1.685e-16 8.986e-17 1.123e-16 8.986e-17 5.616e-17 7.862e-17 1.236e-16 1.460e-16 6.739e-17 6.739e-17 8.986e-17 1.348e-16 8.986e-17 8.986e-17 5.616e-17 8.986e-17 1.123e-16 1.011e-16 7.862e-17 1.348e-16
1.123e-16 8.986e-17 2.246e-17 6.739e-17 1.123e-16 4.493e-17 1.460e-16 3.370e-17 8.986e-17 1.460e-16 1.572e-16 1.123e-16 1.011e-16 1.236e-16 5.616e-17 7.862e-17 7.862e-17 7.862e-17 8.986e-17 1.348e-16
5.616e-17 1.236e-16 6.739e-17 7.862e-17 7.862e-17 8.986e-17 7.862e-17 1.123e-16 6.739e-17 8.986e-17 8.986e-17 7.862e-17 4.493e-17 1.011e-16 6.739e-17 3.370e-17 3.370e-17 3.370e-17 2.246e-17 1.123e-16
8.986e-17 7.862e-17 7.862e-17 5.616e-17 6.739e-17 5.616e-17 3.370e-17 1.236e-16 7.862e-17 8.986e-17 1.123e-16 7.862e-17 4.493e-17 1.348e-16 7.862e-17 3.370e-17 1.123e-17 3.370e-17 4.493e-17 7.862e-17
6.739e-17 6.739e-17 5.616e-17 6.739e-17 8.986e-17 6.739e-17 7.862e-17 5.616e-17 1.011e-16 5.616e-17 4.493e-17 7.862e-17 8.986e-17 1.123e-17 4.493e-17 4.493e-17 4.493e-17 2.246e-17 5.616e-17 8.986e-17
5.616e-17 4.493e-17 8.986e-17 4.493e-17 4.493e-17 5.616e-17 4.493e-17 3.370e-17 1.011e-16 6.739e-17 4.493e-17 6.739e-17 7.862e-17 1.236e-16 4.493e-17 4.493e-17 1.123e-17 6.739e-17 4.493e-17 2.246e-17
7.862e-17 3.370e-17 8.986e-17 3.370e-17 4.493e-17 8.986e-17 1.123e-16 7.862e-17 6.739e-17 7.862e-17 7.862e-17 5.616e-17 1.236e-16 5.616e-17 4.493e-17 7.862e-17 4.493e-17 4.493e-17 6.739e-17 5.616e-17
4.493e-17 4.493e-17 7.862e-17 5.616e-17 6.739e-17 7.862e-17 5.616e-17 7.862e-17 3.370e-17 6.739e-17 3.370e-17 4.493e-17 8.986e-17 6.739e-17 2.246e-17 5.616e-17 5.616e-17 6.739e-17 4.493e-17 5.616e-17
# 2D Marginal for parameters Pxx and Pzx with ranges 1.0082e+06 9.9942e+07 and -9.9915e+06 9.9954e+06
1.461e-16 8.991e-17 1.573e-16 1.349e-16 3.259e-16 5.844e-16 1.180e-15 2.742e-15 5.889e-15 8.597e-15 5.754e-15 2.776e-15 1.326e-15 6.968e-16 3.371e-16 2.922e-16 2.360e-16 1.124e-16 1.349e-16 2.585e-16
8.991e-17 1.124e-16 1.236e-16 1.573e-16 2.922e-16 6.293e-16 1.259e-15 2.944e-15 8.429e-15 1.318e-14 9.654e-15 3.787e-15 1.944e-15 1.124e-15 6.968e-16 2.922e-16 2.585e-16 1.573e-16 1.124e-16 1.349e-16
1.573e-16 1.573e-16 1.461e-16 1.236e-16 2.135e-16 5.619e-16 9.777e-16 2.191e-15 6.462e-15 1.250e-14 9.642e-15 4.079e-15 1.877e-15 9.665e-16 5.394e-16 3.596e-16 2.360e-16 1.349e-16 1.910e-16 2.023e-16
1.124e-16 1.011e-16 1.573e-16 2.023e-16 3.371e-16 3.371e-16 6.855e-16 1.596e-15 3.652e-15 5.956e-15 6.001e-15 2.854e-15 1.506e-15 8.091e-16 7.192e-16 4.608e-16 2.135e-16 2.248e-16 1.461e-16 1.461e-16
1.461e-16 1.011e-16 1.236e-16 1.573e-16 2.810e-16 4.608e-16 5.619e-16 9.328e-16 1.461e-15 2.450e-15 2.720e-15 1.888e-15 1.236e-15 6.631e-16 5.282e-16 3.034e-16 2.810e-16 1.798e-16 8.991e-17 1.573e-16
1.236e-16 7.867e-17 5.619e-17 1.011e-16 2.922e-16 3.371e-16 4.158e-16 6.069e-16 8.091e-16 1.000e-15 1.169e-15 8.766e-16 5.731e-16 4.832e-16 3.933e-16 3.034e-16 1.910e-16 1.686e-16 1.349e-16 1.236e-16
1.349e-16 1.236e-16 1.686e-16 1.011e-16 2.922e-16 3.034e-16 3.484e-16 4.720e-16 6.406e-16 6.743e-16 6.406e-16 6.406e-16 4.945e-16 4.046e-16 2.922e-16 2.248e-16 1.798e-16 2.135e-16 1.461e-16 1.461e-16
8.991e-17 1.124e-16 1.236e-16 1.349e-16 2.472e-16 2.585e-16 2.810e-16 3.147e-16 3.709e-16 2.810e-16 4.046e-16 3.259e-16 3.371e-16 2.922e-16 2.697e-16 2.360e-16 1.349e-16 1.236e-16 1.461e-16 1.124e-16
1.349e-16 7.867e-17 1.124e-16 2.472e-16 1.910e-16 2.360e-16 2.135e-16 3.259e-16 2.585e-16 2.023e-16 2.810e-16 2.922e-16 2.585e-16 3.034e-16 2.023e-16 2.697e-16 5.619e-17 1.124e-16 6.743e-17 1.573e-16
1.124e-16 1.236e-16 7.867e-17 1.011e-16 1.686e-16 1.349e-16 2.135e-16 1.910e-16 2.810e-16 1.349e-16 2.697e-16 2.248e-16 1.349e-16 1.124e-16 1.686e-16 1.349e-16 1.011e-16 8.991e-17 1.236e-16 1.573e-16
5.619e-17 7.867e-17 4.495e-17 7.867e-17 5.619e-17 8.991e-17 1.910e-16 1.461e-16 1.349e-16 1.349e-16 8.991e-17 1.686e-16 1.349e-16 7.867e-17 1.124e-16 1.124e-16 8.991e-17 8.991e-17 8.991e-17 5.619e-17
6.743e-17 1.349e-16 1.124e-16 6.743e-17 7.867e-17 4.495e-17 4.495e-17 8.991e-17 1.124e-16 2.135e-16 1.573e-16 1.910e-16 2.360e-16 6.743e-17 6.743e-17 1.573e-16 1.461e-16 2.248e-17 1.236e-16 1.798e-16
1.349e-16 3.371e-17 1.236e-16 1.011e-16 1.236e-16 8.991e-17 6.743e-17 1.124e-16 1.124e-16 1.686e-16 8.991e-17 1.011e-16 6.743e-17 8.991e-17 6.743e-17 5.619e-17 7.867e-17 1.349e-16 7.867e-17 1.461e-16
3.371e-17 1.011e-16 7.867e-17 5.619e-17 1.124e-16 6.743e-17 1.011e-16 5.619e-17 1.461e-16 8.991e-17 2.135e-16 8.991e-17 8.991e-17 8.991e-17 1.011e-16 1.461e-16 4.495e-17 1.011e-16 8.991e-17 6.743e-17
5.619e-17 7.867e-17 5.619e-17 1.349e-16 7.867e-17 5.619e-17 7.867e-17 6.743e-17 8.991e-17 1.124e-16 5.619e-17 7.867e-17 8.991e-17 4.495e-17 5.619e-17 6.743e-17 7.867e-17 5.619e-17 3.371e-17 8.991e-17
4.495e-17 7.867e-17 2.248e-17 5.619e-17 7.867e-17 4.495e-17 7.867e-17 1.573e-16 1.461e-16 8.991e-17 4.495e-17 3.371e-17 5.619e-17 5.619e-17 1.236e-16 1.011e-16 6.743e-17 3.371e-17 5.619e-17 3.371e-17
3.371e-17 5.619e-17 6.743e-17 4.495e-17 5.619e-17 4.495e-17 8.991e-17 5.619e-17 1.349e-16 1.124e-16 6.743e-17 4.495e-17 5.619e-17 8.991e-17 5.619e-17 3.371e-17 6.743e-17 6.743e-17 2.248e-17 3.371e-17
7.867e-17 4.495e-17 7.867e-17 4.495e-17 2.248e-17 8.991e-17 5.619e-17 7.867e-17 7.867e-17 4.495e-17 4.495e-17 4.495e-17 7.867e-17 4.495e-17 4.495e-17 7.867e-17 4.495e-17 2.248e-17 2.248e-17 8.991e-17
8.991e-17 8.991e-17 3.371e-17 6.743e-17 8.991e-17 3.371e-17 7.867e-17 8.991e-17 7.867e-17 1.011e-16 7.867e-17 4.495e-17 1.124e-16 1.124e-17 1.124e-16 2.248e-17 6.743e-17 2.248e-17 6.743e-17 6.743e-17
1.124e-17 8.991e-17 4.495e-17 5.619e-17 5.619e-17 4.495e-17 7.867e-17 4.495e-17 5.619e-17 6.743e-17 2.248e-17 1.011e-16 2.248e-17 6.743e-17 4.495e-17 8.991e-17 6.743e-17 5.619e-17 8.991e-17 3.371e-17
# 2D Marginal for parameters Pyy and Pzz with ranges 1.0155e+06 9.9956e+07 and 1.0489e+06 9.9922e+07
2.953e-17 5.225e-17 1.227e-16 5.611e-16 9.314e-16 6.928e-16 4.362e-16 2.522e-16 1.454e-16 8.632e-17 7.042e-17 4.998e-17 2.499e-17 1.817e-17 2.499e-17 1.817e-17 2.272e-17 0.000e+00 4.543e-18 9.086e-18
2.499e-17 6.361e-17 1.295e-16 8.496e-16 2.299e-15 1.222e-15 5.565e-16 3.044e-16 2.385e-16 1.113e-16 6.133e-17 3.862e-17 2.726e-17 2.044e-17 1.136e-17 6.815e-18 1.363e-17 1.136e-17 1.363e-17 9.086e-18
2.272e-17 2.953e-17 1.272e-16 8.450e-16 2.937e-15 1.899e-15 7.883e-16 3.498e-16 1.931e-16 1.181e-16 7.724e-17 3.635e-17 3.635e-17 3.180e-17 1.817e-17 1.363e-17 9.086e-18 6.815e-18 9.086e-18 6.815e-18
2.499e-17 3.862e-17 7.724e-17 4.725e-16 2.031e-15 2.079e-15 9.450e-16 4.293e-16 2.567e-16 1.181e-16 1.113e-16 4.770e-17 4.543e-17 2.953e-17 2.272e-17 2.272e-17 1.590e-17 2.044e-17 9.086e-18 1.136e-17
9.086e-18 9.086e-18 4.770e-17 2.113e-16 7.042e-16 1.258e-15 9.155e-16 5.724e-16 2.908e-16 1.772e-16 1.363e-16 7.724e-17 4.316e-17 2.953e-17 2.726e-17 1.817e-17 2.272e-18 4.543e-18 4.543e-18 2.272e-17
4.543e-18 1.363e-17 2.272e-17 9.086e-17 2.862e-16 5.702e-16 7.269e-16 5.656e-16 3.203e-16 1.795e-16 1.204e-16 9.086e-17 3.862e-17 4.998e-17 1.817e-17 2.272e-17 1.363e-17 1.363e-17 1.590e-17 1.136e-17
1.136e-17 1.817e-17 1.817e-17 4.770e-17 8.632e-17 2.658e-16 3.703e-16 3.862e-16 2.612e-16 1.681e-16 1.113e-16 7.042e-17 5.906e-17 3.407e-17 2.953e-17 1.817e-17 4.543e-18 1.136e-17 1.136e-17 2.272e-18
1.136e-17 3.407e-17 1.363e-17 4.543e-17 5.225e-17 1.431e-16 1.567e-16 1.863e-16 2.476e-16 1.681e-16 1.363e-16 6.588e-17 5.906e-17 5.225e-17 1.136e-17 1.363e-17 2.044e-17 9.086e-18 1.363e-17 9.086e-18
6.815e-18 1.590e-17 1.363e-17 1.817e-17 2.953e-17 6.815e-17 8.632e-17 1.227e-16 1.704e-16 1.204e-16 1.090e-16 7.269e-17 5.225e-17 2.953e-17 1.817e-17 2.726e-17 1.817e-17 9.086e-18 1.136e-17 1.363e-17
6.815e-18 1.590e-17 6.815e-18 1.136e-17 1.363e-17 2.953e-17 5.679e-17 9.541e-17 7.724e-17 7.269e-17 9.995e-17 6.588e-17 5.225e-17 4.543e-17 2.953e-17 2.044e-17 1.363e-17 1.136e-17 1.363e-17 4.543e-18
1.363e-17 2.272e-17 1.590e-17 1.590e-17 2.499e-17 2.044e-17 3.407e-17 6.361e-17 7.269e-17 7.951e-17 8.632e-17 6.588e-17 5.225e-17 3.180e-17 4.770e-17 2.726e-17 4.543e-18 4.543e-18 1.136e-17 1.590e-17
2.272e-18 9.086e-18 9.086e-18 1.363e-17 4.543e-18 1.817e-17 1.817e-17 4.543e-17 3.180e-17 5.679e-17 6.815e-17 5.225e-17 5.906e-17 4.316e-17 2.953e-17 3.635e-17 1.363e-17 1.136e-17 1.136e-17 1.590e-17
4.543e-18 1.363e-17 4.543e-18 6.815e-18 2.272e-17 6.815e-18 2.953e-17 2.499e-17 3.635e-17 2.953e-17 5.452e-17 4.998e-17 3.862e-17 4.089e-17 2.726e-17 1.363e-17 3.407e-17 1.817e-17 1.817e-17 9.086e-18
9.086e-18 6.815e-18 4.543e-18 6.815e-18 1.363e-17 6.815e-18 1.363e-17 2.272e-17 1.590e-17 4.543e-17 2.953e-17 3.180e-17 5.225e-17 3.635e-17 3.635e-17 3.180e-17 1.817e-17 9.086e-18 1.136e-17 1.590e-17
4.543e-18 4.543e-18 9.086e-18 4.543e-18 1.136e-17 6.815e-18 1.817e-17 2.272e-17 2.272e-17 2.953e-17 3.407e-17 4.089e-17 2.726e-17 2.953e-17 9.086e-18 1.817e-17 2.726e-17 1.363e-17 6.815e-18 2.272e-17
4.543e-18 9.086e-18 6.815e-18 1.817e-17 6.815e-18 9.086e-18 1.136e-17 1.590e-17 1.590e-17 1.363e-17 2.499e-17 4.543e-17 3.407e-17 2.272e-17 2.953e-17 1.817e-17 2.044e-17 4.543e-18 2.726e-17 9.086e-18
1.136e-17 0.000e+00 2.272e-18 9.086e-18 1.136e-17 2.272e-18 6.815e-18 2.044e-17 2.499e-17 9.086e-18 2.272e-17 2.499e-17 3.407e-17 3.180e-17 2.272e-17 2.499e-17 2.272e-17 6.815e-18 2.044e-17 1.363e-17
9.086e-18 4.543e-18 0.000e+00 9.086e-18 1.590e-17 1.136e-17 9.086e-18 6.815e-18 4.543e-18 2.272e-17 1.136e-17 2.726e-17 2.272e-17 1.136e-17 2.953e-17 2.272e-17 3.180e-17 1.590e-17 1.817e-17 6.815e-18
6.815e-18 9.086e-18 6.815e-18 4.543e-18 4.543e-18 6.815e-18 1.136e-17 9.086e-18 9.086e-18 2.044e-17 1.590e-17 1.136e-17 2.953e-17 3.180e-17 2.499e-17 1.136e-17 2.499e-17 2.272e-17 9.086e-18 9.086e-18
6.815e-18 4.543e-18 1.590e-17 6.815e-18 6.815e-18 6.815e-18 0.000e+00 1.590e-17 9.086e-18 1.136e-17 2.044e-17 2.499e-17 2.726e-17 2.499e-17 2.044e-17 1.136e-17 1.363e-17 1.590e-17 1.136e-17 1.136e-17
# 2D Marginal for parameters Pyy and Pxy with ranges 1.0155e+06 9.9956e+07 and -9.9998e+06 9.9971e+06
4.268e-16 3.819e-16 5.504e-16 6.851e-16 1.112e-15 1.022e-15 1.662e-15 1.303e-15 1.921e-15 2.314e-15 1.292e-15 1.045e-15 6.851e-16 7.076e-16 5.279e-16 4.156e-16 4.493e-16 3.482e-16 3.257e-16 3.931e-16
3.482e-16 4.156e-16 5.504e-16 7.638e-16 9.435e-16 1.258e-15 1.786e-15 2.550e-15 3.853e-15 5.189e-15 3.819e-15 2.561e-15 1.528e-15 8.873e-16 8.873e-16 6.178e-16 4.830e-16 4.830e-16 4.043e-16 4.043e-16
3.370e-16 3.707e-16 3.482e-16 5.841e-16 8.424e-16 8.199e-16 1.584e-15 2.718e-15 4.987e-15 7.537e-15 5.066e-15 3.707e-15 3.033e-15 1.921e-15 1.056e-15 7.862e-16 6.065e-16 3.482e-16 4.156e-16 2.920e-16
2.920e-16 3.257e-16 3.145e-16 5.279e-16 5.504e-16 6.627e-16 1.056e-15 1.876e-15 3.459e-15 4.863e-15 3.931e-15 3.999e-15 4.156e-15 2.269e-15 1.516e-15 1.325e-15 9.772e-16 5.616e-16 5.054e-16 4.942e-16
2.583e-16 2.134e-16 2.920e-16 3.707e-16 4.717e-16 4.043e-16 6.851e-16 1.089e-15 1.763e-15 1.707e-15 2.011e-15 2.190e-15 2.819e-15 2.190e-15 1.864e-15 1.314e-15 1.101e-15 7.413e-16 5.054e-16 5.616e-16
1.797e-16 2.583e-16 2.134e-16 2.022e-16 2.471e-16 2.246e-16 4.380e-16 7.188e-16 6.739e-16 9.996e-16 1.033e-15 1.191e-15 1.775e-15 1.494e-15 1.483e-15 1.303e-15 1.157e-15 7.188e-16 6.739e-16 7.188e-16
2.246e-16 1.909e-16 1.685e-16 2.022e-16 2.808e-16 2.022e-16 2.583e-16 4.380e-16 4.717e-16 4.942e-16 5.616e-16 4.942e-16 7.188e-16 8.761e-16 9.884e-16 8.536e-16 7.188e-16 6.851e-16 5.504e-16 4.380e-16
1.348e-16 1.909e-16 2.583e-16 2.359e-16 2.134e-16 2.022e-16 3.145e-16 1.909e-16 3.594e-16 3.370e-16 4.043e-16 4.268e-16 4.380e-16 5.167e-16 4.830e-16 5.167e-16 5.167e-16 4.942e-16 4.605e-16 4.717e-16
2.359e-16 1.797e-16 1.123e-16 1.797e-16 1.909e-16 1.348e-16 1.797e-16 2.359e-16 2.696e-16 2.359e-16 2.696e-16 3.931e-16 2.022e-16 2.696e-16 4.156e-16 3.033e-16 2.583e-16 3.931e-16 2.022e-16 3.482e-16
1.236e-16 1.460e-16 1.236e-16 8.985e-17 1.572e-16 1.236e-16 1.123e-16 2.134e-16 1.460e-16 2.022e-16 2.134e-16 1.685e-16 2.359e-16 2.808e-16 2.134e-16 2.134e-16 1.572e-16 2.246e-16 1.909e-16 3.370e-16
2.134e-16 1.236e-16 1.685e-16 7.862e-17 1.909e-16 1.572e-16 2.022e-16 1.460e-16 1.011e-16 2.134e-16 2.583e-16 2.246e-16 1.348e-16 1.797e-16 1.797e-16 1.460e-16 2.246e-16 1.348e-16 2.022e-16 2.359e-16
2.134e-16 7.862e-17 1.572e-16 1.572e-16 1.797e-16 1.011e-16 1.123e-16 1.572e-16 1.572e-16 1.572e-16 8.985e-17 1.348e-16 1.348e-16 1.348e-16 1.348e-16 1.572e-16 4.493e-17 1.123e-16 1.123e-16 1.909e-16
1.236e-16 5.616e-17 1.011e-16 6.739e-17 1.236e-16 1.123e-16 7.862e-17 1.348e-16 1.011e-16 1.011e-16 2.246e-16 1.797e-16 1.685e-16 1.236e-16 1.236e-16 5.616e-17 1.348e-16 1.236e-16 1.236e-16 1.348e-16
7.862e-17 1.011e-16 2.246e-17 1.572e-16 1.797e-16 1.236e-16 8.985e-17 1.797e-16 1.236e-16 1.460e-16 1.123e-16 1.460e-16 5.616e-17 7.862e-17 1.011e-16 7.862e-17 6.739e-17 6.739e-17 8.985e-17 6.739e-17
8.985e-17 6.739e-17 1.123e-16 1.123e-16 6.739e-17 1.123e-16 5.616e-17 1.348e-16 8.985e-17 7.862e-17 5.616e-17 8.985e-17 8.985e-17 1.460e-16 7.862e-17 4.493e-17 7.862e-17 7.862e-17 8.985e-17 1.236e-16
1.011e-16 1.236e-16 7.862e-17 5.616e-17 1.011e-16 6.739e-17 1.572e-16 1.011e-16 1.011e-16 7.862e-17 7.862e-17 8.985e-17 8.985e-17 4.493e-17 4.493e-17 4.493e-17 1.123e-16 7.862e-17 6.739e-17 1.011e-16
8.985e-17 8.985e-17 6.739e-17 6.739e-17 1.236e-16 3.370e-17 6.739e-17 6.739e-17 5.616e-17 6.739e-17 7.862e-17 1.685e-16 6.739e-17 8.985e-17 6.739e-17 6.739e-17 3.370e-17 1.011e-16 7.862e-17 1.123e-16
6.739e-17 1.011e-16 8.985e-17 4.493e-17 6.739e-17 8.985e-17 8.985e-17 8.985e-17 4.493e-17 1.236e-16 7.862e-17 8.985e-17 6.739e-17 5.616e-17 3.370e-17 6.739e-17 4.493e-17 6.739e-17 4.493e-17 7.862e-17
6.739e-17 8.985e-17 4.493e-17 5.616e-17 5.616e-17 8.985e-17 7.862e-17 5.616e-17 5.616e-17 1.123e-16 1.011e-16 4.493e-17 5.616e-17 7.862e-17 3.370e-17 7.862e-17 3.370e-17 5.616e-17 1.123e-16 7.862e-17
5.616e-17 1.011e-16 4.493e-17 5.616e-17 1.236e-16 1.123e-16 8.985e-17 4.493e-17 7.862e-17 2.246e-17 6.739e-17 3.370e-17 4.493e-17 4.493e-17 7.862e-17 7.862e-17 5.616e-17 4.493e-17 7.862e-17 5.616e-17
# 2D Marginal for parameters Pyy and Pyz with ranges 1.0155e+06 9.9956e+07 and -9.9985e+06 9.9993e+06
1.123e-16 1.572e-16 1.235e-16 1.348e-16 2.134e-16 2.359e-16 5.503e-16 5.728e-16 1.101e-15 1.673e-15 2.213e-15 2.527e-15 2.213e-15 1.718e-15 1.494e-15 9.210e-16 5.054e-16 4.043e-16 3.369e-16 3.594e-16
1.460e-16 2.246e-16 2.134e-16 1.797e-16 3.145e-16 4.605e-16 6.514e-16 1.123e-15 1.988e-15 4.178e-15 5.750e-15 5.470e-15 2.875e-15 2.336e-15 1.146e-15 7.750e-16 5.953e-16 5.391e-16 2.920e-16 4.717e-16
2.134e-16 1.460e-16 1.797e-16 3.594e-16 4.043e-16 3.931e-16 1.123e-15 2.089e-15 3.414e-15 6.121e-15 9.457e-15 6.155e-15 2.763e-15 1.718e-15 9.097e-16 6.402e-16 4.268e-16 3.257e-16 1.909e-16 3.257e-16
2.583e-16 2.359e-16 2.471e-16 5.054e-16 6.177e-16 1.101e-15 1.943e-15 3.886e-15 4.290e-15 5.413e-15 5.638e-15 4.010e-15 2.314e-15 9.434e-16 6.626e-16 5.166e-16 2.920e-16 2.359e-16 2.808e-16 2.696e-16
2.359e-16 3.257e-16 3.594e-16 6.290e-16 1.022e-15 1.471e-15 2.460e-15 3.313e-15 2.752e-15 2.853e-15 2.190e-15 1.932e-15 1.022e-15 6.851e-16 3.594e-16 2.583e-16 1.909e-16 1.011e-16 2.022e-16 1.909e-16
2.359e-16 2.246e-16 3.819e-16 8.648e-16 1.011e-15 1.494e-15 1.999e-15 1.853e-15 1.741e-15 1.483e-15 1.112e-15 9.547e-16 6.963e-16 4.268e-16 2.246e-16 3.032e-16 2.359e-16 1.235e-16 1.909e-16 1.460e-16
3.482e-16 3.145e-16 4.493e-16 8.199e-16 7.413e-16 1.045e-15 1.089e-15 1.213e-15 7.076e-16 7.188e-16 5.166e-16 5.279e-16 3.257e-16 2.696e-16 1.685e-16 1.235e-16 1.460e-16 5.616e-17 1.572e-16 7.862e-17
2.583e-16 4.156e-16 3.369e-16 4.043e-16 5.953e-16 6.851e-16 5.953e-16 7.188e-16 5.166e-16 5.728e-16 4.717e-16 3.257e-16 2.696e-16 2.134e-16 2.471e-16 1.572e-16 1.348e-16 6.739e-17 7.862e-17 1.011e-16
3.257e-16 3.145e-16 4.380e-16 3.257e-16 4.717e-16 4.268e-16 2.920e-16 3.482e-16 3.706e-16 3.032e-16 1.909e-16 2.920e-16 1.797e-16 1.909e-16 1.123e-16 8.985e-17 5.616e-17 1.011e-16 8.985e-17 8.985e-17
2.134e-16 1.797e-16 3.369e-16 2.583e-16 2.359e-16 3.032e-16 2.471e-16 3.482e-16 2.696e-16 2.359e-16 1.123e-16 1.685e-16 1.348e-16 1.011e-16 1.235e-16 7.862e-17 6.739e-17 1.011e-16 4.493e-17 1.123e-16
3.931e-16 2.134e-16 1.797e-16 3.257e-16 2.696e-16 2.696e-16 2.359e-16 2.022e-16 2.359e-16 1.460e-16 1.572e-16 1.123e-16 2.134e-16 1.348e-16 7.862e-17 4.493e-17 7.862e-17 6.739e-17 1.011e-16 5.616e-17
2.471e-16 3.032e-16 1.460e-16 1.685e-16 2.920e-16 2.022e-16 1.460e-16 2.022e-16 1.123e-16 1.572e-16 1.123e-16 6.739e-17 6.739e-17 8.985e-17 5.616e-17 6.739e-17 7.862e-17 7.862e-17 6.739e-17 5.616e-17
2.583e-16 2.134e-16 1.572e-16 1.572e-16 1.685e-16 1.348e-16 2.246e-16 1.685e-16 1.235e-16 7.862e-17 1.235e-16 1.123e-16 8.985e-17 4.493e-17 7.862e-17 5.616e-17 4.493e-17 4.493e-17 4.493e-17 6.739e-17
2.134e-16 1.011e-16 1.572e-16 1.235e-16 2.022e-16 1.572e-16 1.685e-16 1.123e-16 3.369e-17 1.235e-16 1.235e-16 5.616e-17 1.460e-16 3.369e-17 3.369e-17 6.739e-17 5.616e-17 7.862e-17 1.123e-17 6.739e-17
1.011e-16 1.348e-16 1.572e-16 5.616e-17 1.011e-16 1.348e-16 1.011e-16 1.235e-16 1.011e-16 1.460e-16 8.985e-17 5.616e-17 5.616e-17 3.369e-17 2.246e-17 6.739e-17 1.123e-16 5.616e-17 5.616e-17 8.985e-17
1.572e-16 1.685e-16 1.011e-16 1.235e-16 1.123e-16 7.862e-17 4.493e-17 1.235e-16 1.460e-16 8.985e-17 3.369e-17 4.493e-17 8.985e-17 8.985e-17 5.616e-17 7.862e-17 1.123e-17 4.493e-17 5.616e-17 6.739e-17
1.797e-16 1.685e-16 1.460e-16 8.985e-17 1.235e-16 6.739e-17 4.493e-17 1.348e-16 4.493e-17 6.739e-17 5.616e-17 1.123e-16 4.493e-17 6.739e-17 3.369e-17 4.493e-17 1.123e-17 5.616e-17 3.369e-17 6.739e-17
1.909e-16 1.235e-16 6.739e-17 5.616e-17 3.369e-17 1.123e-16 8.985e-17 6.739e-17 6.739e-17 1.011e-16 5.616e-17 6.739e-17 8.985e-17 6.739e-17 3.369e-17 5.616e-17 4.493e-17 5.616e-17 3.369e-17 2.246e-17
1.460e-16 6.739e-17 1.011e-16 2.246e-17 1.235e-16 7.862e-17 1.011e-16 1.235e-16 5.616e-17 1.011e-16 3.369e-17 3.369e-17 6.739e-17 5.616e-17 4.493e-17 5.616e-17 3.369e-17 1.123e-17 5.616e-17 6.739e-17
7.862e-17 1.348e-16 1.348e-16 6.739e-17 4.493e-17 8.985e-17 7.862e-17 8.985e-17 7.862e-17 3.369e-17 4.493e-17 5.616e-17 1.123e-16 8.985e-17 4.493e-17 2.246e-17 1.123e-17 5.616e-17 1.123e-17 3.369e-17
# 2D Marginal for parameters Pyy and Pzx with ranges 1.0155e+06 9.9956e+07 and -9.9915e+06 9.9954e+06
1.011e-16 8.990e-17 1.011e-16 2.135e-16 1.910e-16 2.135e-16 4.495e-16 1.000e-15 1.944e-15 3.057e-15 3.068e-15 2.461e-15 1.629e-15 1.045e-15 6.630e-16 4.158e-16 3.484e-16 2.135e-16 1.686e-16 2.023e-16
5.619e-17 1.461e-16 8.990e-17 7.866e-17 2.472e-16 2.472e-16 4.495e-16 1.225e-15 3.843e-15 8.147e-15 7.349e-15 3.450e-15 1.596e-15 8.428e-16 6.293e-16 5.169e-16 2.922e-16 2.472e-16 1.461e-16 1.461e-16
1.124e-16 8.990e-17 1.011e-16 1.011e-16 2.023e-16 3.146e-16 6.068e-16 1.495e-15 5.383e-15 1.169e-14 9.496e-15 3.562e-15 1.776e-15 9.215e-16 5.057e-16 3.034e-16 2.135e-16 1.910e-16 1.011e-16 2.135e-16
1.236e-16 1.348e-16 8.990e-17 1.573e-16 2.585e-16 4.495e-16 7.304e-16 1.978e-15 5.888e-15 1.016e-14 7.529e-15 2.967e-15 1.157e-15 6.405e-16 4.832e-16 3.259e-16 2.247e-16 1.798e-16 1.348e-16 6.742e-17
1.124e-16 1.236e-16 1.011e-16 6.742e-17 1.236e-16 4.495e-16 8.878e-16 1.719e-15 4.506e-15 5.720e-15 3.832e-15 1.753e-15 1.023e-15 6.068e-16 4.720e-16 4.045e-16 2.585e-16 1.236e-16 1.236e-16 1.573e-16
1.573e-16 1.124e-16 2.023e-16 2.023e-16 3.146e-16 3.821e-16 6.855e-16 1.551e-15 3.236e-15 2.697e-15 2.270e-15 1.371e-15 8.653e-16 5.169e-16 3.708e-16 3.034e-16 1.348e-16 1.236e-16 1.236e-16 8.990e-17
5.619e-17 8.990e-17 1.573e-16 1.573e-16 2.922e-16 3.821e-16 6.855e-16 1.023e-15 1.405e-15 1.551e-15 1.304e-15 8.878e-16 4.720e-16 3.708e-16 1.798e-16 2.135e-16 1.573e-16 1.348e-16 1.236e-16 1.798e-16
1.011e-16 8.990e-17 1.910e-16 1.348e-16 3.484e-16 3.259e-16 4.045e-16 7.979e-16 9.439e-16 7.641e-16 8.091e-16 5.282e-16 4.383e-16 2.472e-16 3.146e-16 1.910e-16 1.798e-16 8.990e-17 1.011e-16 1.686e-16
1.686e-16 3.371e-17 7.866e-17 1.686e-16 1.686e-16 4.045e-16 3.933e-16 4.832e-16 4.383e-16 5.506e-16 4.383e-16 2.809e-16 3.708e-16 3.146e-16 1.798e-16 1.798e-16 8.990e-17 5.619e-17 1.124e-16 1.011e-16
8.990e-17 8.990e-17 1.011e-16 2.023e-16 2.135e-16 2.809e-16 1.910e-16 4.495e-16 2.585e-16 5.394e-16 2.697e-16 2.247e-16 1.686e-16 1.236e-16 1.573e-16 3.371e-17 8.990e-17 5.619e-17 5.619e-17 7.866e-17
1.124e-16 5.619e-17 6.742e-17 7.866e-17 1.910e-16 3.034e-16 2.585e-16 2.472e-16 3.484e-16 2.809e-16 2.472e-16 2.023e-16 2.472e-16 6.742e-17 2.023e-16 1.686e-16 5.619e-17 7.866e-17 1.236e-16 1.798e-16
7.866e-17 6.742e-17 8.990e-17 7.866e-17 1.236e-16 6.742e-17 2.135e-16 2.135e-16 1.910e-16 2.360e-16 1.011e-16 2.360e-16 1.461e-16 1.124e-16 1.461e-16 1.124e-16 1.236e-16 7.866e-17 1.236e-16 1.798e-16
1.011e-16 4.495e-17 6.742e-17 8.990e-17 7.866e-17 1.461e-16 1.686e-16 2.585e-16 2.135e-16 1.461e-16 1.910e-16 1.236e-16 8.990e-17 1.236e-16 1.124e-16 6.742e-17 4.495e-17 1.011e-16 6.742e-17 1.573e-16
8.990e-17 1.348e-16 7.866e-17 3.371e-17 8.990e-17 1.348e-16 1.461e-16 1.461e-16 1.236e-16 1.910e-16 7.866e-17 1.236e-16 1.348e-16 1.124e-16 1.461e-16 7.866e-17 4.495e-17 3.371e-17 7.866e-17 6.742e-17
5.619e-17 1.236e-16 4.495e-17 7.866e-17 6.742e-17 1.124e-16 1.573e-16 5.619e-17 1.461e-16 6.742e-17 8.990e-17 1.348e-16 6.742e-17 1.236e-16 1.348e-16 6.742e-17 4.495e-17 6.742e-17 4.495e-17 1.124e-16
1.124e-16 1.124e-16 5.619e-17 6.742e-17 1.011e-16 1.124e-17 1.461e-16 1.910e-16 8.990e-17 1.011e-16 7.866e-17 6.742e-17 8.990e-17 7.866e-17 3.371e-17 6.742e-17 6.742e-17 1.236e-16 8.990e-17 3.371e-17
3.371e-17 1.011e-16 7.866e-17 4.495e-17 1.011e-16 7.866e-17 1.348e-16 8.990e-17 1.011e-16 5.619e-17 7.866e-17 8.990e-17 1.686e-16 6.742e-17 4.495e-17 7.866e-17 5.619e-17 6.742e-17 1.011e-16 2.247e-17
4.495e-17 8.990e-17 7.866e-17 4.495e-17 1.686e-16 5.619e-17 7.866e-17 1.011e-16 6.742e-17 4.495e-17 8.990e-17 6.742e-17 6.742e-17 5.619e-17 2.247e-17 3.371e-17 1.236e-16 2.247e-17 6.742e-17 1.124e-16
7.866e-17 7.866e-17 5.619e-17 1.011e-16 6.742e-17 4.495e-17 6.742e-17 8.990e-17 6.742e-17 5.619e-17 2.247e-17 1.124e-17 6.742e-17 8.990e-17 8.990e-17 1.461e-16 4.495e-17 6.742e-17 4.495e-17 8.990e-17
6.742e-17 5.619e-17 7.866e-17 6.742e-17 4.495e-17 4.495e-17 1.461e-16 1.011e-16 1.461e-16 5.619e-17 5.619e-17 1.011e-16 5.619e-17 3.371e-17 4.495e-17 3.371e-17 4.495e-17 6.742e-17 3.371e-17 3.371e-17
# 2D Marginal for parameters Pzz and Pxy with ranges 1.0489e+06 9.9922e+07 and -9.9998e+06 9.9971e+06
6.744e-17 2.248e-17 2.248e-17 5.620e-17 6.744e-17 1.124e-16 2.248e-17 7.868e-17 7.868e-17 3.372e-17 4.496e-17 3.372e-17 7.868e-17 4.496e-17 2.248e-17 4.496e-17 4.496e-17 7.868e-17 4.496e-17 1.124e-16
7.868e-17 5.620e-17 1.461e-16 1.236e-16 1.461e-16 1.012e-16 7.868e-17 8.992e-17 7.868e-17 1.349e-16 8.992e-17 1.236e-16 1.124e-16 1.461e-16 7.868e-17 4.496e-17 6.744e-17 7.868e-17 5.620e-17 2.248e-17
1.012e-16 1.349e-16 7.868e-17 1.686e-16 1.124e-16 1.461e-16 2.585e-16 2.922e-16 3.035e-16 3.484e-16 2.810e-16 1.574e-16 1.798e-16 2.023e-16 4.496e-17 1.124e-16 7.868e-17 6.744e-17 7.868e-17 8.992e-17
2.023e-16 2.248e-16 2.023e-16 4.159e-16 5.170e-16 5.620e-16 1.203e-15 1.551e-15 2.034e-15 3.012e-15 2.068e-15 1.427e-15 8.430e-16 5.395e-16 3.821e-16 2.248e-16 2.360e-16 1.911e-16 1.349e-16 1.012e-16
2.023e-16 2.473e-16 3.821e-16 5.395e-16 8.767e-16 1.057e-15 2.147e-15 3.473e-15 7.148e-15 1.046e-14 7.081e-15 4.900e-15 3.810e-15 1.742e-15 1.124e-15 5.620e-16 4.271e-16 2.810e-16 2.585e-16 2.473e-16
4.608e-16 4.271e-16 3.821e-16 5.170e-16 9.554e-16 9.891e-16 1.585e-15 2.563e-15 4.260e-15 5.305e-15 4.721e-15 5.058e-15 4.912e-15 3.113e-15 2.091e-15 1.304e-15 9.216e-16 7.306e-16 4.271e-16 4.608e-16
4.608e-16 3.484e-16 4.608e-16 6.519e-16 7.193e-16 6.069e-16 9.216e-16 1.158e-15 1.652e-15 1.967e-15 2.001e-15 1.911e-15 2.360e-15 2.338e-15 2.372e-15 1.899e-15 1.495e-15 9.554e-16 7.193e-16 6.856e-16
2.023e-16 3.372e-16 3.597e-16 4.046e-16 6.407e-16 5.732e-16 7.531e-16 6.519e-16 9.891e-16 1.057e-15 1.045e-15 1.012e-15 1.315e-15 1.293e-15 1.439e-15 1.540e-15 1.259e-15 9.104e-16 8.205e-16 7.755e-16
3.259e-16 3.147e-16 3.597e-16 2.248e-16 3.597e-16 4.046e-16 5.283e-16 6.294e-16 5.058e-16 6.969e-16 6.182e-16 6.407e-16 7.531e-16 8.093e-16 7.868e-16 9.554e-16 8.654e-16 8.430e-16 6.631e-16 8.093e-16
3.484e-16 2.360e-16 2.136e-16 2.248e-16 3.372e-16 2.473e-16 2.360e-16 4.383e-16 3.597e-16 4.608e-16 3.147e-16 4.608e-16 5.620e-16 7.081e-16 4.496e-16 5.620e-16 5.058e-16 4.608e-16 4.271e-16 5.507e-16
2.248e-16 2.473e-16 3.035e-16 2.698e-16 2.810e-16 2.248e-16 3.035e-16 3.821e-16 3.934e-16 3.709e-16 2.922e-16 4.159e-16 4.496e-16 4.608e-16 3.709e-16 3.259e-16 4.608e-16 3.597e-16 3.709e-16 4.271e-16
2.473e-16 2.136e-16 1.686e-16 2.248e-16 3.147e-16 2.136e-16 1.911e-16 2.248e-16 2.136e-16 2.473e-16 3.484e-16 2.698e-16 3.147e-16 2.136e-16 2.473e-16 2.360e-16 1.911e-16 1.686e-16 3.035e-16 3.484e-16
2.023e-16 2.023e-16 1.574e-16 2.023e-16 1.686e-16 1.798e-16 2.360e-16 1.574e-16 2.585e-16 1.461e-16 2.136e-16 2.023e-16 2.360e-16 2.248e-16 2.248e-16 1.686e-16 1.911e-16 1.798e-16 2.023e-16 2.810e-16
1.798e-16 1.349e-16 7.868e-17 1.124e-16 2.136e-16 8.992e-17 2.360e-16 1.798e-16 1.686e-16 1.461e-16 2.248e-16 1.461e-16 1.574e-16 7.868e-17 2.136e-16 1.686e-16 1.574e-16 1.012e-16 1.911e-16 2.136e-16
1.124e-16 1.012e-16 1.012e-16 2.023e-16 1.236e-16 2.248e-16 1.012e-16 2.248e-16 5.620e-17 1.236e-16 1.574e-16 1.574e-16 4.496e-17 1.574e-16 1.124e-16 8.992e-17 6.744e-17 6.744e-17 6.744e-17 1.236e-16
8.992e-17 6.744e-17 8.992e-17 1.349e-16 1.349e-16 3.372e-17 1.124e-16 1.012e-16 1.012e-16 1.349e-16 3.372e-17 1.574e-16 1.012e-16 1.349e-16 1.012e-16 7.868e-17 8.992e-17 5.620e-17 1.349e-16 7.868e-17
5.620e-17 7.868e-17 1.012e-16 7.868e-17 5.620e-17 5.620e-17 7.868e-17 1.012e-16 8.992e-17 1.012e-16 5.620e-17 1.012e-16 5.620e-17 6.744e-17 1.124e-16 6.744e-17 6.744e-17 1.012e-16 1.461e-16 1.349e-16
2.248e-17 1.012e-16 2.248e-17 4.496e-17 5.620e-17 3.372e-17 6.744e-17 5.620e-17 6.744e-17 7.868e-17 4.496e-17 6.744e-17 2.248e-17 8.992e-17 5.620e-17 2.248e-17 3.372e-17 7.868e-17 8.992e-17 3.372e-17
7.868e-17 4.496e-17 1.012e-16 5.620e-17 8.992e-17 1.124e-16 1.124e-17 5.620e-17 0.000e+00 1.124e-16 6.744e-17 1.012e-16 4.496e-17 1.124e-17 4.496e-17 3.372e-17 8.992e-17 7.868e-17 3.372e-17 7.868e-17
0.000e+00 6.744e-17 8.992e-17 4.496e-17 5.620e-17 8.992e-17 3.372e-17 4.496e-17 6.744e-17 5.620e-17 5.620e-17 4.496e-17 1.574e-16 2.248e-17 4.496e-17 3.372e-17 1.124e-17 7.868e-17 6.744e-17 6.744e-17
# 2D Marginal for parameters Pzz and Pyz with ranges 1.0489e+06 9.9922e+07 and -9.9985e+06 9.9993e+06
5.620e-17 1.124e-17 2.248e-17 2.248e-17 1.012e-16 2.248e-17 2.248e-17 4.496e-17 4.496e-17 4.496e-17 7.867e-17 1.012e-16 6.743e-17 6.743e-17 7.867e-17 7.867e-17 5.620e-17 6.743e-17 6.743e-17 5.620e-17
4.496e-17 3.372e-17 5.620e-17 5.620e-17 8.991e-17 7.867e-17 7.867e-17 5.620e-17 1.461e-16 1.236e-16 1.124e-16 1.349e-16 1.012e-16 1.124e-16 1.012e-16 8.991e-17 1.124e-16 5.620e-17 1.124e-16 1.573e-16
4.496e-17 6.743e-17 4.496e-17 2.248e-17 3.372e-17 8.991e-17 7.867e-17 7.867e-17 2.585e-16 2.810e-16 4.158e-16 3.709e-16 3.934e-16 3.035e-16 1.911e-16 1.798e-16 1.236e-16 8.991e-17 1.124e-16 5.620e-17
5.620e-17 4.496e-17 1.012e-16 1.461e-16 1.686e-16 1.798e-16 3.147e-16 5.957e-16 8.991e-16 1.933e-15 2.877e-15 3.259e-15 2.057e-15 1.315e-15 7.418e-16 4.383e-16 2.810e-16 2.697e-16 1.573e-16 2.360e-16
5.620e-17 1.911e-16 1.236e-16 2.135e-16 2.697e-16 4.833e-16 1.124e-15 2.439e-15 4.496e-15 7.968e-15 1.158e-14 9.295e-15 3.731e-15 2.192e-15 1.270e-15 6.294e-16 2.023e-16 2.473e-16 1.798e-16 2.810e-16
1.349e-16 2.135e-16 2.135e-16 4.720e-16 7.980e-16 1.349e-15 2.461e-15 4.664e-15 4.945e-15 6.777e-15 7.148e-15 4.664e-15 2.776e-15 1.753e-15 9.441e-16 6.743e-16 4.496e-16 2.697e-16 2.360e-16 2.360e-16
3.372e-16 3.484e-16 4.608e-16 8.205e-16 1.203e-15 1.686e-15 2.697e-15 3.158e-15 2.990e-15 2.787e-15 2.439e-15 1.731e-15 1.517e-15 1.045e-15 7.643e-16 6.069e-16 3.484e-16 2.697e-16 2.248e-16 2.473e-16
4.158e-16 4.383e-16 5.395e-16 1.000e-15 1.012e-15 1.708e-15 1.899e-15 1.843e-15 1.472e-15 1.607e-15 1.124e-15 1.191e-15 7.305e-16 5.844e-16 4.383e-16 4.496e-16 2.810e-16 1.911e-16 1.686e-16 2.810e-16
4.046e-16 6.069e-16 5.957e-16 6.406e-16 6.856e-16 9.553e-16 1.135e-15 1.169e-15 7.980e-16 8.879e-16 6.968e-16 7.193e-16 6.181e-16 6.181e-16 3.035e-16 2.135e-16 2.810e-16 2.248e-16 3.035e-16 2.360e-16
4.833e-16 4.608e-16 3.372e-16 5.732e-16 6.631e-16 4.608e-16 5.282e-16 7.755e-16 5.732e-16 6.181e-16 4.271e-16 3.596e-16 4.496e-16 2.360e-16 2.360e-16 2.023e-16 1.686e-16 1.686e-16 1.573e-16 2.248e-16
3.596e-16 3.934e-16 4.945e-16 5.620e-16 5.395e-16 4.383e-16 5.507e-16 5.732e-16 4.046e-16 3.709e-16 4.158e-16 2.810e-16 2.585e-16 2.810e-16 1.798e-16 2.360e-16 1.798e-16 1.573e-16 1.236e-16 1.349e-16
3.934e-16 3.372e-16 3.934e-16 2.810e-16 4.383e-16 4.271e-16 1.461e-16 3.934e-16 2.360e-16 2.585e-16 2.248e-16 1.573e-16 2.473e-16 1.798e-16 1.573e-16 1.461e-16 1.686e-16 7.867e-17 1.349e-16 1.012e-16
4.158e-16 2.135e-16 2.023e-16 2.585e-16 3.484e-16 2.360e-16 2.810e-16 2.023e-16 2.023e-16 2.023e-16 2.248e-16 2.810e-16 1.573e-16 1.236e-16 1.236e-16 8.991e-17 1.124e-16 1.124e-16 1.349e-16 1.124e-16
2.585e-16 2.585e-16 2.023e-16 1.686e-16 2.023e-16 2.135e-16 2.360e-16 2.023e-16 1.911e-16 2.473e-16 1.911e-16 1.349e-16 1.124e-16 7.867e-17 1.349e-16 1.012e-16 6.743e-17 6.743e-17 4.496e-17 7.867e-17
2.135e-16 1.686e-16 2.585e-16 1.012e-16 2.023e-16 2.023e-16 1.686e-16 1.124e-16 7.867e-17 1.798e-16 1.124e-16 7.867e-17 1.349e-16 1.349e-16 3.372e-17 2.248e-17 7.867e-17 6.743e-17 3.372e-17 3.372e-17
2.360e-16 1.236e-16 8.991e-17 1.012e-16 1.236e-16 7.867e-17 1.686e-16 7.867e-17 1.236e-16 1.124e-16 1.124e-16 1.236e-16 1.573e-16 5.620e-17 6.743e-17 5.620e-17 1.124e-17 4.496e-17 3.372e-17 6.743e-17
1.573e-16 6.743e-17 1.012e-16 3.372e-17 7.867e-17 1.461e-16 1.012e-16 1.573e-16 1.236e-16 1.012e-16 1.124e-16 3.372e-17 5.620e-17 1.012e-16 8.991e-17 5.620e-17 4.496e-17 7.867e-17 1.124e-17 5.620e-17
1.012e-16 3.372e-17 8.991e-17 7.867e-17 4.496e-17 4.496e-17 7.867e-17 5.620e-17 6.743e-17 2.248e-17 7.867e-17 4.496e-17 4.496e-17 3.372e-17 1.124e-17 7.867e-17 5.620e-17 5.620e-17 3.372e-17 3.372e-17
7.867e-17 1.012e-16 4.496e-17 7.867e-17 7.867e-17 8.991e-17 5.620e-17 1.236e-16 4.496e-17 2.248e-17 6.743e-17 5.620e-17 8.991e-17 4.496e-17 4.496e-17 3.372e-17 5.620e-17 3.372e-17 3.372e-17 6.743e-17
6.743e-17 5.620e-17 4.496e-17 4.496e-17 2.248e-17 5.620e-17 6.743e-17 1.012e-16 6.743e-17 6.743e-17 6.743e-17 7.867e-17 7.867e-17 5.620e-17 2.248e-17 4.496e-17 5.620e-17 5.620e-17 3.372e-17 4.496e-17
# 2D Marginal for parameters Pzz and Pzx with ranges 1.0489e+06 9.9922e+07 and -9.9915e+06 9.9954e+06
5.623e-17 3.374e-17 4.498e-17 2.249e-17 7.872e-17 3.374e-17 6.747e-17 3.374e-17 4.498e-17 6.747e-17 4.498e-17 8.996e-17 6.747e-17 6.747e-17 5.623e-17 6.747e-17 5.623e-17 5.623e-17 3.374e-17 8.996e-17
2.249e-17 4.498e-17 1.125e-17 1.012e-16 6.747e-17 6.747e-17 1.012e-16 1.237e-16 1.462e-16 1.799e-16 1.574e-16 1.237e-16 1.237e-16 7.872e-17 1.462e-16 1.125e-16 5.623e-17 8.996e-17 3.374e-17 6.747e-17
2.249e-17 5.623e-17 2.249e-17 8.996e-17 7.872e-17 6.747e-17 1.349e-16 2.361e-16 2.811e-16 6.972e-16 4.835e-16 3.149e-16 2.024e-16 8.996e-17 1.012e-16 4.498e-17 1.012e-16 1.012e-16 5.623e-17 5.623e-17
4.498e-17 4.498e-17 2.249e-17 5.623e-17 6.747e-17 1.462e-16 2.361e-16 6.747e-16 2.530e-15 4.554e-15 3.531e-15 1.867e-15 8.096e-16 4.048e-16 3.036e-16 3.711e-16 1.349e-16 1.125e-16 1.012e-16 6.747e-17
4.498e-17 8.996e-17 6.747e-17 1.349e-16 1.237e-16 2.361e-16 5.847e-16 1.833e-15 7.635e-15 1.613e-14 1.229e-14 4.374e-15 1.473e-15 7.197e-16 4.048e-16 2.699e-16 2.024e-16 8.996e-17 1.125e-16 1.799e-16
1.237e-16 5.623e-17 1.574e-16 8.996e-17 1.687e-16 4.161e-16 8.321e-16 2.170e-15 7.377e-15 1.172e-14 9.603e-15 3.722e-15 1.934e-15 1.192e-15 6.972e-16 3.711e-16 2.361e-16 1.237e-16 1.012e-16 1.125e-16
1.125e-16 7.872e-17 1.125e-16 1.912e-16 2.361e-16 3.598e-16 1.125e-15 2.328e-15 4.228e-15 5.443e-15 4.397e-15 2.800e-15 1.676e-15 9.671e-16 5.398e-16 3.374e-16 2.811e-16 1.687e-16 1.349e-16 1.799e-16
1.237e-16 1.349e-16 1.012e-16 2.137e-16 4.386e-16 6.297e-16 9.558e-16 1.529e-15 2.496e-15 2.856e-15 2.631e-15 1.799e-15 1.214e-15 6.072e-16 5.847e-16 3.486e-16 2.474e-16 6.747e-17 1.687e-16 2.361e-16
1.574e-16 1.237e-16 1.574e-16 1.574e-16 3.486e-16 5.960e-16 5.847e-16 1.158e-15 1.383e-15 1.631e-15 1.574e-15 1.012e-15 1.147e-15 5.623e-16 3.936e-16 4.835e-16 2.586e-16 1.462e-16 1.687e-16 5.623e-17
1.237e-16 1.687e-16 1.574e-16 1.912e-16 2.811e-16 3.711e-16 4.386e-16 8.096e-16 1.001e-15 8.209e-16 7.084e-16 8.321e-16 4.161e-16 4.498e-16 3.711e-16 2.474e-16 1.912e-16 1.574e-16 1.125e-16 2.586e-16
6.747e-17 1.349e-16 1.687e-16 1.912e-16 3.036e-16 4.835e-16 3.823e-16 7.872e-16 7.422e-16 6.185e-16 7.422e-16 3.936e-16 4.611e-16 2.924e-16 2.924e-16 1.912e-16 1.462e-16 1.574e-16 1.799e-16 2.024e-16
2.024e-16 1.912e-16 1.349e-16 2.249e-16 2.474e-16 3.149e-16 3.486e-16 4.273e-16 3.374e-16 3.261e-16 3.823e-16 3.149e-16 2.924e-16 2.024e-16 2.024e-16 1.912e-16 1.237e-16 2.249e-16 5.623e-17 1.574e-16
1.687e-16 8.996e-17 2.137e-16 7.872e-17 2.137e-16 2.024e-16 2.924e-16 2.361e-16 2.924e-16 2.924e-16 3.598e-16 1.799e-16 1.799e-16 2.249e-16 2.586e-16 1.349e-16 1.125e-16 1.237e-16 1.574e-16 2.249e-16
1.574e-16 1.237e-16 7.872e-17 1.012e-16 1.687e-16 1.574e-16 1.574e-16 2.361e-16 1.237e-16 3.149e-16 2.024e-16 2.474e-16 2.249e-16 1.799e-16 1.687e-16 1.462e-16 7.872e-17 1.462e-16 1.012e-16 7.872e-17
7.872e-17 1.012e-16 1.012e-16 4.498e-17 1.237e-16 1.574e-16 2.249e-16 2.249e-16 2.137e-16 1.349e-16 1.012e-16 1.237e-16 1.125e-16 1.462e-16 1.012e-16 5.623e-17 1.237e-16 8.996e-17 5.623e-17 1.012e-16
1.462e-16 6.747e-17 1.012e-16 4.498e-17 1.574e-16 6.747e-17 1.574e-16 1.125e-16 2.361e-16 1.125e-16 7.872e-17 1.574e-16 8.996e-17 5.623e-17 4.498e-17 8.996e-17 5.623e-17 5.623e-17 4.498e-17 8.996e-17
1.125e-16 1.574e-16 5.623e-17 6.747e-17 1.125e-16 2.249e-17 8.996e-17 1.125e-16 8.996e-17 7.872e-17 7.872e-17 5.623e-17 7.872e-17 7.872e-17 6.747e-17 1.125e-16 8.996e-17 8.996e-17 1.125e-16 4.498e-17
1.125e-17 3.374e-17 6.747e-17 6.747e-17 5.623e-17 6.747e-17 1.012e-16 3.374e-17 6.747e-17 3.374e-17 1.125e-17 6.747e-17 3.374e-17 5.623e-17 7.872e-17 3.374e-17 4.498e-17 2.249e-17 1.125e-16 8.996e-17
2.249e-17 6.747e-17 7.872e-17 4.498e-17 7.872e-17 3.374e-17 1.125e-16 7.872e-17 7.872e-17 8.996e-17 1.125e-17 1.012e-16 4.498e-17 6.747e-17 5.623e-17 4.498e-17 4.498e-17 5.623e-17 1.012e-16 3.374e-17
5.623e-17 6.747e-17 5.623e-17 5.623e-17 4.498e-17 2.249e-17 7.872e-17 7.872e-17 5.623e-17 4.498e-17 3.374e-17 7.872e-17 5.623e-17 5.623e-17 6.747e-17 8.996e-17 5.623e-17 4.498e-17 2.249e-17 6.747e-17
# 2D Marginal for parameters Pxy and Pyz with ranges -9.9998e+06 9.9971e+06 and -9.9985e+06 9.9993e+06
7.780e-16 7.224e-16 5.001e-16 1.000e-15 1.167e-15 8.336e-16 8.336e-16 1.167e-15 1.500e-15 1.223e-15 7.780e-16 8.336e-16 7.780e-16 1.667e-15 1.056e-15 7.780e-16 7.224e-16 6.113e-16 5.001e-16 6.668e-16
9.447e-16 8.336e-16 3.890e-16 5.557e-16 1.056e-15 1.000e-15 1.223e-15 8.336e-16 7.224e-16 1.334e-15 1.000e-15 8.891e-16 1.500e-15 1.334e-15 1.334e-15 5.557e-16 5.001e-16 6.668e-16 5.557e-16 6.113e-16
7.224e-16 7.224e-16 4.446e-16 8.891e-16 8.891e-16 9.447e-16 1.556e-15 1.278e-15 1.056e-15 1.000e-15 1.445e-15 9.447e-16 1.556e-15 1.111e-15 7.224e-16 1.056e-15 9.447e-16 5.557e-16 3.334e-16 7.224e-16
9.447e-16 6.113e-16 9.447e-16 6.113e-16 9.447e-16 1.000e-15 1.278e-15 8.891e-16 1.111e-15 1.334e-15 1.223e-15 2.278e-15 2.334e-15 1.889e-15 1.223e-15 1.445e-15 8.336e-16 8.336e-16 7.224e-16 7.780e-16
8.336e-16 1.167e-15 1.167e-15 1.223e-15 1.556e-15 9.447e-16 1.056e-15 1.500e-15 2.167e-15 1.667e-15 1.834e-15 2.556e-15 3.334e-15 2.501e-15 2.612e-15 1.445e-15 1.223e-15 7.224e-16 6.668e-16 6.113e-16
1.278e-15 4.446e-16 1.000e-15 8.336e-16 1.167e-15 1.223e-15 8.336e-16 1.556e-15 1.556e-15 1.834e-15 2.112e-15 2.723e-15 3.612e-15 3.445e-15 2.223e-15 1.667e-15 7.224e-16 6.668e-16 7.224e-16 3.334e-16
1.000e-15 1.223e-15 7.780e-16 6.113e-16 9.447e-16 1.334e-15 2.001e-15 2.056e-15 3.056e-15 3.890e-15 5.390e-15 5.446e-15 4.890e-15 5.390e-15 2.890e-15 1.612e-15 7.780e-16 5.001e-16 7.224e-16 5.001e-16
1.334e-15 5.557e-16 8.891e-16 1.500e-15 1.334e-15 2.056e-15 2.556e-15 3.334e-15 6.113e-15 7.891e-15 9.780e-15 6.946e-15 6.502e-15 4.279e-15 1.389e-15 1.556e-15 1.000e-15 8.336e-16 1.000e-15 7.224e-16
7.780e-16 1.000e-15 9.447e-16 1.223e-15 1.667e-15 1.334e-15 2.945e-15 4.612e-15 7.113e-15 1.628e-14 2.156e-14 1.550e-14 7.224e-15 3.890e-15 2.278e-15 1.667e-15 6.113e-16 7.780e-16 8.336e-16 8.336e-16
1.334e-15 1.167e-15 1.445e-15 1.723e-15 1.389e-15 2.112e-15 3.112e-15 7.002e-15 9.558e-15 2.012e-14 3.118e-14 2.490e-14 8.224e-15 3.501e-15 2.112e-15 1.500e-15 1.056e-15 6.668e-16 8.336e-16 6.668e-16
1.445e-15 1.167e-15 1.111e-15 2.001e-15 2.390e-15 2.501e-15 3.056e-15 6.780e-15 1.000e-14 1.334e-14 1.962e-14 1.928e-14 6.724e-15 2.779e-15 1.667e-15 1.278e-15 6.668e-16 7.224e-16 5.001e-16 6.668e-16
1.556e-15 1.612e-15 1.056e-15 2.445e-15 1.834e-15 2.779e-15 3.612e-15 9.225e-15 1.223e-14 1.345e-14 1.334e-14 8.558e-15 5.335e-15 2.390e-15 1.612e-15 1.000e-15 1.223e-15 1.000e-15 6.668e-16 1.056e-15
8.336e-16 1.612e-15 2.167e-15 1.834e-15 2.390e-15 3.334e-15 5.835e-15 1.289e-14 8.224e-15 1.250e-14 1.095e-14 6.502e-15 4.835e-15 3.223e-15 8.891e-16 1.111e-15 6.668e-16 5.557e-16 4.446e-16 8.336e-16
1.167e-15 1.834e-15 1.278e-15 2.779e-15 3.445e-15 4.223e-15 5.946e-15 6.557e-15 7.113e-15 6.613e-15 6.279e-15 4.279e-15 2.556e-15 1.667e-15 2.167e-15 7.224e-16 7.780e-16 5.557e-16 3.890e-16 9.447e-16
1.111e-15 1.223e-15 1.445e-15 1.556e-15 3.056e-15 3.612e-15 7.391e-15 6.891e-15 5.446e-15 5.001e-15 4.168e-15 3.056e-15 1.667e-15 1.445e-15 1.223e-15 1.000e-15 6.668e-16 5.557e-16 3.334e-16 1.667e-16
6.113e-16 1.000e-15 1.278e-15 1.889e-15 2.390e-15 5.112e-15 5.835e-15 4.557e-15 3.834e-15 3.723e-15 2.723e-15 2.167e-15 1.834e-15 1.389e-15 8.336e-16 6.113e-16 6.668e-16 6.113e-16 3.890e-16 4.446e-16
7.780e-16 8.891e-16 1.500e-15 2.112e-15 2.112e-15 3.223e-15 4.724e-15 4.724e-15 2.445e-15 2.278e-15 2.612e-15 1.945e-15 1.612e-15 8.336e-16 6.113e-16 7.224e-16 8.336e-16 7.224e-16 7.224e-16 5.001e-16
9.447e-16 7.780e-16 1.389e-15 1.000e-15 1.945e-15 2.779e-15 2.723e-15 2.223e-15 2.223e-15 3.223e-15 1.334e-15 1.445e-15 1.334e-15 1.223e-15 9.447e-16 9.447e-16 1.000e-15 3.890e-16 5.001e-16 6.668e-16
1.334e-15 7.780e-16 9.447e-16 1.334e-15 1.445e-15 2.001e-15 1.389e-15 2.167e-15 1.778e-15 2.223e-15 2.001e-15 2.112e-15 1.334e-15 1.389e-15 1.056e-15 7.780e-16 2.779e-16 4.446e-16 3.334e-16 7.780e-16
1.612e-15 1.278e-15 1.167e-15 9.447e-16 2.001e-15 1.889e-15 2.390e-15 2.945e-15 2.556e-15 2.779e-15 1.612e-15 1.834e-15 9.447e-16 7.224e-16 5.001e-16 4.446e-16 3.334e-16 5.001e-16 3.890e-16 1.056e-15
# 2D Marginal for parameters Pxy and Pzx with ranges -9.9998e+06 9.9971e+06 and -9.9915e+06 9.9954e+06
5.560e-16 3.892e-16 4.448e-16 6.116e-16 3.336e-16 5.560e-16 1.056e-15 1.279e-15 1.168e-15 1.390e-15 1.501e-15 1.779e-15 1.334e-15 1.279e-15 1.390e-15 7.228e-16 6.672e-16 3.336e-16 7.228e-16 6.116e-16
5.560e-16 3.892e-16 5.004e-16 3.336e-16 5.560e-16 4.448e-16 1.112e-15 7.228e-16 1.557e-15 1.612e-15 1.779e-15 1.946e-15 1.334e-15 1.168e-15 1.223e-15 3.892e-16 5.560e-16 5.560e-16 5.560e-16 5.560e-16
5.004e-16 3.892e-16 4.448e-16 1.668e-16 5.560e-16 6.672e-16 8.340e-16 1.056e-15 1.390e-15 1.890e-15 2.168e-15 1.724e-15 1.279e-15 1.668e-15 1.056e-15 1.112e-15 8.896e-16 2.780e-16 3.892e-16 4.448e-16
3.336e-16 4.448e-16 3.336e-16 5.560e-16 1.112e-15 5.560e-16 6.672e-16 1.056e-15 1.612e-15 2.113e-15 2.780e-15 3.114e-15 2.724e-15 1.446e-15 1.279e-15 1.056e-15 7.784e-16 6.116e-16 2.224e-16 4.448e-16
7.784e-16 5.560e-16 5.560e-16 6.672e-16 8.340e-16 8.340e-16 1.168e-15 1.168e-15 2.502e-15 2.947e-15 3.447e-15 4.337e-15 3.503e-15 2.168e-15 1.724e-15 1.279e-15 7.784e-16 5.004e-16 4.448e-16 6.116e-16
3.892e-16 3.892e-16 2.780e-16 4.448e-16 7.228e-16 7.784e-16 1.390e-15 2.057e-15 2.558e-15 3.781e-15 4.392e-15 3.558e-15 2.780e-15 1.612e-15 1.001e-15 1.168e-15 6.672e-16 6.672e-16 5.560e-16 7.784e-16
4.448e-16 4.448e-16 4.448e-16 2.224e-16 3.336e-16 9.452e-16 1.168e-15 1.612e-15 4.059e-15 7.784e-15 9.508e-15 6.450e-15 4.226e-15 1.890e-15 1.668e-15 1.168e-15 9.452e-16 3.892e-16 5.004e-16 8.340e-16
3.892e-16 2.780e-16 5.004e-16 5.004e-16 7.784e-16 9.452e-16 1.056e-15 2.669e-15 6.283e-15 1.284e-14 1.490e-14 7.284e-15 4.670e-15 2.558e-15 1.446e-15 1.501e-15 5.560e-16 6.672e-16 1.001e-15 7.784e-16
7.228e-16 2.780e-16 5.004e-16 2.224e-16 7.228e-16 7.228e-16 1.279e-15 3.670e-15 1.251e-14 2.691e-14 2.296e-14 8.952e-15 4.337e-15 2.836e-15 2.446e-15 1.168e-15 8.896e-16 6.672e-16 5.560e-16 7.784e-16
4.448e-16 2.224e-16 5.560e-16 6.116e-16 1.390e-15 1.279e-15 1.890e-15 4.670e-15 1.735e-14 3.825e-14 3.486e-14 1.051e-14 3.892e-15 2.502e-15 1.779e-15 1.001e-15 5.560e-16 4.448e-16 3.892e-16 1.056e-15
3.336e-16 4.448e-16 3.892e-16 4.448e-16 9.452e-16 1.501e-15 1.946e-15 5.504e-15 1.523e-14 3.064e-14 2.224e-14 8.618e-15 3.058e-15 1.724e-15 1.446e-15 7.784e-16 1.001e-15 5.560e-16 5.004e-16 4.448e-16
2.224e-16 6.672e-16 4.448e-16 8.340e-16 7.228e-16 1.501e-15 2.057e-15 5.226e-15 1.373e-14 2.602e-14 1.596e-14 8.284e-15 3.169e-15 1.890e-15 1.001e-15 1.390e-15 3.892e-16 1.056e-15 6.116e-16 8.340e-16
2.780e-16 4.448e-16 6.672e-16 4.448e-16 6.116e-16 1.168e-15 2.891e-15 5.560e-15 1.713e-14 2.307e-14 1.412e-14 5.282e-15 3.558e-15 2.113e-15 1.279e-15 1.001e-15 6.672e-16 6.672e-16 3.336e-16 3.892e-16
3.892e-16 4.448e-16 5.560e-16 7.784e-16 1.001e-15 1.946e-15 3.392e-15 5.894e-15 1.229e-14 1.379e-14 9.007e-15 4.170e-15 2.502e-15 1.334e-15 1.279e-15 6.116e-16 6.672e-16 4.448e-16 4.448e-16 3.892e-16
2.224e-16 6.116e-16 2.780e-16 5.004e-16 7.228e-16 1.890e-15 2.780e-15 6.505e-15 1.068e-14 9.841e-15 6.227e-15 3.781e-15 2.446e-15 1.168e-15 8.340e-16 6.672e-16 5.560e-16 2.224e-16 5.560e-16 5.560e-16
5.560e-16 5.004e-16 3.336e-16 7.784e-16 1.056e-15 1.334e-15 2.057e-15 5.226e-15 8.173e-15 7.339e-15 4.837e-15 3.169e-15 1.890e-15 1.112e-15 1.112e-15 5.560e-16 4.448e-16 5.004e-16 5.004e-16 4.448e-16
5.560e-16 6.672e-16 3.336e-16 6.672e-16 1.001e-15 1.001e-15 2.002e-15 3.225e-15 5.727e-15 6.338e-15 5.282e-15 3.169e-15 1.946e-15 1.056e-15 5.560e-16 8.896e-16 5.560e-16 3.892e-16 3.336e-16 2.224e-16
3.892e-16 6.672e-16 3.336e-16 6.672e-16 1.223e-15 1.334e-15 1.334e-15 3.002e-15 4.114e-15 4.392e-15 4.281e-15 2.057e-15 1.223e-15 9.452e-16 5.560e-16 8.896e-16 3.892e-16 3.892e-16 3.892e-16 4.448e-16
5.004e-16 3.892e-16 7.228e-16 6.672e-16 8.896e-16 1.168e-15 2.113e-15 2.669e-15 3.225e-15 3.336e-15 2.613e-15 2.168e-15 1.334e-15 1.168e-15 5.004e-16 6.116e-16 5.004e-16 2.780e-16 2.780e-16 7.784e-16
6.116e-16 6.116e-16 8.340e-16 6.116e-16 1.279e-15 1.446e-15 2.446e-15 2.613e-15 3.892e-15 3.836e-15 2.168e-15 1.890e-15 1.390e-15 5.004e-16 8.340e-16 5.560e-16 6.116e-16 8.896e-16 4.448e-16 4.448e-16
# 2D Marginal for parameters Pyz and Pzx with ranges -9.9985e+06 9.9993e+06 and -9.9915e+06 9.9954e+06
1.001e-15 5.560e-16 7.784e-16 7.228e-16 1.112e-15 1.557e-15 1.056e-15 1.668e-15 2.224e-15 1.779e-15 1.612e-15 1.890e-15 1.446e-15 7.228e-16 7.784e-16 7.784e-16 2.224e-16 3.336e-16 7.228e-16 3.892e-16
7.784e-16 8.896e-16 8.896e-16 7.228e-16 1.056e-15 1.446e-15 1.390e-15 2.613e-15 1.835e-15 2.502e-15 1.446e-15 1.557e-15 7.228e-16 7.784e-16 3.336e-16 1.668e-16 3.336e-16 2.780e-16 4.448e-16 4.448e-16
2.780e-16 3.336e-16 6.672e-16 5.560e-16 1.168e-15 1.557e-15 2.057e-15 2.335e-15 2.502e-15 2.613e-15 2.057e-15 1.112e-15 1.223e-15 7.784e-16 2.224e-16 6.672e-16 2.224e-16 3.336e-16 6.116e-16 5.560e-16
3.336e-16 2.780e-16 6.116e-16 7.784e-16 1.056e-15 1.501e-15 3.169e-15 3.781e-15 4.059e-15 3.614e-15 3.058e-15 1.446e-15 8.896e-16 8.896e-16 3.892e-16 4.448e-16 1.668e-16 7.228e-16 2.224e-16 6.672e-16
5.560e-16 6.672e-16 5.004e-16 9.452e-16 1.390e-15 1.779e-15 3.280e-15 3.725e-15 4.225e-15 5.226e-15 4.225e-15 2.002e-15 2.057e-15 1.501e-15 1.223e-15 1.668e-16 3.336e-16 5.560e-16 4.448e-16 3.336e-16
5.004e-16 7.228e-16 5.004e-16 9.452e-16 1.557e-15 1.779e-15 3.225e-15 6.338e-15 6.727e-15 8.117e-15 5.282e-15 2.113e-15 1.612e-15 1.557e-15 4.448e-16 7.228e-16 7.228e-16 2.780e-16 3.892e-16 7.228e-16
8.896e-16 5.004e-16 7.784e-16 8.896e-16 7.784e-16 1.668e-15 2.780e-15 6.449e-15 1.268e-14 1.323e-14 6.227e-15 4.337e-15 3.058e-15 1.557e-15 1.279e-15 1.056e-15 6.672e-16 6.116e-16 3.892e-16 5.004e-16
3.336e-16 6.116e-16 6.116e-16 5.004e-16 1.334e-15 1.446e-15 2.335e-15 7.561e-15 1.957e-14 2.024e-14 1.229e-14 5.449e-15 3.113e-15 2.113e-15 1.501e-15 1.724e-15 1.001e-15 4.448e-16 4.448e-16 6.116e-16
3.336e-16 3.336e-16 6.116e-16 6.116e-16 6.672e-16 1.446e-15 3.002e-15 5.449e-15 1.896e-14 2.235e-14 1.762e-14 7.617e-15 3.447e-15 2.280e-15 1.612e-15 1.168e-15 6.672e-16 5.004e-16 5.560e-16 6.116e-16
5.560e-16 6.672e-16 5.560e-16 3.892e-16 1.001e-15 1.612e-15 2.280e-15 6.338e-15 2.029e-14 4.086e-14 2.519e-14 1.001e-14 4.559e-15 1.890e-15 1.946e-15 1.001e-15 7.784e-16 7.228e-16 4.448e-16 6.672e-16
5.004e-16 4.448e-16 2.224e-16 3.892e-16 1.056e-15 1.056e-15 2.002e-15 4.726e-15 1.918e-14 4.765e-14 3.675e-14 1.323e-14 4.837e-15 2.558e-15 1.890e-15 1.279e-15 1.056e-15 5.560e-16 5.004e-16 1.112e-15
2.780e-16 5.004e-16 3.336e-16 4.448e-16 3.892e-16 1.279e-15 1.946e-15 4.726e-15 1.407e-14 3.308e-14 3.252e-14 1.156e-14 5.171e-15 2.113e-15 1.724e-15 1.501e-15 8.340e-16 6.672e-16 2.780e-16 8.340e-16
3.336e-16 3.336e-16 3.336e-16 5.560e-16 1.001e-15 1.112e-15 1.612e-15 3.336e-15 7.506e-15 1.218e-14 1.573e-14 9.896e-15 5.115e-15 2.502e-15 2.446e-15 1.056e-15 9.452e-16 7.784e-16 5.560e-16 8.340e-16
3.336e-16 4.448e-16 3.336e-16 3.336e-16 3.892e-16 8.896e-16 1.056e-15 2.002e-15 4.170e-15 5.560e-15 9.062e-15 8.173e-15 5.393e-15 2.836e-15 1.446e-15 1.056e-15 8.340e-16 6.672e-16 3.892e-16 7.228e-16
4.448e-16 3.336e-16 1.112e-16 2.780e-16 1.668e-16 4.448e-16 1.112e-15 1.223e-15 2.613e-15 3.336e-15 5.838e-15 4.281e-15 2.669e-15 2.391e-15 1.724e-15 8.340e-16 6.116e-16 2.224e-16 3.892e-16 3.336e-16
3.336e-16 3.336e-16 3.336e-16 2.780e-16 5.004e-16 5.004e-16 6.116e-16 1.056e-15 1.279e-15 2.391e-15 2.836e-15 2.280e-15 2.502e-15 1.890e-15 1.112e-15 1.223e-15 6.672e-16 3.892e-16 7.228e-16 6.672e-16
1.668e-16 3.892e-16 1.668e-16 3.336e-16 5.004e-16 5.560e-16 5.560e-16 3.336e-16 7.784e-16 1.056e-15 1.446e-15 1.557e-15 1.724e-15 8.340e-16 1.279e-15 9.452e-16 7.228e-16 9.452e-16 7.228e-16 5.004e-16
3.892e-16 2.224e-16 2.780e-16 3.892e-16 6.672e-16 1.112e-16 1.668e-16 5.004e-16 8.896e-16 6.672e-16 8.340e-16 1.612e-15 1.557e-15 7.228e-16 1.001e-15 8.340e-16 5.004e-16 6.672e-16 5.004e-16 3.892e-16
2.780e-16 2.780e-16 3.892e-16 2.224e-16 2.780e-16 5.560e-17 5.560e-16 5.004e-16 6.116e-16 8.896e-16 7.784e-16 1.112e-15 1.112e-15 1.223e-15 7.228e-16 7.228e-16 7.784e-16 2.224e-16 4.448e-16 3.892e-16
5.560e-16 3.892e-16 4.448e-16 4.448e-16 7.228e-16 2.224e-16 4.448e-16 7.228e-16 1.001e-15 7.784e-16 2.224e-16 1.001e-15 3.892e-16 1.001e-15 1.334e-15 1.168e-15 1.001e-15 6.116e-16 5.560e-16 5.560e-16
