# 2D Marginal for parameters xcen and ycen with ranges 4.2200e+05 4.3199e+05 and 4.5150e+06 4.5250e+06
1.716e-09 2.289e-09 3.147e-09 1.144e-09 3.147e-09 2.575e-09 1.430e-09 2.002e-09 2.289e-09 5.721e-10 1.716e-09 5.721e-10 2.861e-10 8.582e-10 5.721e-10 0.000e+00 2.861e-10 8.582e-10 1.430e-09 2.002e-09
2.861e-09 4.577e-09 2.575e-09 1.716e-09 2.289e-09 2.861e-09 3.147e-09 2.861e-09 5.721e-10 1.716e-09 2.575e-09 8.582e-10 2.002e-09 2.575e-09 1.144e-09 2.002e-09 0.000e+00 1.716e-09 5.721e-10 1.430e-09
3.433e-09 4.577e-09 3.147e-09 4.005e-09 1.716e-09 4.005e-09 2.289e-09 1.716e-09 2.289e-09 8.582e-10 1.144e-09 5.721e-10 1.716e-09 2.861e-10 5.721e-10 1.144e-09 1.144e-09 1.716e-09 8.582e-10 1.716e-09
4.577e-09 5.721e-09 5.435e-09 4.863e-09 5.721e-09 5.149e-09 4.291e-09 4.863e-09 3.433e-09 2.861e-09 5.721e-10 8.582e-10 5.721e-10 1.144e-09 8.582e-10 2.289e-09 1.144e-09 2.002e-09 1.144e-09 1.716e-09
4.577e-09 3.433e-09 8.010e-09 7.438e-09 6.579e-09 7.152e-09 8.010e-09 7.152e-09 6.007e-09 3.719e-09 3.147e-09 8.582e-10 1.144e-09 1.430e-09 5.721e-10 1.430e-09 8.582e-10 1.430e-09 8.582e-10 1.716e-09
6.007e-09 6.866e-09 8.868e-09 1.144e-08 1.459e-08 2.088e-08 1.573e-08 1.345e-08 6.866e-09 3.433e-09 1.144e-09 2.002e-09 2.861e-10 1.716e-09 1.144e-09 1.144e-09 8.582e-10 2.861e-10 1.144e-09 8.582e-10
8.296e-09 1.030e-08 9.154e-09 1.430e-08 2.432e-08 4.119e-08 5.693e-08 4.348e-08 1.545e-08 6.866e-09 4.577e-09 4.291e-09 1.430e-09 1.716e-09 1.430e-09 2.861e-10 1.144e-09 8.582e-10 8.582e-10 8.582e-10
8.582e-09 9.440e-09 1.259e-08 2.317e-08 5.206e-08 1.136e-07 2.446e-07 1.828e-07 4.634e-08 1.373e-08 5.149e-09 1.430e-09 2.861e-09 0.000e+00 2.861e-10 1.144e-09 1.716e-09 8.582e-10 5.721e-10 1.144e-09
8.582e-09 7.724e-09 1.287e-08 2.432e-08 6.293e-08 1.525e-07 4.926e-07 4.631e-07 6.894e-08 1.287e-08 6.579e-09 2.289e-09 1.430e-09 5.721e-10 5.721e-10 2.861e-10 2.861e-10 1.144e-09 5.721e-10 1.144e-09
8.296e-09 9.440e-09 1.259e-08 1.945e-08 4.205e-08 9.898e-08 2.080e-07 1.937e-07 4.348e-08 1.144e-08 4.863e-09 2.289e-09 1.716e-09 5.721e-10 5.721e-10 1.144e-09 8.582e-10 1.144e-09 1.144e-09 1.144e-09
6.007e-09 8.010e-09 1.087e-08 1.602e-08 2.403e-08 3.862e-08 4.606e-08 3.919e-08 1.774e-08 7.152e-09 3.147e-09 1.144e-09 2.002e-09 2.002e-09 2.861e-10 5.721e-10 1.144e-09 5.721e-10 5.721e-10 1.430e-09
2.861e-09 5.721e-09 8.296e-09 9.440e-09 1.230e-08 1.545e-08 1.716e-08 1.345e-08 6.007e-09 6.007e-09 6.007e-09 1.716e-09 1.716e-09 2.861e-10 1.716e-09 1.144e-09 1.144e-09 1.716e-09 1.144e-09 1.716e-09
4.863e-09 8.868e-09 8.010e-09 8.296e-09 6.293e-09 6.866e-09 8.010e-09 6.579e-09 5.721e-09 2.289e-09 2.575e-09 1.144e-09 8.582e-10 8.582e-10 2.002e-09 1.716e-09 8.582e-10 1.430e-09 1.430e-09 2.861e-10
3.719e-09 4.005e-09 2.861e-09 4.291e-09 7.724e-09 3.719e-09 4.291e-09 3.719e-09 3.147e-09 3.147e-09 2.289e-09 2.575e-09 8.582e-10 1.144e-09 1.144e-09 2.575e-09 2.289e-09 2.861e-10 1.144e-09 1.144e-09
5.435e-09 4.005e-09 4.005e-09 4.005e-09 5.435e-09 3.433e-09 2.861e-09 2.002e-09 3.147e-09 1.716e-09 1.430e-09 2.002e-09 8.582e-10 3.147e-09 8.582e-10 2.861e-10 1.716e-09 8.582e-10 5.721e-10 8.582e-10
2.575e-09 4.863e-09 3.433e-09 3.147e-09 3.719e-09 2.002e-09 2.289e-09 2.002e-09 2.575e-09 1.144e-09 1.430e-09 2.289e-09 2.002e-09 1.716e-09 5.721e-10 8.582e-10 2.002e-09 5.721e-10 1.144e-09 5.721e-10
2.289e-09 2.575e-09 4.005e-09 2.575e-09 4.577e-09 2.861e-09 1.430e-09 2.575e-09 2.002e-09 1.144e-09 8.582e-10 2.002e-09 1.144e-09 5.721e-10 1.144e-09 1.716e-09 1.144e-09 1.144e-09 1.716e-09 8.582e-10
1.430e-09 1.716e-09 2.575e-09 2.861e-09 2.575e-09 5.721e-10 2.002e-09 1.430e-09 1.716e-09 1.430e-09 8.582e-10 1.716e-09 1.430e-09 2.861e-10 2.002e-09 1.430e-09 8.582e-10 1.144e-09 8.582e-10 2.861e-10
2.575e-09 2.289e-09 2.002e-09 1.716e-09 2.002e-09 8.582e-10 8.582e-10 1.430e-09 2.289e-09 5.721e-10 2.002e-09 1.144e-09 1.144e-09 5.721e-10 5.721e-10 8.582e-10 2.861e-10 1.144e-09 2.861e-10 8.582e-10
2.575e-09 2.289e-09 1.430e-09 1.144e-09 2.002e-09 2.861e-10 1.716e-09 1.430e-09 2.575e-09 2.289e-09 2.289e-09 8.582e-10 2.575e-09 1.716e-09 1.716e-09 2.861e-10 5.721e-10 8.582e-10 1.430e-09 5.721e-10
# 2D Marginal for parameters xcen and depth with ranges 4.2200e+05 4.3199e+05 and 2.0033e+03 7.0000e+03
1.144e-09 1.144e-09 1.144e-09 1.144e-09 2.289e-09 2.861e-09 1.717e-09 0.000e+00 1.717e-09 1.144e-09 2.861e-09 4.006e-09 4.006e-09 2.861e-09 4.006e-09 2.861e-09 6.294e-09 2.861e-09 4.578e-09 9.155e-09
1.144e-09 2.289e-09 2.289e-09 2.861e-09 2.289e-09 3.433e-09 2.289e-09 1.717e-09 3.433e-09 1.144e-09 3.433e-09 4.578e-09 6.867e-09 4.578e-09 6.294e-09 7.439e-09 5.722e-09 4.578e-09 8.583e-09 5.150e-09
1.717e-09 1.717e-09 1.144e-09 2.861e-09 1.717e-09 3.433e-09 1.717e-09 1.717e-09 3.433e-09 5.150e-09 4.006e-09 2.861e-09 5.150e-09 2.861e-09 4.578e-09 4.006e-09 6.867e-09 5.722e-09 8.011e-09 9.155e-09
1.717e-09 5.722e-10 1.144e-09 1.717e-09 4.006e-09 2.861e-09 5.722e-09 2.861e-09 6.867e-09 2.861e-09 5.150e-09 6.867e-09 9.728e-09 8.583e-09 1.202e-08 8.011e-09 1.202e-08 8.583e-09 6.867e-09 1.030e-08
4.578e-09 2.861e-09 2.289e-09 1.144e-09 2.289e-09 2.861e-09 2.289e-09 4.578e-09 6.294e-09 5.150e-09 5.722e-09 7.439e-09 8.011e-09 6.867e-09 8.011e-09 1.488e-08 1.373e-08 1.774e-08 1.602e-08 1.831e-08
2.861e-09 1.717e-09 3.433e-09 3.433e-09 1.717e-09 4.006e-09 4.006e-09 5.722e-09 6.294e-09 8.011e-09 1.373e-08 1.030e-08 1.144e-08 2.060e-08 2.689e-08 1.774e-08 2.575e-08 1.774e-08 2.232e-08 2.976e-08
2.861e-09 6.867e-09 2.289e-09 2.861e-09 4.006e-09 5.722e-09 3.433e-09 1.488e-08 1.202e-08 1.831e-08 3.204e-08 4.063e-08 5.493e-08 3.948e-08 3.777e-08 4.349e-08 5.436e-08 4.234e-08 4.521e-08 3.204e-08
2.289e-09 1.144e-09 2.861e-09 6.294e-09 1.144e-08 2.060e-08 5.093e-08 9.499e-08 1.001e-07 7.839e-08 1.081e-07 1.579e-07 1.368e-07 1.265e-07 1.184e-07 1.047e-07 1.047e-07 8.526e-08 7.153e-08 6.123e-08
2.861e-09 3.433e-09 1.717e-09 6.867e-09 6.294e-09 4.177e-08 1.328e-07 3.027e-07 2.821e-07 2.237e-07 2.380e-07 2.735e-07 2.277e-07 1.968e-07 1.831e-07 1.694e-07 1.156e-07 9.499e-08 7.668e-08 6.294e-08
0.000e+00 3.433e-09 4.006e-09 1.717e-09 9.155e-09 2.060e-08 5.150e-08 1.150e-07 1.036e-07 8.469e-08 1.070e-07 1.184e-07 1.053e-07 1.087e-07 9.842e-08 1.099e-07 9.155e-08 7.267e-08 6.123e-08 5.894e-08
2.861e-09 1.144e-09 2.289e-09 1.144e-09 4.578e-09 4.578e-09 1.030e-08 1.259e-08 1.946e-08 2.117e-08 2.174e-08 2.518e-08 3.948e-08 4.063e-08 3.548e-08 4.292e-08 4.349e-08 3.948e-08 4.234e-08 4.234e-08
1.717e-09 2.861e-09 2.861e-09 2.289e-09 2.861e-09 5.722e-10 5.722e-09 4.006e-09 7.439e-09 1.144e-08 1.087e-08 1.144e-08 1.259e-08 1.259e-08 1.488e-08 1.946e-08 2.689e-08 2.918e-08 2.575e-08 2.461e-08
2.289e-09 3.433e-09 3.433e-09 2.289e-09 2.289e-09 3.433e-09 2.289e-09 2.289e-09 3.433e-09 6.867e-09 5.722e-09 8.011e-09 1.030e-08 1.259e-08 1.373e-08 1.144e-08 1.488e-08 1.831e-08 1.774e-08 1.316e-08
2.289e-09 5.722e-10 1.717e-09 2.289e-09 5.150e-09 3.433e-09 3.433e-09 5.150e-09 1.717e-09 4.006e-09 4.006e-09 4.578e-09 9.155e-09 5.722e-09 7.439e-09 6.294e-09 7.439e-09 1.259e-08 1.316e-08 1.202e-08
2.289e-09 2.289e-09 1.144e-09 1.717e-09 2.861e-09 1.144e-09 2.289e-09 3.433e-09 5.722e-09 4.006e-09 8.583e-09 7.439e-09 5.722e-09 6.294e-09 5.722e-09 1.087e-08 7.439e-09 4.006e-09 6.294e-09 8.011e-09
1.144e-09 3.433e-09 1.144e-09 1.717e-09 2.289e-09 2.289e-09 2.289e-09 3.433e-09 5.150e-09 5.150e-09 1.717e-09 1.144e-09 6.867e-09 6.294e-09 6.294e-09 6.294e-09 5.150e-09 7.439e-09 8.011e-09 4.578e-09
2.289e-09 2.289e-09 1.144e-09 2.861e-09 3.433e-09 4.006e-09 3.433e-09 3.433e-09 2.861e-09 2.289e-09 4.006e-09 2.289e-09 3.433e-09 5.150e-09 6.294e-09 5.722e-09 2.861e-09 8.011e-09 5.150e-09 5.722e-09
5.722e-10 5.722e-10 1.717e-09 2.289e-09 2.289e-09 2.289e-09 1.144e-09 5.722e-10 1.717e-09 1.717e-09 2.289e-09 2.861e-09 5.722e-09 6.867e-09 2.861e-09 4.578e-09 2.289e-09 2.289e-09 6.867e-09 6.867e-09
0.000e+00 2.289e-09 1.717e-09 1.144e-09 5.722e-10 1.717e-09 2.861e-09 0.000e+00 1.144e-09 1.717e-09 4.578e-09 2.861e-09 6.294e-09 2.289e-09 3.433e-09 4.006e-09 3.433e-09 2.289e-09 2.861e-09 5.722e-09
5.722e-10 1.144e-09 1.717e-09 4.006e-09 1.717e-09 1.717e-09 2.861e-09 2.861e-09 3.433e-09 1.717e-09 2.861e-09 3.433e-09 6.867e-09 4.006e-09 4.578e-09 1.717e-09 6.294e-09 1.144e-09 4.006e-09 4.578e-09
# 2D Marginal for parameters xcen and Pxx with ranges 4.2200e+05 4.3199e+05 and 1.0037e+06 9.9972e+07
1.733e-13 1.156e-13 1.733e-13 8.667e-14 1.733e-13 1.733e-13 2.889e-14 1.445e-13 1.156e-13 5.778e-14 2.022e-13 1.733e-13 1.445e-13 2.311e-13 1.733e-13 5.778e-14 1.733e-13 2.311e-13 8.667e-14 2.022e-13
2.311e-13 2.311e-13 1.156e-13 1.156e-13 2.022e-13 2.311e-13 1.733e-13 1.733e-13 2.889e-13 2.311e-13 2.311e-13 2.889e-13 2.311e-13 5.778e-14 2.311e-13 2.022e-13 2.311e-13 2.889e-13 2.889e-14 2.600e-13
1.445e-13 2.311e-13 5.778e-14 3.178e-13 2.022e-13 2.022e-13 2.311e-13 2.022e-13 2.600e-13 2.311e-13 2.311e-13 1.733e-13 2.022e-13 1.733e-13 2.600e-13 1.156e-13 1.733e-13 1.733e-13 1.156e-13 2.311e-13
4.045e-13 2.311e-13 2.022e-13 4.045e-13 4.622e-13 3.178e-13 2.600e-13 4.045e-13 2.600e-13 4.911e-13 4.045e-13 2.889e-13 2.600e-13 2.022e-13 2.600e-13 1.156e-13 3.467e-13 1.733e-13 2.600e-13 2.311e-13
6.356e-13 4.334e-13 3.756e-13 5.778e-13 6.645e-13 2.600e-13 3.467e-13 3.756e-13 4.334e-13 5.200e-13 4.334e-13 2.311e-13 2.889e-13 4.334e-13 3.756e-13 1.733e-13 1.733e-13 3.178e-13 2.889e-13 2.889e-13
8.667e-13 6.356e-13 1.184e-12 1.011e-12 8.378e-13 9.245e-13 6.356e-13 7.223e-13 8.378e-13 4.911e-13 6.934e-13 4.622e-13 4.334e-13 3.178e-13 3.467e-13 4.911e-13 1.733e-13 3.178e-13 3.467e-13 2.600e-13
2.253e-12 2.571e-12 2.600e-12 2.600e-12 2.629e-12 1.502e-12 1.993e-12 8.956e-13 1.416e-12 1.127e-12 1.156e-12 7.511e-13 4.622e-13 6.067e-13 4.622e-13 2.889e-13 4.622e-13 3.467e-13 5.200e-13 3.756e-13
9.071e-12 1.014e-11 1.352e-11 1.199e-11 7.483e-12 4.680e-12 3.149e-12 2.340e-12 1.965e-12 1.849e-12 1.705e-12 1.300e-12 8.089e-13 3.178e-13 5.200e-13 4.045e-13 6.067e-13 4.911e-13 2.889e-13 2.889e-13
1.583e-11 1.733e-11 2.990e-11 3.247e-11 1.476e-11 6.038e-12 3.900e-12 3.236e-12 2.716e-12 1.705e-12 1.213e-12 1.300e-12 6.645e-13 4.334e-13 4.622e-13 3.467e-13 4.045e-13 2.889e-13 2.600e-13 1.733e-13
6.991e-12 8.523e-12 1.127e-11 1.340e-11 7.916e-12 4.536e-12 2.802e-12 2.976e-12 1.589e-12 1.647e-12 1.184e-12 1.069e-12 7.511e-13 4.334e-13 3.467e-13 2.889e-13 3.178e-13 2.889e-13 2.600e-13 3.467e-13
1.647e-12 2.427e-12 2.542e-12 2.340e-12 2.109e-12 1.762e-12 1.647e-12 1.560e-12 1.416e-12 1.358e-12 6.645e-13 6.645e-13 6.645e-13 3.178e-13 1.445e-13 3.467e-13 3.467e-13 3.756e-13 4.045e-13 1.445e-13
8.089e-13 9.534e-13 6.356e-13 8.956e-13 9.245e-13 8.956e-13 8.089e-13 5.778e-13 6.067e-13 7.511e-13 7.223e-13 6.645e-13 4.911e-13 4.334e-13 2.600e-13 1.733e-13 3.756e-13 1.445e-13 2.022e-13 2.889e-13
5.489e-13 4.911e-13 3.756e-13 6.934e-13 3.178e-13 5.489e-13 4.911e-13 5.200e-13 4.911e-13 5.778e-13 4.911e-13 2.600e-13 2.311e-13 3.178e-13 2.889e-13 2.600e-13 2.889e-13 1.733e-13 4.045e-13 2.022e-13
2.311e-13 2.022e-13 2.022e-13 5.200e-13 2.600e-13 3.178e-13 2.889e-13 3.178e-13 3.467e-13 3.178e-13 2.889e-13 3.467e-13 2.889e-13 3.467e-13 2.889e-13 2.600e-13 2.889e-13 2.022e-13 1.445e-13 2.022e-13
2.600e-13 1.445e-13 2.600e-13 1.733e-13 1.733e-13 2.889e-13 1.445e-13 4.045e-13 3.467e-13 4.911e-13 4.045e-13 3.467e-13 1.733e-13 2.600e-13 1.733e-13 1.445e-13 2.889e-13 5.778e-14 2.311e-13 1.445e-13
8.667e-14 1.156e-13 2.600e-13 1.156e-13 1.445e-13 2.600e-13 1.445e-13 2.889e-13 2.600e-13 2.022e-13 2.311e-13 2.022e-13 2.022e-13 2.600e-13 2.600e-13 2.022e-13 2.022e-13 2.022e-13 2.600e-13 2.311e-13
5.778e-14 2.600e-13 2.022e-13 1.445e-13 2.600e-13 8.667e-14 1.733e-13 1.445e-13 2.311e-13 3.756e-13 2.311e-13 1.445e-13 2.022e-13 2.022e-13 1.733e-13 2.311e-13 8.667e-14 8.667e-14 3.178e-13 2.600e-13
1.445e-13 1.156e-13 1.733e-13 1.733e-13 1.733e-13 1.445e-13 1.156e-13 1.445e-13 8.667e-14 1.156e-13 1.445e-13 2.600e-13 5.778e-14 1.445e-13 2.600e-13 1.445e-13 1.733e-13 5.778e-14 8.667e-14 2.311e-13
2.889e-14 5.778e-14 8.667e-14 0.000e+00 2.311e-13 1.156e-13 1.445e-13 2.311e-13 1.445e-13 2.022e-13 5.778e-14 1.445e-13 2.022e-13 8.667e-14 1.156e-13 2.600e-13 0.000e+00 2.311e-13 5.778e-14 1.733e-13
2.022e-13 2.311e-13 2.022e-13 1.445e-13 0.000e+00 1.733e-13 1.733e-13 5.778e-14 1.445e-13 1.733e-13 2.889e-13 1.445e-13 1.445e-13 1.733e-13 1.445e-13 2.600e-13 1.445e-13 1.156e-13 1.733e-13 0.000e+00
# 2D Marginal for parameters xcen and Pyy with ranges 4.2200e+05 4.3199e+05 and 1.0012e+06 1.0000e+08
1.155e-13 1.155e-13 1.444e-13 1.444e-13 5.776e-14 8.664e-14 1.444e-13 2.310e-13 1.444e-13 2.599e-13 2.888e-13 2.888e-14 1.444e-13 8.664e-14 3.177e-13 1.155e-13 8.664e-14 8.664e-14 5.776e-14 2.599e-13
1.733e-13 2.022e-13 1.733e-13 1.444e-13 3.466e-13 5.776e-14 1.155e-13 1.444e-13 3.177e-13 1.733e-13 2.022e-13 1.733e-13 2.022e-13 2.310e-13 2.310e-13 1.444e-13 2.888e-13 2.599e-13 1.733e-13 2.888e-13
1.444e-13 2.022e-13 2.599e-13 2.888e-13 1.444e-13 2.599e-13 2.022e-13 2.022e-13 1.733e-13 1.733e-13 1.733e-13 2.022e-13 1.733e-13 3.755e-13 1.155e-13 2.888e-13 1.155e-13 1.155e-13 1.155e-13 2.022e-13
3.755e-13 2.599e-13 2.310e-13 3.755e-13 2.888e-13 2.599e-13 1.444e-13 4.332e-13 4.910e-13 3.466e-13 3.466e-13 4.043e-13 4.043e-13 2.599e-13 2.888e-13 3.177e-13 2.310e-13 2.310e-13 8.664e-14 2.022e-13
5.487e-13 4.043e-13 3.466e-13 4.043e-13 3.755e-13 5.199e-13 4.043e-13 5.776e-13 3.177e-13 4.910e-13 3.177e-13 4.332e-13 4.910e-13 3.755e-13 3.177e-13 1.733e-13 4.043e-13 1.733e-13 2.599e-13 2.888e-13
5.199e-13 4.910e-13 5.487e-13 6.354e-13 7.220e-13 8.664e-13 7.509e-13 7.798e-13 8.376e-13 4.910e-13 6.065e-13 4.910e-13 6.931e-13 5.776e-13 6.643e-13 5.487e-13 5.776e-13 5.199e-13 4.332e-13 2.310e-13
1.415e-12 1.444e-12 1.675e-12 1.704e-12 3.033e-12 2.051e-12 1.791e-12 1.993e-12 1.473e-12 1.271e-12 1.329e-12 8.087e-13 8.953e-13 1.126e-12 5.776e-13 4.621e-13 7.509e-13 4.043e-13 4.043e-13 4.043e-13
3.783e-12 5.228e-12 8.347e-12 1.077e-11 1.181e-11 7.394e-12 5.141e-12 4.130e-12 2.773e-12 2.917e-12 1.877e-12 1.848e-12 1.184e-12 1.184e-12 8.376e-13 1.011e-12 8.087e-13 6.065e-13 4.332e-13 8.087e-13
4.939e-12 8.376e-12 1.562e-11 2.749e-11 3.033e-11 1.536e-11 7.220e-12 6.036e-12 4.159e-12 2.859e-12 1.993e-12 1.733e-12 1.386e-12 1.155e-12 9.242e-13 9.242e-13 6.931e-13 8.664e-13 6.354e-13 6.931e-13
2.773e-12 3.928e-12 6.931e-12 9.848e-12 1.207e-11 8.260e-12 4.419e-12 3.812e-12 3.148e-12 2.195e-12 1.531e-12 1.762e-12 1.242e-12 8.953e-13 7.509e-13 8.664e-13 7.509e-13 5.199e-13 8.376e-13 3.755e-13
1.415e-12 1.011e-12 1.444e-12 2.137e-12 1.993e-12 1.935e-12 1.386e-12 1.877e-12 1.242e-12 1.415e-12 1.155e-12 1.271e-12 7.220e-13 7.220e-13 8.087e-13 5.776e-13 3.466e-13 5.487e-13 4.621e-13 4.043e-13
9.531e-13 4.332e-13 5.487e-13 5.487e-13 7.220e-13 6.065e-13 8.376e-13 5.487e-13 8.087e-13 4.621e-13 5.487e-13 6.931e-13 6.643e-13 4.332e-13 3.466e-13 4.910e-13 6.065e-13 4.621e-13 4.621e-13 4.332e-13
3.177e-13 4.621e-13 3.755e-13 3.177e-13 3.755e-13 4.332e-13 6.065e-13 3.177e-13 4.621e-13 4.621e-13 5.487e-13 4.332e-13 4.332e-13 4.332e-13 4.332e-13 2.022e-13 1.733e-13 3.466e-13 3.755e-13 4.621e-13
3.466e-13 1.733e-13 2.022e-13 2.310e-13 2.599e-13 4.043e-13 1.444e-13 2.022e-13 3.755e-13 4.910e-13 5.776e-14 4.043e-13 3.177e-13 4.043e-13 3.466e-13 3.755e-13 2.888e-13 1.444e-13 2.022e-13 2.888e-13
2.310e-13 1.155e-13 1.155e-13 2.022e-13 2.888e-13 2.599e-13 2.022e-13 3.466e-13 2.888e-13 2.599e-13 2.022e-13 2.599e-13 1.733e-13 3.466e-13 3.177e-13 2.022e-13 2.022e-13 2.022e-13 3.466e-13 3.466e-13
2.888e-14 2.022e-13 2.888e-13 1.444e-13 2.888e-13 2.022e-13 1.733e-13 1.155e-13 2.310e-13 4.332e-13 1.444e-13 1.733e-13 1.444e-13 2.022e-13 2.022e-13 1.155e-13 1.733e-13 3.177e-13 2.888e-13 2.599e-13
1.444e-13 1.155e-13 8.664e-14 1.444e-13 1.733e-13 1.444e-13 2.599e-13 1.444e-13 3.466e-13 2.022e-13 2.022e-13 2.310e-13 2.599e-13 2.599e-13 5.776e-14 2.888e-13 2.599e-13 1.733e-13 2.599e-13 1.155e-13
2.888e-14 8.664e-14 1.444e-13 2.310e-13 2.888e-14 1.155e-13 1.444e-13 2.310e-13 8.664e-14 8.664e-14 2.022e-13 3.177e-13 1.155e-13 2.022e-13 8.664e-14 1.155e-13 1.155e-13 2.310e-13 2.022e-13 1.733e-13
2.888e-14 2.888e-14 1.155e-13 2.022e-13 1.444e-13 5.776e-14 1.155e-13 1.155e-13 1.155e-13 1.155e-13 1.733e-13 5.776e-14 1.444e-13 1.155e-13 2.599e-13 1.733e-13 1.155e-13 2.310e-13 1.444e-13 1.155e-13
1.155e-13 5.776e-14 1.444e-13 1.155e-13 8.664e-14 5.776e-14 2.022e-13 2.022e-13 1.733e-13 1.155e-13 3.466e-13 2.022e-13 2.310e-13 2.888e-13 8.664e-14 1.444e-13 1.155e-13 1.444e-13 2.022e-13 5.776e-14
# 2D Marginal for parameters xcen and Pzz with ranges 4.2200e+05 4.3199e+05 and 1.0030e+06 9.9770e+07
1.158e-13 2.026e-13 1.447e-13 1.737e-13 3.474e-13 1.447e-13 1.158e-13 8.685e-14 3.474e-13 3.184e-13 1.447e-13 1.158e-13 1.158e-13 1.447e-13 5.790e-14 2.895e-14 5.790e-14 5.790e-14 1.447e-13 5.790e-14
8.685e-14 1.447e-13 2.316e-13 1.447e-13 1.737e-13 3.184e-13 2.605e-13 3.184e-13 2.316e-13 3.474e-13 2.026e-13 2.605e-13 2.605e-13 2.026e-13 2.605e-13 1.158e-13 1.158e-13 1.447e-13 5.790e-14 1.737e-13
2.316e-13 2.026e-13 1.737e-13 2.026e-13 1.158e-13 2.316e-13 2.605e-13 2.316e-13 2.605e-13 2.026e-13 3.474e-13 3.763e-13 3.763e-13 2.026e-13 1.158e-13 5.790e-14 8.685e-14 8.685e-14 8.685e-14 8.685e-14
2.605e-13 2.316e-13 3.474e-13 2.895e-13 4.342e-13 5.790e-13 3.184e-13 4.342e-13 5.790e-13 4.342e-13 3.763e-13 4.053e-13 2.605e-13 3.184e-13 1.737e-13 5.790e-14 1.447e-13 2.895e-14 1.737e-13 1.447e-13
4.342e-13 1.737e-13 1.737e-13 2.316e-13 1.447e-13 5.211e-13 6.948e-13 6.369e-13 7.237e-13 6.369e-13 4.342e-13 5.500e-13 5.500e-13 5.500e-13 3.763e-13 1.447e-13 2.316e-13 2.605e-13 1.158e-13 5.790e-14
1.737e-13 1.737e-13 3.474e-13 2.895e-13 4.921e-13 9.264e-13 1.042e-12 1.100e-12 1.274e-12 1.158e-12 9.553e-13 9.553e-13 7.816e-13 7.237e-13 6.079e-13 4.632e-13 2.316e-13 5.790e-14 2.895e-14 2.316e-13
2.316e-13 2.605e-13 2.895e-13 6.948e-13 1.216e-12 2.374e-12 3.532e-12 3.242e-12 2.808e-12 2.605e-12 2.229e-12 1.679e-12 1.505e-12 7.237e-13 5.790e-13 2.895e-13 3.184e-13 1.737e-13 1.737e-13 1.447e-13
2.316e-13 2.895e-13 6.658e-13 1.882e-12 7.643e-12 1.181e-11 1.274e-11 1.109e-11 8.772e-12 5.442e-12 4.458e-12 2.721e-12 2.113e-12 1.245e-12 9.264e-13 4.342e-13 2.026e-13 2.316e-13 8.685e-14 8.685e-14
1.737e-13 1.447e-13 4.632e-13 2.576e-12 1.746e-11 3.349e-11 2.794e-11 1.780e-11 1.280e-11 7.382e-12 4.284e-12 3.155e-12 2.258e-12 1.332e-12 1.013e-12 4.921e-13 3.763e-13 2.026e-13 2.026e-13 1.737e-13
2.895e-13 2.026e-13 6.079e-13 1.824e-12 6.166e-12 1.262e-11 1.143e-11 9.727e-12 7.150e-12 5.298e-12 3.792e-12 2.953e-12 1.911e-12 1.505e-12 7.816e-13 4.342e-13 2.895e-13 2.895e-14 0.000e+00 5.790e-14
1.158e-13 2.316e-13 4.632e-13 6.369e-13 1.187e-12 2.316e-12 2.258e-12 2.634e-12 3.300e-12 2.837e-12 1.969e-12 1.303e-12 1.505e-12 8.685e-13 5.211e-13 2.026e-13 2.605e-13 8.685e-14 8.685e-14 1.447e-13
2.316e-13 2.895e-13 3.763e-13 3.474e-13 3.184e-13 6.948e-13 8.395e-13 1.129e-12 1.245e-12 1.361e-12 9.843e-13 1.245e-12 6.369e-13 7.237e-13 4.632e-13 2.895e-13 1.447e-13 2.895e-14 1.158e-13 1.737e-13
2.605e-13 3.474e-13 3.474e-13 2.316e-13 4.053e-13 6.948e-13 4.921e-13 5.500e-13 8.974e-13 6.948e-13 6.369e-13 6.948e-13 2.316e-13 4.053e-13 3.763e-13 2.605e-13 1.447e-13 1.158e-13 5.790e-14 1.447e-13
1.158e-13 3.474e-13 1.737e-13 3.474e-13 1.737e-13 4.053e-13 2.895e-13 2.895e-13 3.184e-13 5.211e-13 3.474e-13 4.342e-13 5.500e-13 3.474e-13 1.737e-13 2.026e-13 1.447e-13 1.737e-13 2.316e-13 8.685e-14
3.184e-13 2.026e-13 2.316e-13 4.053e-13 3.184e-13 3.474e-13 2.316e-13 3.474e-13 4.921e-13 3.184e-13 2.316e-13 2.605e-13 1.447e-13 4.053e-13 8.685e-14 5.790e-14 1.737e-13 1.447e-13 1.158e-13 8.685e-14
2.895e-13 2.895e-13 2.026e-13 2.895e-13 2.026e-13 2.316e-13 2.895e-13 2.895e-13 3.474e-13 2.316e-13 2.026e-13 1.737e-13 2.605e-13 2.026e-13 1.447e-13 8.685e-14 1.447e-13 5.790e-14 5.790e-14 1.447e-13
3.184e-13 2.026e-13 3.474e-13 2.316e-13 3.184e-13 2.316e-13 2.605e-13 2.316e-13 3.184e-13 3.184e-13 2.895e-13 2.026e-13 1.158e-13 8.685e-14 2.895e-14 8.685e-14 5.790e-14 1.447e-13 0.000e+00 8.685e-14
2.895e-13 1.737e-13 5.790e-14 8.685e-14 2.026e-13 2.895e-13 0.000e+00 3.184e-13 8.685e-14 2.316e-13 1.447e-13 1.158e-13 2.895e-14 2.026e-13 1.158e-13 1.447e-13 1.158e-13 1.158e-13 1.447e-13 8.685e-14
1.447e-13 1.447e-13 1.158e-13 2.316e-13 1.447e-13 1.447e-13 3.474e-13 8.685e-14 2.026e-13 1.158e-13 2.316e-13 8.685e-14 5.790e-14 0.000e+00 8.685e-14 2.895e-14 2.895e-14 1.447e-13 1.447e-13 8.685e-14
2.316e-13 2.026e-13 1.447e-13 3.474e-13 2.316e-13 3.184e-13 1.158e-13 1.737e-13 8.685e-14 1.158e-13 1.447e-13 8.685e-14 8.685e-14 1.158e-13 1.447e-13 2.605e-13 5.790e-14 2.895e-14 1.158e-13 8.685e-14
# 2D Marginal for parameters ycen and depth with ranges 4.5150e+06 4.5250e+06 and 2.0033e+03 7.0000e+03
2.288e-09 1.144e-09 2.288e-09 2.860e-09 2.860e-09 4.005e-09 4.577e-09 1.716e-09 4.005e-09 9.726e-09 9.154e-09 1.087e-08 1.545e-08 1.201e-08 1.888e-08 1.201e-08 1.831e-08 1.602e-08 1.545e-08 1.888e-08
2.288e-09 3.433e-09 2.860e-09 1.716e-09 2.288e-09 4.577e-09 1.716e-09 5.721e-09 8.009e-09 9.154e-09 6.865e-09 1.430e-08 1.602e-08 1.831e-08 1.602e-08 2.002e-08 1.316e-08 2.174e-08 2.746e-08 2.174e-08
2.860e-09 4.005e-09 1.144e-09 1.716e-09 2.288e-09 5.149e-09 8.581e-09 2.860e-09 6.293e-09 9.154e-09 1.030e-08 1.430e-08 1.602e-08 2.002e-08 1.659e-08 2.288e-08 2.174e-08 2.174e-08 3.089e-08 3.318e-08
1.716e-09 2.288e-09 3.433e-09 3.433e-09 2.860e-09 2.860e-09 2.288e-09 7.437e-09 8.581e-09 1.487e-08 9.154e-09 1.144e-08 2.574e-08 2.174e-08 3.032e-08 2.574e-08 3.433e-08 3.890e-08 4.291e-08 4.062e-08
2.860e-09 1.716e-09 4.005e-09 2.288e-09 5.149e-09 5.149e-09 5.721e-09 8.581e-09 1.373e-08 1.773e-08 2.002e-08 3.261e-08 4.462e-08 4.691e-08 5.835e-08 6.579e-08 5.149e-08 6.465e-08 6.236e-08 5.835e-08
2.860e-09 1.716e-09 2.288e-09 3.433e-09 4.577e-09 1.144e-08 1.773e-08 2.117e-08 2.403e-08 4.062e-08 5.893e-08 8.009e-08 9.726e-08 1.070e-07 1.104e-07 1.190e-07 1.064e-07 8.639e-08 8.810e-08 6.350e-08
1.716e-09 1.144e-09 2.860e-09 6.293e-09 6.865e-09 2.632e-08 8.753e-08 1.859e-07 1.934e-07 1.779e-07 1.876e-07 2.552e-07 2.140e-07 1.917e-07 1.756e-07 1.682e-07 1.367e-07 9.554e-08 7.609e-08 5.664e-08
1.716e-09 4.577e-09 2.860e-09 4.005e-09 1.545e-08 4.005e-08 1.190e-07 2.843e-07 2.494e-07 1.568e-07 2.031e-07 1.962e-07 1.613e-07 1.276e-07 1.001e-07 8.810e-08 8.124e-08 5.778e-08 4.176e-08 4.234e-08
2.288e-09 2.860e-09 4.577e-09 4.005e-09 6.293e-09 1.201e-08 2.288e-08 3.719e-08 3.604e-08 3.032e-08 4.291e-08 4.634e-08 3.776e-08 3.032e-08 3.375e-08 3.089e-08 3.204e-08 2.403e-08 1.716e-08 3.147e-08
1.716e-09 2.860e-09 1.716e-09 1.716e-09 4.005e-09 2.288e-09 5.721e-09 6.865e-09 8.009e-09 8.009e-09 8.581e-09 1.030e-08 1.259e-08 1.030e-08 1.545e-08 1.144e-08 1.430e-08 1.487e-08 1.373e-08 1.545e-08
2.288e-09 6.865e-09 3.433e-09 2.860e-09 2.860e-09 3.433e-09 2.860e-09 2.288e-09 5.721e-09 1.716e-09 8.009e-09 2.288e-09 8.581e-09 6.865e-09 4.005e-09 6.865e-09 1.087e-08 6.865e-09 8.581e-09 1.144e-08
1.144e-09 5.721e-10 0.000e+00 2.860e-09 1.144e-09 2.860e-09 1.144e-09 2.860e-09 4.577e-09 1.716e-09 6.293e-09 3.433e-09 5.721e-09 2.860e-09 1.144e-09 3.433e-09 6.293e-09 7.437e-09 4.577e-09 5.149e-09
1.716e-09 1.144e-09 0.000e+00 2.288e-09 3.433e-09 1.144e-09 1.716e-09 2.860e-09 2.860e-09 1.144e-09 2.288e-09 4.005e-09 2.860e-09 4.005e-09 4.005e-09 5.149e-09 4.577e-09 4.005e-09 2.860e-09 4.005e-09
5.721e-10 5.721e-10 1.144e-09 3.433e-09 1.716e-09 1.144e-09 0.000e+00 2.860e-09 2.860e-09 1.144e-09 2.288e-09 1.716e-09 2.860e-09 2.288e-09 1.716e-09 2.860e-09 6.293e-09 4.005e-09 1.716e-09 5.149e-09
2.288e-09 1.144e-09 5.721e-10 2.860e-09 5.721e-10 3.433e-09 1.716e-09 1.144e-09 5.721e-10 2.288e-09 2.860e-09 2.288e-09 4.005e-09 4.005e-09 1.144e-09 2.860e-09 1.144e-09 1.716e-09 1.716e-09 1.144e-09
1.144e-09 5.721e-10 1.144e-09 1.144e-09 2.860e-09 1.716e-09 1.716e-09 1.144e-09 1.716e-09 5.721e-10 5.721e-10 4.577e-09 1.716e-09 4.577e-09 3.433e-09 2.860e-09 2.860e-09 2.288e-09 5.149e-09 2.860e-09
1.716e-09 1.716e-09 2.288e-09 5.721e-10 2.288e-09 1.144e-09 4.005e-09 2.288e-09 1.144e-09 5.721e-10 1.144e-09 0.000e+00 5.721e-10 1.716e-09 2.288e-09 2.288e-09 4.577e-09 2.860e-09 4.577e-09 2.860e-09
1.144e-09 1.716e-09 1.144e-09 2.288e-09 3.433e-09 5.721e-10 1.144e-09 1.144e-09 3.433e-09 2.860e-09 2.860e-09 1.144e-09 2.860e-09 2.288e-09 2.860e-09 5.721e-10 4.005e-09 2.860e-09 3.433e-09 1.716e-09
1.144e-09 2.288e-09 1.716e-09 1.144e-09 0.000e+00 2.860e-09 2.860e-09 1.144e-09 1.716e-09 1.144e-09 2.288e-09 1.144e-09 1.144e-09 3.433e-09 2.860e-09 2.288e-09 4.577e-09 1.716e-09 1.716e-09 1.716e-09
1.716e-09 2.860e-09 1.716e-09 1.716e-09 2.288e-09 1.144e-09 0.000e+00 2.288e-09 1.716e-09 1.144e-09 1.144e-09 3.433e-09 5.149e-09 2.288e-09 1.144e-09 2.288e-09 1.716e-09 1.716e-09 2.860e-09 6.293e-09
# 2D Marginal for parameters ycen and Pxx with ranges 4.5150e+06 4.5250e+06 and 1.0037e+06 9.9972e+07
4.910e-13 2.311e-13 5.199e-13 4.910e-13 3.466e-13 3.466e-13 6.066e-13 6.643e-13 8.954e-13 4.044e-13 5.488e-13 4.333e-13 4.621e-13 5.199e-13 3.755e-13 2.888e-13 4.910e-13 2.888e-13 3.466e-13 4.621e-13
3.755e-13 5.199e-13 6.066e-13 5.199e-13 5.199e-13 6.066e-13 5.777e-13 6.354e-13 7.799e-13 7.799e-13 8.087e-13 7.221e-13 2.311e-13 4.621e-13 4.621e-13 3.177e-13 5.199e-13 4.333e-13 4.910e-13 6.066e-13
8.665e-13 7.221e-13 7.510e-13 8.087e-13 8.087e-13 6.066e-13 5.777e-13 8.954e-13 7.510e-13 8.087e-13 7.799e-13 4.621e-13 5.777e-13 4.044e-13 4.621e-13 6.066e-13 2.888e-13 5.777e-13 5.777e-13 3.755e-13
1.069e-12 1.069e-12 9.532e-13 1.589e-12 1.300e-12 1.011e-12 1.098e-12 1.329e-12 1.155e-12 1.069e-12 6.932e-13 8.665e-13 4.044e-13 2.311e-13 7.510e-13 4.621e-13 4.044e-13 2.888e-13 5.199e-13 4.333e-13
2.080e-12 2.975e-12 2.802e-12 2.426e-12 2.253e-12 2.571e-12 1.993e-12 1.704e-12 1.820e-12 1.531e-12 1.473e-12 9.243e-13 6.066e-13 6.354e-13 4.044e-13 4.910e-13 6.932e-13 4.044e-13 6.643e-13 4.333e-13
5.950e-12 6.788e-12 7.279e-12 6.730e-12 5.979e-12 3.986e-12 3.235e-12 2.628e-12 1.733e-12 1.964e-12 1.473e-12 1.040e-12 8.954e-13 6.932e-13 5.777e-13 3.177e-13 4.044e-13 3.466e-13 4.333e-13 4.044e-13
1.433e-11 1.586e-11 2.267e-11 2.501e-11 1.294e-11 5.719e-12 3.408e-12 3.235e-12 2.628e-12 2.022e-12 1.329e-12 1.213e-12 6.932e-13 4.044e-13 2.888e-13 3.755e-13 4.044e-13 2.600e-13 3.466e-13 3.177e-13
1.083e-11 1.251e-11 2.299e-11 2.527e-11 1.054e-11 4.766e-12 2.715e-12 1.791e-12 2.080e-12 1.386e-12 1.184e-12 9.821e-13 6.932e-13 4.910e-13 4.044e-13 2.311e-13 1.733e-13 2.311e-13 2.600e-13 3.177e-13
2.628e-12 2.571e-12 3.726e-12 3.235e-12 3.119e-12 1.704e-12 1.386e-12 8.376e-13 6.932e-13 8.665e-13 6.932e-13 6.643e-13 6.066e-13 1.733e-13 3.177e-13 3.755e-13 3.177e-13 2.311e-13 1.733e-13 1.733e-13
5.777e-13 6.354e-13 8.665e-13 7.221e-13 5.488e-13 7.221e-13 4.621e-13 6.932e-13 4.044e-13 4.621e-13 4.621e-13 3.177e-13 3.466e-13 2.022e-13 2.600e-13 3.177e-13 2.311e-13 1.444e-13 8.665e-14 1.155e-13
5.488e-13 3.466e-13 2.888e-13 2.311e-13 4.333e-13 4.044e-13 4.044e-13 2.022e-13 2.311e-13 3.177e-13 2.311e-13 1.733e-13 3.177e-13 2.888e-13 1.444e-13 1.733e-13 2.311e-13 2.600e-13 8.665e-14 1.733e-13
1.155e-13 2.600e-13 1.155e-13 1.444e-13 2.022e-13 2.022e-13 1.733e-13 1.444e-13 1.733e-13 2.600e-13 1.155e-13 1.155e-13 1.444e-13 2.888e-13 1.733e-13 8.665e-14 1.733e-13 1.733e-13 2.022e-13 2.888e-14
1.733e-13 1.444e-13 2.600e-13 1.155e-13 1.733e-13 1.733e-13 1.444e-13 1.155e-13 5.777e-14 1.155e-13 1.155e-13 1.733e-13 1.733e-13 1.155e-13 2.311e-13 1.444e-13 1.155e-13 1.733e-13 2.888e-14 8.665e-14
1.155e-13 1.155e-13 5.777e-14 2.022e-13 2.022e-13 8.665e-14 5.777e-14 5.777e-14 5.777e-14 1.733e-13 1.733e-13 2.600e-13 8.665e-14 1.444e-13 2.888e-14 2.022e-13 5.777e-14 1.444e-13 8.665e-14 2.888e-14
8.665e-14 1.444e-13 5.777e-14 1.155e-13 8.665e-14 8.665e-14 1.444e-13 1.155e-13 1.155e-13 8.665e-14 2.888e-14 2.311e-13 1.733e-13 8.665e-14 5.777e-14 5.777e-14 1.155e-13 1.155e-13 8.665e-14 0.000e+00
1.444e-13 8.665e-14 5.777e-14 8.665e-14 8.665e-14 1.444e-13 8.665e-14 5.777e-14 5.777e-14 1.444e-13 2.022e-13 5.777e-14 2.600e-13 8.665e-14 1.155e-13 1.733e-13 1.444e-13 8.665e-14 8.665e-14 8.665e-14
1.155e-13 8.665e-14 5.777e-14 1.444e-13 8.665e-14 2.888e-14 2.311e-13 2.888e-14 8.665e-14 1.444e-13 2.022e-13 1.155e-13 5.777e-14 5.777e-14 1.155e-13 0.000e+00 1.733e-13 1.444e-13 8.665e-14 8.665e-14
5.777e-14 1.155e-13 1.444e-13 1.155e-13 1.155e-13 8.665e-14 1.733e-13 2.311e-13 1.155e-13 2.888e-14 2.600e-13 1.444e-13 8.665e-14 8.665e-14 1.444e-13 5.777e-14 5.777e-14 5.777e-14 0.000e+00 1.155e-13
2.888e-14 8.665e-14 2.888e-14 1.155e-13 8.665e-14 5.777e-14 5.777e-14 8.665e-14 5.777e-14 2.311e-13 5.777e-14 1.733e-13 2.888e-14 2.022e-13 1.444e-13 8.665e-14 1.444e-13 5.777e-14 1.155e-13 1.155e-13
2.888e-14 1.733e-13 8.665e-14 8.665e-14 8.665e-14 1.444e-13 1.155e-13 2.600e-13 5.777e-14 1.155e-13 1.444e-13 1.444e-13 5.777e-14 1.733e-13 8.665e-14 0.000e+00 1.155e-13 1.444e-13 5.777e-14 1.733e-13
# 2D Marginal for parameters ycen and Pyy with ranges 4.5150e+06 4.5250e+06 and 1.0012e+06 1.0000e+08
2.021e-13 3.176e-13 2.888e-13 3.754e-13 6.353e-13 5.198e-13 2.888e-13 4.909e-13 6.064e-13 3.754e-13 4.331e-13 5.775e-13 7.219e-13 5.486e-13 5.198e-13 4.909e-13 3.754e-13 5.198e-13 5.486e-13 3.754e-13
2.021e-13 1.444e-13 3.176e-13 6.064e-13 3.176e-13 6.641e-13 4.331e-13 6.930e-13 8.085e-13 7.219e-13 5.775e-13 7.508e-13 4.043e-13 7.219e-13 5.775e-13 6.641e-13 6.353e-13 5.775e-13 4.909e-13 6.641e-13
4.331e-13 4.620e-13 4.331e-13 5.198e-13 6.641e-13 6.353e-13 5.198e-13 5.775e-13 6.064e-13 5.486e-13 6.641e-13 6.641e-13 1.011e-12 7.508e-13 6.353e-13 6.641e-13 6.641e-13 7.796e-13 7.508e-13 7.219e-13
5.486e-13 4.909e-13 5.486e-13 1.011e-12 9.529e-13 1.184e-12 9.240e-13 1.473e-12 9.240e-13 8.663e-13 4.909e-13 7.796e-13 1.011e-12 1.011e-12 7.219e-13 9.529e-13 7.219e-13 4.620e-13 9.240e-13 6.930e-13
1.271e-12 7.219e-13 1.357e-12 1.704e-12 2.281e-12 2.223e-12 2.050e-12 2.050e-12 1.733e-12 2.339e-12 1.704e-12 1.530e-12 1.559e-12 1.473e-12 1.155e-12 6.064e-13 9.240e-13 6.353e-13 6.930e-13 8.663e-13
2.397e-12 2.628e-12 3.754e-12 5.486e-12 6.150e-12 6.353e-12 4.909e-12 4.331e-12 3.667e-12 2.166e-12 1.761e-12 1.992e-12 1.415e-12 1.184e-12 1.011e-12 8.951e-13 6.930e-13 6.353e-13 6.930e-13 7.219e-13
5.082e-12 7.854e-12 1.227e-11 2.062e-11 2.350e-11 1.308e-11 6.930e-12 5.660e-12 4.418e-12 3.407e-12 2.223e-12 1.992e-12 1.242e-12 1.040e-12 7.796e-13 6.353e-13 8.951e-13 6.930e-13 4.909e-13 6.064e-13
3.869e-12 6.872e-12 1.363e-11 2.050e-11 2.385e-11 1.057e-11 4.707e-12 4.043e-12 2.397e-12 1.992e-12 1.530e-12 1.068e-12 9.529e-13 9.529e-13 6.353e-13 6.064e-13 5.775e-13 4.043e-13 4.043e-13 2.599e-13
2.108e-12 1.935e-12 2.743e-12 3.119e-12 3.234e-12 2.108e-12 1.617e-12 1.011e-12 1.011e-12 6.064e-13 8.663e-13 8.085e-13 6.064e-13 4.043e-13 5.486e-13 3.754e-13 2.888e-13 4.909e-13 1.733e-13 4.331e-13
7.508e-13 6.641e-13 7.219e-13 5.198e-13 5.775e-13 7.796e-13 5.198e-13 5.486e-13 4.620e-13 5.198e-13 5.198e-13 4.043e-13 1.444e-13 3.176e-13 1.733e-13 2.888e-13 1.444e-13 1.155e-13 2.310e-13 1.733e-13
4.331e-13 3.465e-13 2.310e-13 4.620e-13 3.465e-13 2.599e-13 2.599e-13 2.599e-13 1.444e-13 4.043e-13 3.754e-13 2.310e-13 1.444e-13 1.444e-13 2.599e-13 3.176e-13 2.888e-13 2.310e-13 1.444e-13 2.021e-13
2.310e-13 1.155e-13 8.663e-14 1.155e-13 2.021e-13 1.733e-13 2.021e-13 3.176e-13 2.021e-13 2.021e-13 2.599e-13 2.021e-13 1.733e-13 1.733e-13 1.444e-13 1.155e-13 1.155e-13 1.155e-13 1.155e-13 2.888e-14
5.775e-14 1.155e-13 2.599e-13 1.155e-13 8.663e-14 2.310e-13 2.021e-13 5.775e-14 8.663e-14 8.663e-14 1.444e-13 1.733e-13 8.663e-14 1.155e-13 1.733e-13 2.021e-13 2.021e-13 1.444e-13 2.310e-13 5.775e-14
8.663e-14 2.888e-14 2.021e-13 2.888e-14 1.733e-13 8.663e-14 2.888e-14 2.599e-13 8.663e-14 1.444e-13 2.310e-13 1.733e-13 1.155e-13 2.888e-14 1.733e-13 8.663e-14 5.775e-14 1.733e-13 5.775e-14 1.155e-13
5.775e-14 5.775e-14 1.444e-13 1.155e-13 1.155e-13 8.663e-14 2.021e-13 1.444e-13 8.663e-14 1.733e-13 1.155e-13 2.888e-14 1.733e-13 1.444e-13 2.888e-14 8.663e-14 5.775e-14 5.775e-14 2.888e-14 8.663e-14
1.444e-13 1.155e-13 1.155e-13 1.733e-13 5.775e-14 2.888e-14 8.663e-14 1.155e-13 1.733e-13 1.444e-13 2.888e-14 1.733e-13 1.155e-13 8.663e-14 8.663e-14 2.021e-13 1.155e-13 1.155e-13 1.155e-13 5.775e-14
1.155e-13 1.444e-13 1.444e-13 8.663e-14 5.775e-14 5.775e-14 1.444e-13 1.155e-13 1.733e-13 1.155e-13 8.663e-14 1.733e-13 0.000e+00 8.663e-14 5.775e-14 1.444e-13 1.155e-13 1.155e-13 5.775e-14 5.775e-14
2.310e-13 8.663e-14 8.663e-14 1.733e-13 1.444e-13 8.663e-14 8.663e-14 1.155e-13 1.444e-13 8.663e-14 1.155e-13 8.663e-14 2.888e-14 1.444e-13 8.663e-14 2.888e-14 8.663e-14 1.444e-13 1.155e-13 1.155e-13
1.155e-13 8.663e-14 2.310e-13 1.155e-13 1.155e-13 8.663e-14 1.155e-13 1.155e-13 5.775e-14 1.155e-13 8.663e-14 8.663e-14 2.888e-14 1.155e-13 5.775e-14 5.775e-14 8.663e-14 8.663e-14 1.155e-13 8.663e-14
5.775e-14 1.444e-13 1.733e-13 2.310e-13 5.775e-14 1.155e-13 1.733e-13 5.775e-14 1.733e-13 2.021e-13 2.888e-14 2.888e-14 8.663e-14 2.310e-13 1.444e-13 1.155e-13 5.775e-14 8.663e-14 0.000e+00 8.663e-14
# 2D Marginal for parameters ycen and Pzz with ranges 4.5150e+06 4.5250e+06 and 1.0030e+06 9.9770e+07
4.631e-13 3.184e-13 3.473e-13 4.631e-13 3.473e-13 8.104e-13 8.393e-13 6.946e-13 7.525e-13 7.525e-13 5.789e-13 4.920e-13 5.210e-13 5.789e-13 3.473e-13 2.315e-13 1.158e-13 1.447e-13 1.158e-13 3.184e-13
4.052e-13 2.026e-13 5.499e-13 5.499e-13 4.341e-13 9.841e-13 8.393e-13 8.104e-13 7.815e-13 1.187e-12 7.525e-13 7.815e-13 5.789e-13 6.946e-13 3.763e-13 2.315e-13 3.184e-13 2.026e-13 1.158e-13 2.026e-13
1.737e-13 4.341e-13 3.763e-13 2.894e-13 6.078e-13 9.841e-13 7.815e-13 1.158e-12 1.331e-12 1.013e-12 1.447e-12 8.683e-13 8.104e-13 6.367e-13 6.367e-13 4.920e-13 2.026e-13 1.158e-13 1.447e-13 2.315e-13
3.184e-13 1.737e-13 3.473e-13 5.210e-13 6.078e-13 8.393e-13 1.534e-12 1.679e-12 1.852e-12 1.650e-12 1.794e-12 1.331e-12 1.042e-12 7.815e-13 8.393e-13 4.920e-13 2.605e-13 2.605e-13 2.026e-13 2.026e-13
1.447e-13 2.315e-13 3.473e-13 6.078e-13 1.187e-12 1.737e-12 2.721e-12 3.763e-12 4.284e-12 3.213e-12 2.865e-12 2.547e-12 1.794e-12 1.158e-12 8.972e-13 4.920e-13 4.052e-13 8.683e-14 2.894e-13 1.737e-13
3.763e-13 2.315e-13 4.052e-13 9.262e-13 1.997e-12 5.123e-12 7.120e-12 9.117e-12 8.249e-12 6.252e-12 4.081e-12 3.126e-12 2.489e-12 1.389e-12 8.683e-13 4.341e-13 3.763e-13 1.447e-13 1.737e-13 8.683e-14
8.683e-14 1.737e-13 5.210e-13 1.794e-12 1.166e-11 2.457e-11 2.341e-11 1.719e-11 1.302e-11 7.467e-12 4.833e-12 3.184e-12 2.258e-12 1.563e-12 1.013e-12 3.184e-13 1.737e-13 2.894e-13 8.683e-14 5.789e-14
1.737e-13 2.894e-13 4.052e-13 2.981e-12 1.598e-11 2.767e-11 1.983e-11 1.114e-11 7.236e-12 4.805e-12 2.894e-12 2.142e-12 1.534e-12 1.129e-12 7.525e-13 3.184e-13 2.605e-13 1.737e-13 2.894e-13 5.789e-14
4.341e-13 2.605e-13 4.631e-13 1.216e-12 2.634e-12 3.531e-12 3.907e-12 2.923e-12 2.026e-12 1.881e-12 1.071e-12 1.389e-12 1.129e-12 7.236e-13 3.763e-13 1.447e-13 1.447e-13 2.894e-14 1.158e-13 1.447e-13
2.315e-13 2.026e-13 2.026e-13 4.341e-13 7.236e-13 7.236e-13 8.104e-13 7.815e-13 1.013e-12 7.815e-13 7.525e-13 5.210e-13 3.473e-13 3.473e-13 1.737e-13 2.315e-13 8.683e-14 8.683e-14 2.894e-14 1.158e-13
1.447e-13 1.447e-13 2.315e-13 2.315e-13 3.763e-13 4.920e-13 4.631e-13 4.341e-13 3.473e-13 5.210e-13 3.763e-13 3.473e-13 2.605e-13 3.184e-13 2.026e-13 2.026e-13 2.605e-13 5.789e-14 2.894e-14 5.789e-14
2.315e-13 1.737e-13 1.158e-13 2.315e-13 2.026e-13 2.315e-13 2.026e-13 2.315e-13 2.605e-13 1.737e-13 3.184e-13 2.026e-13 1.737e-13 8.683e-14 5.789e-14 1.158e-13 5.789e-14 8.683e-14 5.789e-14 8.683e-14
1.447e-13 3.184e-13 2.026e-13 1.158e-13 8.683e-14 2.894e-14 2.315e-13 1.737e-13 2.026e-13 2.605e-13 1.447e-13 2.315e-13 1.158e-13 1.158e-13 8.683e-14 2.894e-14 5.789e-14 1.158e-13 1.158e-13 5.789e-14
2.315e-13 2.026e-13 3.184e-13 1.158e-13 8.683e-14 2.026e-13 1.737e-13 5.789e-14 2.026e-13 2.894e-14 0.000e+00 5.789e-14 5.789e-14 1.447e-13 5.789e-14 5.789e-14 1.447e-13 8.683e-14 5.789e-14 5.789e-14
1.447e-13 1.447e-13 2.315e-13 1.737e-13 1.447e-13 2.026e-13 2.894e-14 0.000e+00 8.683e-14 2.605e-13 5.789e-14 5.789e-14 2.894e-14 1.158e-13 8.683e-14 1.158e-13 0.000e+00 8.683e-14 0.000e+00 2.894e-14
1.447e-13 2.315e-13 2.315e-13 1.158e-13 8.683e-14 1.158e-13 2.026e-13 2.026e-13 2.894e-14 1.158e-13 2.894e-14 1.158e-13 8.683e-14 1.447e-13 8.683e-14 0.000e+00 8.683e-14 1.158e-13 8.683e-14 2.894e-14
1.447e-13 1.737e-13 1.447e-13 1.737e-13 2.894e-14 2.605e-13 5.789e-14 2.026e-13 8.683e-14 2.894e-14 1.447e-13 2.894e-14 1.447e-13 5.789e-14 2.894e-14 2.894e-14 1.737e-13 0.000e+00 5.789e-14 8.683e-14
1.737e-13 1.447e-13 1.737e-13 1.158e-13 2.315e-13 5.789e-14 1.158e-13 2.894e-14 2.605e-13 5.789e-14 5.789e-14 8.683e-14 1.737e-13 1.447e-13 2.894e-14 8.683e-14 5.789e-14 5.789e-14 2.894e-14 1.158e-13
2.894e-13 2.026e-13 1.447e-13 1.447e-13 8.683e-14 5.789e-14 8.683e-14 0.000e+00 8.683e-14 5.789e-14 5.789e-14 1.737e-13 5.789e-14 8.683e-14 8.683e-14 2.894e-14 5.789e-14 5.789e-14 8.683e-14 1.158e-13
8.683e-14 2.026e-13 1.447e-13 2.605e-13 1.737e-13 5.789e-14 8.683e-14 1.158e-13 1.158e-13 5.789e-14 1.447e-13 8.683e-14 1.447e-13 8.683e-14 2.894e-14 8.683e-14 8.683e-14 1.158e-13 5.789e-14 1.158e-13
# 2D Marginal for parameters depth and Pxx with ranges 2.0033e+03 7.0000e+03 and 1.0037e+06 9.9972e+07
5.200e-13 5.778e-14 2.311e-13 5.778e-14 2.311e-13 4.044e-13 1.156e-13 1.733e-13 3.467e-13 1.156e-13 1.156e-13 2.311e-13 5.778e-14 1.156e-13 5.778e-14 5.778e-14 3.467e-13 1.733e-13 5.778e-14 2.889e-13
3.467e-13 2.311e-13 4.622e-13 2.889e-13 3.467e-13 0.000e+00 4.044e-13 1.733e-13 1.156e-13 4.044e-13 2.889e-13 1.733e-13 5.778e-14 5.778e-14 1.733e-13 0.000e+00 2.311e-13 2.889e-13 1.733e-13 3.467e-13
2.311e-13 2.889e-13 5.200e-13 2.889e-13 1.156e-13 1.733e-13 2.311e-13 5.778e-14 5.778e-14 5.778e-14 1.156e-13 4.044e-13 2.311e-13 2.311e-13 1.733e-13 1.733e-13 1.733e-13 1.156e-13 2.311e-13 2.889e-13
2.311e-13 4.622e-13 6.933e-13 6.355e-13 2.311e-13 2.311e-13 4.044e-13 1.733e-13 1.733e-13 1.733e-13 2.311e-13 3.467e-13 1.156e-13 2.889e-13 2.311e-13 1.156e-13 1.156e-13 2.311e-13 5.778e-14 1.733e-13
4.044e-13 5.200e-13 1.098e-12 1.098e-12 6.355e-13 4.044e-13 1.156e-13 4.622e-13 1.733e-13 4.622e-13 2.311e-13 2.311e-13 1.733e-13 2.311e-13 5.778e-13 1.156e-13 1.156e-13 1.156e-13 1.156e-13 1.156e-13
5.778e-13 1.444e-12 1.964e-12 3.755e-12 1.502e-12 4.044e-13 6.355e-13 5.200e-13 2.889e-13 5.778e-14 1.733e-13 3.467e-13 1.733e-13 2.889e-13 5.778e-14 1.733e-13 2.311e-13 1.156e-13 4.622e-13 2.889e-13
1.329e-12 2.542e-12 6.644e-12 9.938e-12 3.755e-12 1.560e-12 6.355e-13 3.467e-13 2.889e-13 1.733e-13 3.467e-13 4.044e-13 2.311e-13 2.311e-13 1.156e-13 2.311e-13 2.311e-13 1.733e-13 2.311e-13 1.733e-13
2.022e-12 4.680e-12 1.664e-11 2.086e-11 8.146e-12 1.444e-12 3.467e-13 5.200e-13 5.200e-13 5.778e-13 4.044e-13 5.778e-14 4.622e-13 4.622e-13 0.000e+00 2.311e-13 4.622e-13 2.889e-13 4.622e-13 1.733e-13
1.444e-12 4.853e-12 1.404e-11 1.941e-11 8.146e-12 2.947e-12 1.502e-12 9.822e-13 5.200e-13 4.622e-13 8.089e-13 2.889e-13 3.467e-13 4.622e-13 5.778e-13 3.467e-13 2.889e-13 2.889e-13 2.889e-13 3.467e-13
2.658e-12 4.853e-12 1.080e-11 1.312e-11 6.182e-12 3.004e-12 1.618e-12 1.213e-12 1.329e-12 6.355e-13 8.666e-13 4.044e-13 5.200e-13 2.311e-13 5.778e-13 1.733e-13 5.200e-13 2.889e-13 2.311e-13 1.156e-13
6.818e-12 7.395e-12 1.092e-11 1.179e-11 6.587e-12 3.871e-12 2.196e-12 1.676e-12 1.618e-12 6.933e-13 1.213e-12 5.778e-13 8.666e-13 5.778e-13 4.044e-13 4.622e-13 2.889e-13 5.200e-13 4.044e-13 3.467e-13
1.057e-11 1.052e-11 1.410e-11 9.302e-12 7.107e-12 3.698e-12 2.484e-12 2.022e-12 1.964e-12 1.618e-12 1.676e-12 1.040e-12 1.156e-12 8.089e-13 4.044e-13 2.889e-13 4.044e-13 4.044e-13 4.044e-13 2.889e-13
1.121e-11 9.764e-12 1.052e-11 7.915e-12 6.298e-12 4.564e-12 2.947e-12 2.022e-12 2.253e-12 2.484e-12 1.907e-12 1.156e-12 1.098e-12 4.044e-13 1.156e-12 5.778e-13 6.355e-13 3.467e-13 3.467e-13 6.933e-13
8.493e-12 9.071e-12 9.880e-12 8.204e-12 5.315e-12 4.102e-12 2.947e-12 3.004e-12 1.733e-12 2.196e-12 1.502e-12 1.156e-12 5.778e-13 6.933e-13 8.666e-13 6.933e-13 7.511e-13 2.889e-13 5.778e-13 5.778e-13
8.435e-12 9.533e-12 7.395e-12 7.280e-12 5.200e-12 3.755e-12 2.889e-12 2.369e-12 2.138e-12 2.138e-12 2.253e-12 1.098e-12 6.355e-13 8.089e-13 6.933e-13 8.089e-13 6.933e-13 8.089e-13 8.666e-13 8.089e-13
9.244e-12 9.302e-12 6.991e-12 6.009e-12 4.680e-12 3.178e-12 2.600e-12 2.658e-12 2.196e-12 1.849e-12 1.618e-12 2.253e-12 1.444e-12 1.271e-12 1.040e-12 6.355e-13 9.822e-13 7.511e-13 9.244e-13 5.200e-13
5.662e-12 6.067e-12 5.951e-12 4.680e-12 4.680e-12 3.351e-12 3.871e-12 3.929e-12 2.484e-12 3.178e-12 2.773e-12 2.253e-12 1.098e-12 9.822e-13 1.156e-12 8.666e-13 9.244e-13 1.098e-12 6.933e-13 5.200e-13
4.507e-12 3.524e-12 3.871e-12 4.044e-12 3.582e-12 3.409e-12 3.178e-12 3.004e-12 3.813e-12 2.715e-12 1.907e-12 2.253e-12 1.618e-12 1.271e-12 9.244e-13 1.040e-12 5.778e-13 1.098e-12 1.213e-12 6.355e-13
3.698e-12 3.409e-12 3.351e-12 3.871e-12 3.409e-12 3.351e-12 3.467e-12 3.582e-12 2.831e-12 2.542e-12 1.791e-12 1.676e-12 1.156e-12 9.822e-13 1.098e-12 1.387e-12 1.271e-12 8.089e-13 8.666e-13 1.213e-12
2.831e-12 2.369e-12 2.600e-12 3.813e-12 3.698e-12 3.062e-12 2.715e-12 2.542e-12 3.062e-12 3.293e-12 1.733e-12 2.080e-12 1.791e-12 1.098e-12 8.089e-13 1.156e-12 1.271e-12 9.244e-13 8.666e-13 1.156e-12
# 2D Marginal for parameters depth and Pyy with ranges 2.0033e+03 7.0000e+03 and 1.0012e+06 1.0000e+08
5.776e-13 1.155e-13 1.155e-13 1.733e-13 2.888e-13 1.155e-13 1.155e-13 1.155e-13 1.733e-13 2.310e-13 5.776e-14 1.155e-13 1.733e-13 2.888e-13 1.733e-13 2.310e-13 1.733e-13 1.155e-13 1.155e-13 2.888e-13
4.621e-13 3.466e-13 4.621e-13 4.621e-13 2.888e-13 2.888e-13 4.621e-13 2.888e-13 1.155e-13 0.000e+00 1.155e-13 1.733e-13 5.776e-14 5.776e-14 5.776e-14 2.310e-13 1.733e-13 5.776e-14 2.310e-13 2.310e-13
2.310e-13 1.155e-13 4.621e-13 4.621e-13 2.888e-13 4.043e-13 2.310e-13 1.733e-13 0.000e+00 1.155e-13 2.310e-13 1.155e-13 1.733e-13 1.733e-13 1.733e-13 1.733e-13 5.776e-14 2.888e-13 2.310e-13 5.776e-14
1.733e-13 1.733e-13 5.776e-13 5.198e-13 5.776e-13 1.733e-13 1.733e-13 2.888e-13 2.310e-13 2.888e-13 2.888e-13 1.733e-13 2.310e-13 1.733e-13 1.733e-13 2.310e-13 2.310e-13 1.733e-13 2.310e-13 2.310e-13
5.198e-13 3.466e-13 6.931e-13 9.241e-13 1.271e-12 7.509e-13 2.888e-13 3.466e-13 2.888e-13 2.888e-13 0.000e+00 2.888e-13 3.466e-13 4.043e-13 5.776e-14 5.776e-14 1.733e-13 1.155e-13 1.733e-13 5.776e-14
5.198e-13 6.353e-13 1.559e-12 3.003e-12 2.772e-12 9.819e-13 5.776e-13 2.310e-13 1.733e-13 2.888e-13 2.310e-13 3.466e-13 5.198e-13 3.466e-13 1.733e-13 1.733e-13 1.733e-13 2.310e-13 2.888e-13 2.310e-13
1.097e-12 6.931e-13 3.119e-12 7.971e-12 9.877e-12 2.946e-12 5.776e-13 4.043e-13 5.776e-13 2.888e-13 2.888e-13 2.310e-13 1.733e-13 1.155e-13 1.733e-13 2.888e-13 1.733e-13 1.733e-13 1.733e-13 2.310e-13
1.213e-12 1.733e-12 5.776e-12 1.814e-11 2.126e-11 5.141e-12 1.328e-12 5.776e-13 7.509e-13 4.043e-13 2.310e-13 4.043e-13 2.310e-13 1.733e-13 1.733e-13 1.155e-13 2.310e-13 2.888e-13 2.310e-13 3.466e-13
7.509e-13 1.964e-12 4.043e-12 1.484e-11 2.126e-11 6.989e-12 2.137e-12 6.931e-13 5.776e-13 9.241e-13 9.241e-13 5.198e-13 2.888e-13 6.931e-13 4.043e-13 2.888e-13 2.310e-13 2.888e-13 2.888e-13 2.310e-13
1.328e-12 2.022e-12 5.545e-12 1.092e-11 1.149e-11 7.566e-12 2.195e-12 1.617e-12 1.040e-12 1.271e-12 5.776e-13 7.509e-13 4.043e-13 5.198e-13 3.466e-13 5.776e-13 2.310e-13 2.310e-13 4.043e-13 2.888e-13
2.946e-12 4.967e-12 7.682e-12 1.086e-11 9.819e-12 7.682e-12 3.985e-12 2.137e-12 1.791e-12 1.848e-12 1.328e-12 1.040e-12 5.198e-13 7.509e-13 2.888e-13 4.621e-13 2.310e-13 1.733e-13 4.621e-13 2.310e-13
3.870e-12 6.353e-12 1.097e-11 9.646e-12 1.045e-11 7.855e-12 4.910e-12 3.639e-12 3.234e-12 2.368e-12 1.964e-12 7.509e-13 9.819e-13 8.664e-13 4.043e-13 3.466e-13 2.888e-13 5.776e-13 4.043e-13 3.466e-13
3.292e-12 6.353e-12 8.548e-12 7.278e-12 6.180e-12 6.873e-12 5.198e-12 6.238e-12 4.101e-12 2.715e-12 2.541e-12 1.675e-12 1.617e-12 1.328e-12 1.155e-12 5.776e-13 1.097e-12 3.466e-13 5.198e-13 6.353e-13
2.830e-12 4.794e-12 5.198e-12 5.834e-12 6.585e-12 5.372e-12 5.141e-12 6.527e-12 5.314e-12 3.408e-12 1.964e-12 2.079e-12 1.675e-12 9.819e-13 9.241e-13 1.097e-12 8.086e-13 1.040e-12 6.353e-13 4.043e-13
4.159e-12 3.870e-12 6.122e-12 4.794e-12 5.603e-12 5.891e-12 4.852e-12 5.141e-12 4.274e-12 2.772e-12 2.368e-12 2.137e-12 1.444e-12 1.617e-12 1.155e-12 6.931e-13 8.664e-13 1.271e-12 5.198e-13 1.040e-12
3.523e-12 4.043e-12 4.621e-12 5.256e-12 5.545e-12 5.660e-12 4.447e-12 4.159e-12 3.581e-12 3.812e-12 2.195e-12 2.715e-12 2.022e-12 1.848e-12 1.502e-12 9.819e-13 1.559e-12 9.819e-13 8.086e-13 8.664e-13
3.350e-12 3.119e-12 3.697e-12 3.408e-12 5.718e-12 5.083e-12 3.581e-12 3.754e-12 3.639e-12 2.830e-12 2.830e-12 2.599e-12 2.368e-12 1.906e-12 1.559e-12 1.444e-12 1.444e-12 1.271e-12 1.386e-12 1.213e-12
2.599e-12 2.426e-12 2.079e-12 3.119e-12 2.830e-12 3.928e-12 3.754e-12 2.484e-12 2.484e-12 2.484e-12 2.310e-12 2.599e-12 2.484e-12 2.137e-12 2.079e-12 2.137e-12 1.444e-12 1.386e-12 1.502e-12 1.906e-12
1.733e-12 1.502e-12 2.195e-12 2.484e-12 2.772e-12 2.599e-12 2.484e-12 3.234e-12 2.195e-12 2.022e-12 2.368e-12 2.022e-12 2.079e-12 2.253e-12 2.253e-12 2.657e-12 2.541e-12 1.733e-12 2.484e-12 2.137e-12
1.617e-12 1.097e-12 2.022e-12 2.079e-12 2.195e-12 2.368e-12 2.368e-12 2.830e-12 1.386e-12 2.079e-12 1.675e-12 3.119e-12 2.253e-12 2.715e-12 2.715e-12 2.310e-12 2.079e-12 2.426e-12 1.675e-12 1.848e-12
# 2D Marginal for parameters depth and Pzz with ranges 2.0033e+03 7.0000e+03 and 1.0030e+06 9.9770e+07
4.632e-13 2.895e-13 2.895e-13 1.737e-13 1.737e-13 1.158e-13 2.895e-13 1.737e-13 5.789e-14 5.789e-14 2.316e-13 2.316e-13 3.474e-13 1.737e-13 1.158e-13 2.316e-13 5.789e-14 1.158e-13 0.000e+00 1.737e-13
2.895e-13 1.737e-13 4.053e-13 5.211e-13 1.158e-13 1.737e-13 4.053e-13 1.158e-13 5.789e-14 2.895e-13 4.053e-13 1.158e-13 2.895e-13 2.316e-13 2.316e-13 1.158e-13 3.474e-13 1.158e-13 5.789e-14 1.158e-13
5.789e-14 1.737e-13 2.895e-13 7.526e-13 2.895e-13 2.895e-13 2.316e-13 1.158e-13 1.158e-13 2.316e-13 1.158e-13 2.316e-13 0.000e+00 3.474e-13 1.737e-13 5.789e-14 2.316e-13 2.895e-13 1.737e-13 0.000e+00
4.632e-13 4.632e-13 2.895e-13 5.211e-13 5.211e-13 4.053e-13 1.158e-13 1.737e-13 3.474e-13 1.737e-13 1.737e-13 1.158e-13 2.316e-13 1.158e-13 1.737e-13 2.895e-13 0.000e+00 2.316e-13 2.895e-13 2.316e-13
2.895e-13 4.632e-13 5.211e-13 1.679e-12 1.100e-12 4.053e-13 1.737e-13 4.632e-13 5.789e-14 3.474e-13 1.737e-13 4.632e-13 2.316e-13 1.737e-13 0.000e+00 1.737e-13 3.474e-13 1.158e-13 1.737e-13 5.789e-14
3.474e-13 4.053e-13 8.105e-13 2.258e-12 5.153e-12 1.563e-12 6.368e-13 3.474e-13 1.158e-13 1.158e-13 1.158e-13 1.737e-13 1.737e-13 1.737e-13 1.158e-13 1.158e-13 2.316e-13 1.158e-13 2.895e-13 2.316e-13
5.211e-13 5.211e-13 6.368e-13 3.126e-12 1.332e-11 7.353e-12 1.621e-12 4.632e-13 4.632e-13 1.158e-13 1.158e-13 4.053e-13 2.316e-13 2.316e-13 0.000e+00 5.789e-14 1.737e-13 5.789e-14 5.789e-14 1.737e-13
6.947e-13 2.316e-13 9.842e-13 3.474e-12 2.275e-11 2.408e-11 3.184e-12 5.789e-13 4.053e-13 4.053e-13 4.053e-13 0.000e+00 1.737e-13 4.053e-13 5.789e-14 1.737e-13 1.737e-13 5.789e-14 1.737e-13 4.632e-13
6.368e-13 6.368e-13 8.684e-13 1.737e-12 1.071e-11 2.941e-11 8.974e-12 1.679e-12 1.158e-12 8.105e-13 2.316e-13 2.316e-13 1.737e-13 1.737e-13 1.737e-13 2.895e-13 1.158e-13 1.158e-13 1.737e-13 1.737e-13
5.211e-13 3.474e-13 4.053e-13 1.447e-12 4.342e-12 1.934e-11 1.436e-11 3.647e-12 1.795e-12 1.158e-12 6.947e-13 2.895e-13 1.737e-13 3.474e-13 1.158e-13 0.000e+00 5.789e-14 1.158e-13 5.789e-14 2.316e-13
5.789e-13 5.789e-13 4.632e-13 1.274e-12 4.053e-12 1.609e-11 2.102e-11 7.295e-12 2.895e-12 1.621e-12 8.105e-13 4.053e-13 9.263e-13 2.895e-13 2.895e-13 2.316e-13 1.737e-13 1.737e-13 0.000e+00 1.737e-13
6.368e-13 3.474e-13 1.042e-12 8.105e-13 3.647e-12 1.372e-11 2.426e-11 1.222e-11 5.905e-12 3.242e-12 1.737e-12 9.842e-13 4.632e-13 4.053e-13 3.474e-13 0.000e+00 0.000e+00 2.895e-13 2.316e-13 1.158e-13
7.526e-13 7.526e-13 8.684e-13 1.100e-12 1.911e-12 9.784e-12 1.650e-11 1.494e-11 1.036e-11 4.805e-12 2.779e-12 1.621e-12 3.474e-13 6.368e-13 2.895e-13 5.789e-14 1.158e-13 2.895e-13 2.895e-13 2.316e-13
4.053e-13 5.789e-13 5.211e-13 9.842e-13 1.563e-12 4.458e-12 1.129e-11 1.621e-11 1.100e-11 6.774e-12 3.242e-12 1.795e-12 1.042e-12 1.042e-12 5.211e-13 2.316e-13 4.053e-13 3.474e-13 1.158e-13 2.316e-13
4.053e-13 5.211e-13 5.211e-13 6.368e-13 1.447e-12 3.589e-12 8.163e-12 1.430e-11 1.262e-11 7.237e-12 3.879e-12 2.489e-12 2.084e-12 1.100e-12 6.368e-13 4.053e-13 4.053e-13 5.789e-14 1.158e-13 1.158e-13
4.632e-13 5.211e-13 6.368e-13 5.211e-13 8.684e-13 1.679e-12 6.137e-12 1.204e-11 1.216e-11 8.916e-12 5.847e-12 3.647e-12 2.779e-12 1.447e-12 1.042e-12 4.632e-13 2.895e-13 2.895e-13 2.895e-13 2.316e-13
5.789e-13 3.474e-13 5.789e-13 6.368e-13 1.100e-12 1.911e-12 3.763e-12 7.526e-12 9.958e-12 7.989e-12 7.179e-12 4.979e-12 3.821e-12 2.316e-12 1.563e-12 6.947e-13 4.053e-13 4.053e-13 1.737e-13 4.053e-13
4.053e-13 4.053e-13 6.368e-13 6.368e-13 5.789e-13 1.100e-12 3.126e-12 4.168e-12 6.716e-12 6.253e-12 5.558e-12 6.195e-12 4.111e-12 3.763e-12 1.795e-12 1.042e-12 8.684e-13 3.474e-13 1.737e-13 4.053e-13
3.474e-13 5.211e-13 5.211e-13 4.632e-13 9.842e-13 9.842e-13 1.274e-12 2.489e-12 4.226e-12 6.079e-12 6.195e-12 5.963e-12 5.268e-12 3.300e-12 2.895e-12 1.563e-12 1.216e-12 3.474e-13 8.105e-13 4.053e-13
2.316e-13 6.368e-13 5.211e-13 1.737e-13 7.526e-13 9.263e-13 1.389e-12 2.489e-12 4.053e-12 4.516e-12 4.921e-12 5.211e-12 4.632e-12 3.937e-12 3.532e-12 2.084e-12 1.042e-12 7.526e-13 6.368e-13 5.211e-13
# 2D Marginal for parameters Pxx and Pyy with ranges 1.0037e+06 9.9972e+07 and 1.0012e+06 1.0000e+08
5.074e-16 7.699e-16 8.369e-16 5.628e-16 4.287e-16 3.179e-16 9.915e-17 9.332e-17 4.666e-17 5.249e-17 7.582e-17 9.040e-17 4.083e-17 4.083e-17 4.374e-17 2.916e-17 2.916e-17 1.458e-17 8.748e-18 1.166e-17
3.324e-16 4.666e-16 9.536e-16 8.136e-16 5.745e-16 4.170e-16 3.004e-16 1.779e-16 1.021e-16 1.137e-16 5.249e-17 5.541e-17 6.124e-17 4.083e-17 2.333e-17 4.083e-17 2.041e-17 1.458e-17 8.748e-18 1.750e-17
2.216e-16 3.733e-16 8.719e-16 1.560e-15 1.607e-15 7.115e-16 3.120e-16 2.070e-16 1.662e-16 1.166e-16 4.957e-17 7.290e-17 5.249e-17 2.916e-17 1.458e-17 2.916e-17 2.041e-17 3.208e-17 2.625e-17 2.041e-17
1.458e-16 2.362e-16 4.433e-16 1.505e-15 2.170e-15 9.127e-16 3.266e-16 2.945e-16 2.216e-16 1.254e-16 7.582e-17 7.582e-17 5.832e-17 4.957e-17 4.666e-17 4.083e-17 3.499e-17 5.249e-17 2.333e-17 4.374e-17
1.283e-16 1.225e-16 2.187e-16 6.007e-16 8.719e-16 5.657e-16 3.412e-16 3.033e-16 2.245e-16 1.196e-16 7.582e-17 7.582e-17 8.748e-17 5.541e-17 3.208e-17 5.832e-17 2.625e-17 3.791e-17 4.666e-17 3.791e-17
9.040e-17 4.666e-17 7.582e-17 1.662e-16 2.537e-16 3.558e-16 3.004e-16 2.654e-16 1.721e-16 1.225e-16 8.748e-17 7.874e-17 5.832e-17 6.415e-17 6.999e-17 4.666e-17 2.625e-17 2.625e-17 3.208e-17 2.916e-17
6.124e-17 5.541e-17 5.541e-17 9.623e-17 1.341e-16 1.662e-16 2.041e-16 2.275e-16 1.166e-16 9.915e-17 1.050e-16 8.457e-17 7.290e-17 6.707e-17 5.249e-17 4.957e-17 3.791e-17 4.666e-17 2.916e-17 2.041e-17
7.582e-17 2.625e-17 6.124e-17 5.832e-17 9.332e-17 1.283e-16 1.341e-16 1.341e-16 1.312e-16 1.283e-16 7.874e-17 9.040e-17 8.748e-17 9.332e-17 4.374e-17 3.791e-17 6.999e-17 2.916e-17 5.541e-17 2.916e-17
5.541e-17 4.666e-17 2.625e-17 6.999e-17 3.791e-17 8.457e-17 1.050e-16 1.079e-16 1.691e-16 9.623e-17 8.165e-17 1.050e-16 9.623e-17 4.666e-17 5.541e-17 4.374e-17 5.249e-17 5.249e-17 4.666e-17 2.916e-17
5.832e-17 4.374e-17 3.791e-17 1.458e-17 4.957e-17 3.791e-17 6.999e-17 1.079e-16 1.108e-16 1.137e-16 1.166e-16 8.457e-17 7.874e-17 9.040e-17 6.999e-17 4.374e-17 6.415e-17 4.957e-17 2.625e-17 3.499e-17
2.333e-17 2.916e-17 4.374e-17 4.083e-17 2.625e-17 4.666e-17 4.957e-17 9.623e-17 7.290e-17 8.748e-17 1.050e-16 9.915e-17 7.874e-17 6.124e-17 4.666e-17 4.374e-17 3.208e-17 2.916e-17 4.666e-17 4.957e-17
3.499e-17 2.625e-17 2.916e-17 3.208e-17 2.333e-17 4.374e-17 2.916e-17 4.083e-17 5.249e-17 9.040e-17 9.332e-17 3.499e-17 5.832e-17 4.374e-17 6.124e-17 4.374e-17 4.374e-17 3.791e-17 4.666e-17 6.415e-17
8.748e-18 1.458e-17 1.458e-17 2.333e-17 2.041e-17 3.208e-17 2.916e-17 3.499e-17 4.666e-17 5.832e-17 9.040e-17 4.666e-17 3.791e-17 5.541e-17 5.249e-17 2.041e-17 2.625e-17 2.333e-17 2.916e-17 3.208e-17
1.458e-17 1.750e-17 2.041e-17 1.458e-17 2.916e-17 2.333e-17 2.333e-17 3.208e-17 4.083e-17 5.832e-17 2.041e-17 3.791e-17 2.916e-17 4.666e-17 3.499e-17 2.041e-17 1.458e-17 2.916e-17 3.499e-17 3.791e-17
2.916e-17 1.750e-17 5.832e-18 2.625e-17 3.208e-17 4.083e-17 2.625e-17 2.333e-17 4.083e-17 2.916e-17 3.499e-17 3.208e-17 2.333e-17 1.750e-17 1.750e-17 4.666e-17 4.374e-17 2.916e-17 1.166e-17 3.208e-17
1.166e-17 1.750e-17 3.208e-17 2.625e-17 1.166e-17 1.166e-17 2.916e-17 2.333e-17 1.750e-17 2.625e-17 2.041e-17 2.625e-17 2.333e-17 1.458e-17 2.041e-17 3.499e-17 2.916e-17 2.916e-17 2.625e-17 4.957e-17
2.333e-17 1.458e-17 2.041e-17 1.166e-17 1.458e-17 2.333e-17 2.041e-17 2.916e-17 4.083e-17 3.208e-17 1.458e-17 3.791e-17 5.832e-18 3.791e-17 2.041e-17 3.208e-17 3.208e-17 2.916e-17 5.249e-17 3.791e-17
1.166e-17 2.916e-18 2.625e-17 1.458e-17 1.458e-17 1.750e-17 2.041e-17 2.916e-17 1.166e-17 2.916e-17 2.041e-17 2.041e-17 1.750e-17 4.957e-17 2.625e-17 2.916e-17 3.791e-17 2.625e-17 3.208e-17 2.333e-17
1.166e-17 1.750e-17 1.458e-17 2.041e-17 8.748e-18 2.625e-17 2.625e-17 2.041e-17 1.166e-17 1.750e-17 1.750e-17 3.499e-17 3.208e-17 4.374e-17 2.625e-17 2.916e-17 3.499e-17 3.791e-17 3.499e-17 1.166e-17
1.166e-17 1.166e-17 2.333e-17 5.832e-18 1.458e-17 8.748e-18 1.750e-17 1.750e-17 1.750e-17 2.041e-17 2.041e-17 2.041e-17 1.166e-17 2.916e-17 4.666e-17 4.083e-17 4.083e-17 3.791e-17 2.625e-17 3.499e-17
# 2D Marginal for parameters Pxx and Pzz with ranges 1.0037e+06 9.9972e+07 and 1.0030e+06 9.9770e+07
2.923e-17 3.215e-17 4.677e-17 1.491e-16 3.069e-16 8.886e-16 9.675e-16 8.477e-16 4.121e-16 1.432e-16 9.938e-17 6.138e-17 4.092e-17 2.923e-17 1.754e-17 2.923e-18 8.769e-18 1.169e-17 1.169e-17 2.923e-18
2.338e-17 1.754e-17 4.384e-17 1.637e-16 5.261e-16 8.009e-16 1.052e-15 8.535e-16 5.378e-16 2.543e-16 1.169e-16 7.015e-17 4.092e-17 2.046e-17 1.754e-17 5.846e-18 2.046e-17 2.923e-18 2.046e-17 8.769e-18
4.092e-17 2.631e-17 4.677e-17 2.397e-16 1.026e-15 1.649e-15 1.397e-15 8.652e-16 5.817e-16 2.981e-16 1.286e-16 6.431e-17 6.138e-17 2.338e-17 2.046e-17 2.046e-17 0.000e+00 8.769e-18 2.923e-18 8.769e-18
4.677e-17 2.046e-17 5.261e-17 1.549e-16 1.155e-15 1.944e-15 1.280e-15 7.804e-16 5.729e-16 4.004e-16 1.900e-16 9.061e-17 6.723e-17 4.969e-17 3.215e-17 5.846e-18 2.923e-17 5.846e-18 1.461e-17 5.846e-18
3.508e-17 2.046e-17 5.261e-17 7.015e-17 3.595e-16 8.447e-16 6.840e-16 5.671e-16 5.232e-16 3.274e-16 1.812e-16 1.315e-16 9.938e-17 6.431e-17 2.923e-17 2.046e-17 5.846e-18 1.754e-17 2.923e-18 2.923e-18
3.508e-17 2.923e-17 2.631e-17 4.969e-17 9.938e-17 2.426e-16 3.186e-16 3.800e-16 3.741e-16 2.718e-16 1.754e-16 1.198e-16 1.169e-16 5.846e-17 3.800e-17 8.769e-18 2.923e-18 5.846e-18 0.000e+00 2.046e-17
3.215e-17 1.754e-17 3.508e-17 3.215e-17 4.677e-17 8.769e-17 1.491e-16 1.754e-16 2.572e-16 2.689e-16 2.221e-16 1.988e-16 8.477e-17 5.554e-17 4.969e-17 3.800e-17 5.846e-18 1.754e-17 2.923e-18 8.769e-18
2.923e-17 4.092e-17 1.461e-17 3.800e-17 4.092e-17 7.307e-17 1.111e-16 1.023e-16 2.192e-16 2.631e-16 2.338e-16 1.666e-16 8.769e-17 7.892e-17 4.677e-17 1.169e-17 8.769e-18 5.846e-18 8.769e-18 8.769e-18
2.338e-17 1.754e-17 3.215e-17 2.338e-17 3.215e-17 8.184e-17 1.111e-16 9.354e-17 1.841e-16 1.549e-16 1.695e-16 1.461e-16 1.315e-16 7.892e-17 4.969e-17 3.215e-17 1.461e-17 8.769e-18 1.754e-17 8.769e-18
8.769e-18 4.677e-17 3.508e-17 3.800e-17 4.092e-17 5.261e-17 6.723e-17 9.938e-17 1.491e-16 1.432e-16 1.403e-16 1.520e-16 1.140e-16 1.052e-16 4.969e-17 2.923e-17 5.846e-18 1.461e-17 5.846e-18 8.769e-18
1.461e-17 2.923e-17 4.384e-17 1.754e-17 1.754e-17 5.261e-17 5.554e-17 8.477e-17 1.052e-16 1.432e-16 1.257e-16 1.520e-16 1.052e-16 5.261e-17 3.800e-17 1.754e-17 2.046e-17 8.769e-18 8.769e-18 1.754e-17
2.631e-17 2.046e-17 2.338e-17 3.508e-17 2.631e-17 2.923e-17 3.215e-17 4.677e-17 8.769e-17 6.723e-17 9.646e-17 1.023e-16 9.938e-17 8.184e-17 6.138e-17 4.092e-17 2.046e-17 1.169e-17 5.846e-18 1.754e-17
2.338e-17 1.169e-17 8.769e-18 1.754e-17 2.631e-17 3.508e-17 3.215e-17 4.969e-17 5.554e-17 7.600e-17 6.723e-17 9.354e-17 6.723e-17 4.384e-17 2.923e-17 1.754e-17 1.754e-17 2.923e-18 5.846e-18 1.754e-17
2.046e-17 1.461e-17 1.169e-17 2.338e-17 2.338e-17 3.215e-17 3.215e-17 1.754e-17 4.092e-17 6.138e-17 4.677e-17 3.215e-17 5.846e-17 4.969e-17 3.215e-17 1.754e-17 1.754e-17 1.461e-17 1.169e-17 2.338e-17
1.461e-17 4.092e-17 2.338e-17 3.215e-17 1.169e-17 2.631e-17 2.046e-17 3.508e-17 2.631e-17 4.092e-17 6.138e-17 3.215e-17 4.384e-17 5.846e-17 1.754e-17 2.923e-18 4.092e-17 5.846e-18 2.046e-17 5.846e-18
8.769e-18 1.754e-17 1.461e-17 1.461e-17 1.169e-17 1.461e-17 3.508e-17 2.046e-17 3.215e-17 4.384e-17 4.384e-17 3.508e-17 3.800e-17 4.092e-17 2.923e-17 2.046e-17 1.461e-17 2.338e-17 1.754e-17 5.846e-18
1.169e-17 1.461e-17 3.215e-17 1.461e-17 1.461e-17 5.846e-18 8.769e-18 4.092e-17 4.092e-17 3.800e-17 2.046e-17 5.554e-17 4.092e-17 4.384e-17 5.261e-17 2.338e-17 2.631e-17 1.169e-17 2.046e-17 1.461e-17
8.769e-18 8.769e-18 1.461e-17 1.169e-17 1.461e-17 2.046e-17 2.338e-17 2.046e-17 2.631e-17 2.923e-17 5.846e-17 2.631e-17 3.215e-17 3.800e-17 4.092e-17 2.631e-17 2.631e-17 1.461e-17 1.461e-17 5.846e-18
1.169e-17 5.846e-18 2.338e-17 1.754e-17 1.169e-17 2.338e-17 2.046e-17 1.461e-17 1.461e-17 3.215e-17 5.261e-17 3.800e-17 2.923e-17 3.508e-17 3.800e-17 4.384e-17 2.046e-17 1.754e-17 1.169e-17 1.754e-17
1.461e-17 1.754e-17 1.461e-17 1.461e-17 1.461e-17 3.215e-17 8.769e-18 2.631e-17 2.338e-17 2.923e-17 3.215e-17 2.631e-17 2.923e-17 3.215e-17 2.046e-17 3.215e-17 2.923e-17 2.338e-17 1.169e-17 2.631e-17
# 2D Marginal for parameters Pyy and Pzz with ranges 1.0012e+06 1.0000e+08 and 1.0030e+06 9.9770e+07
5.844e-17 3.799e-17 6.429e-17 7.890e-17 1.607e-16 3.682e-16 3.477e-16 3.127e-16 1.666e-16 9.935e-17 3.799e-17 2.630e-17 3.507e-17 2.630e-17 5.844e-18 5.844e-18 5.844e-18 2.922e-18 1.169e-17 8.766e-18
3.507e-17 2.338e-17 4.383e-17 7.305e-17 2.425e-16 5.903e-16 5.289e-16 3.623e-16 1.607e-16 1.198e-16 4.383e-17 3.799e-17 3.507e-17 1.169e-17 1.461e-17 5.844e-18 5.844e-18 2.922e-18 8.766e-18 1.461e-17
3.507e-17 4.091e-17 3.507e-17 2.192e-16 5.377e-16 8.562e-16 9.175e-16 5.026e-16 2.893e-16 1.578e-16 7.013e-17 5.552e-17 1.461e-17 2.338e-17 8.766e-18 1.169e-17 8.766e-18 8.766e-18 1.169e-17 1.461e-17
2.922e-17 1.461e-17 4.968e-17 2.016e-16 1.137e-15 1.674e-15 1.175e-15 6.019e-16 3.156e-16 2.075e-16 1.052e-16 5.844e-17 1.461e-17 2.045e-17 8.766e-18 8.766e-18 8.766e-18 1.753e-17 1.461e-17 1.169e-17
2.922e-17 5.260e-17 3.799e-17 1.607e-16 1.049e-15 2.002e-15 1.347e-15 6.721e-16 4.792e-16 2.805e-16 1.286e-16 4.968e-17 4.968e-17 2.630e-17 1.753e-17 1.169e-17 5.844e-18 5.844e-18 5.844e-18 1.753e-17
1.169e-17 2.045e-17 4.675e-17 8.766e-17 2.513e-16 6.633e-16 9.146e-16 8.445e-16 4.120e-16 3.039e-16 1.753e-16 1.081e-16 6.429e-17 2.338e-17 0.000e+00 1.461e-17 1.461e-17 1.169e-17 0.000e+00 1.169e-17
2.922e-18 1.461e-17 3.214e-17 2.922e-17 7.890e-17 1.870e-16 4.120e-16 4.821e-16 4.120e-16 2.688e-16 2.045e-16 1.403e-16 7.305e-17 2.922e-17 3.507e-17 1.461e-17 1.753e-17 1.753e-17 5.844e-18 1.169e-17
3.799e-17 2.045e-17 2.045e-17 2.922e-17 6.136e-17 9.058e-17 1.724e-16 4.179e-16 5.552e-16 2.864e-16 2.396e-16 1.753e-16 6.136e-17 5.260e-17 8.766e-18 1.461e-17 1.169e-17 8.766e-18 5.844e-18 0.000e+00
2.922e-17 2.630e-17 2.630e-17 5.260e-17 4.091e-17 7.890e-17 1.198e-16 2.659e-16 4.003e-16 2.718e-16 1.929e-16 1.461e-16 7.597e-17 3.214e-17 1.753e-17 1.461e-17 1.169e-17 5.844e-18 2.922e-18 5.844e-18
2.338e-17 8.766e-18 1.461e-17 3.214e-17 2.338e-17 5.844e-17 8.474e-17 1.812e-16 3.302e-16 2.776e-16 1.432e-16 9.935e-17 9.351e-17 7.890e-17 3.799e-17 2.922e-17 5.844e-18 2.922e-18 5.844e-18 8.766e-18
1.753e-17 2.922e-17 2.338e-17 2.630e-17 3.799e-17 5.552e-17 7.013e-17 7.597e-17 1.695e-16 1.987e-16 1.753e-16 1.169e-16 9.643e-17 5.552e-17 4.675e-17 1.169e-17 1.169e-17 8.766e-18 8.766e-18 2.922e-18
2.045e-17 2.922e-17 2.338e-17 3.507e-17 2.922e-17 4.675e-17 4.091e-17 9.058e-17 1.724e-16 1.227e-16 1.578e-16 1.519e-16 1.227e-16 7.013e-17 5.260e-17 1.169e-17 1.169e-17 2.922e-18 8.766e-18 5.844e-18
1.753e-17 2.045e-17 1.753e-17 2.338e-17 1.169e-17 6.136e-17 6.136e-17 4.968e-17 9.058e-17 9.058e-17 1.286e-16 1.636e-16 1.169e-16 8.182e-17 1.461e-17 1.753e-17 5.844e-18 1.169e-17 1.753e-17 1.169e-17
8.766e-18 2.630e-17 1.753e-17 2.630e-17 2.922e-17 3.799e-17 4.968e-17 4.091e-17 6.136e-17 5.844e-17 1.403e-16 1.169e-16 1.461e-16 7.013e-17 5.260e-17 4.091e-17 1.753e-17 1.169e-17 2.045e-17 5.844e-18
2.045e-17 1.753e-17 1.753e-17 8.766e-18 3.214e-17 3.507e-17 3.214e-17 4.383e-17 5.552e-17 7.597e-17 7.597e-17 6.429e-17 7.597e-17 7.013e-17 7.013e-17 2.630e-17 2.922e-17 2.338e-17 1.461e-17 1.753e-17
2.045e-17 1.753e-17 2.922e-17 2.630e-17 2.630e-17 2.922e-17 4.091e-17 3.799e-17 4.383e-17 7.305e-17 4.968e-17 4.675e-17 8.182e-17 7.597e-17 6.429e-17 3.507e-17 2.630e-17 1.753e-17 1.753e-17 2.922e-18
1.753e-17 2.045e-17 2.630e-17 1.461e-17 1.753e-17 2.045e-17 1.753e-17 3.507e-17 5.260e-17 4.091e-17 5.844e-17 6.136e-17 8.182e-17 7.013e-17 7.305e-17 3.507e-17 3.799e-17 1.461e-17 8.766e-18 1.461e-17
5.844e-18 1.169e-17 1.461e-17 1.461e-17 8.766e-18 3.507e-17 2.338e-17 2.045e-17 4.091e-17 5.552e-17 4.675e-17 6.721e-17 4.383e-17 8.182e-17 7.013e-17 2.922e-17 3.507e-17 2.338e-17 2.045e-17 1.753e-17
2.045e-17 8.766e-18 2.922e-17 1.753e-17 8.766e-18 2.630e-17 2.045e-17 2.338e-17 3.214e-17 4.091e-17 3.799e-17 4.968e-17 6.429e-17 7.890e-17 6.429e-17 4.091e-17 3.507e-17 1.461e-17 1.461e-17 1.753e-17
1.753e-17 8.766e-18 2.630e-17 0.000e+00 2.045e-17 1.753e-17 2.922e-17 5.844e-17 2.338e-17 5.552e-17 4.968e-17 5.844e-17 4.091e-17 6.136e-17 4.675e-17 3.799e-17 2.922e-17 2.045e-17 1.169e-17 3.507e-17
