# 2D Marginal for parameters xcen and ycen with ranges 4.2613e+05 4.2636e+05 and 4.5187e+06 4.5189e+06
0.000e+00 0.000e+00 0.000e+00 0.000e+00 0.000e+00 0.000e+00 0.000e+00 0.000e+00 0.000e+00 0.000e+00 0.000e+00 0.000e+00 0.000e+00 2.029e-06 8.118e-06 0.000e+00 0.000e+00 0.000e+00 0.000e+00 0.000e+00
0.000e+00 0.000e+00 0.000e+00 0.000e+00 0.000e+00 0.000e+00 0.000e+00 0.000e+00 0.000e+00 0.000e+00 0.000e+00 0.000e+00 6.088e-06 6.088e-06 4.059e-06 0.000e+00 0.000e+00 0.000e+00 0.000e+00 0.000e+00
0.000e+00 0.000e+00 0.000e+00 0.000e+00 0.000e+00 0.000e+00 0.000e+00 0.000e+00 0.000e+00 0.000e+00 2.029e-06 1.015e-05 1.421e-05 4.059e-06 0.000e+00 0.000e+00 0.000e+00 0.000e+00 0.000e+00 0.000e+00
0.000e+00 0.000e+00 0.000e+00 0.000e+00 0.000e+00 0.000e+00 0.000e+00 0.000e+00 0.000e+00 2.029e-06 0.000e+00 1.218e-05 4.059e-06 0.000e+00 0.000e+00 0.000e+00 0.000e+00 0.000e+00 0.000e+00 0.000e+00
0.000e+00 0.000e+00 0.000e+00 0.000e+00 0.000e+00 0.000e+00 0.000e+00 0.000e+00 0.000e+00 2.029e-06 6.088e-06 6.088e-06 4.059e-06 0.000e+00 0.000e+00 0.000e+00 0.000e+00 0.000e+00 0.000e+00 0.000e+00
0.000e+00 0.000e+00 0.000e+00 0.000e+00 0.000e+00 0.000e+00 0.000e+00 0.000e+00 6.088e-06 2.029e-06 0.000e+00 0.000e+00 0.000e+00 0.000e+00 0.000e+00 0.000e+00 0.000e+00 0.000e+00 0.000e+00 0.000e+00
0.000e+00 0.000e+00 0.000e+00 0.000e+00 2.029e-06 0.000e+00 8.118e-06 0.000e+00 2.029e-06 0.000e+00 0.000e+00 0.000e+00 0.000e+00 0.000e+00 0.000e+00 0.000e+00 0.000e+00 0.000e+00 0.000e+00 0.000e+00
0.000e+00 0.000e+00 2.029e-06 4.059e-06 2.029e-06 6.088e-06 2.029e-06 2.029e-06 0.000e+00 0.000e+00 0.000e+00 0.000e+00 0.000e+00 0.000e+00 0.000e+00 0.000e+00 0.000e+00 0.000e+00 0.000e+00 0.000e+00
0.000e+00 0.000e+00 4.059e-06 1.624e-05 1.015e-05 6.088e-06 0.000e+00 0.000e+00 0.000e+00 0.000e+00 0.000e+00 0.000e+00 0.000e+00 0.000e+00 0.000e+00 0.000e+00 0.000e+00 0.000e+00 0.000e+00 0.000e+00
0.000e+00 1.218e-05 1.624e-05 1.218e-05 4.059e-06 0.000e+00 0.000e+00 0.000e+00 0.000e+00 0.000e+00 0.000e+00 0.000e+00 0.000e+00 0.000e+00 0.000e+00 0.000e+00 0.000e+00 0.000e+00 0.000e+00 0.000e+00
8.118e-06 4.059e-06 4.059e-06 4.059e-06 0.000e+00 4.059e-06 2.029e-06 0.000e+00 0.000e+00 0.000e+00 0.000e+00 0.000e+00 0.000e+00 0.000e+00 0.000e+00 0.000e+00 0.000e+00 0.000e+00 0.000e+00 0.000e+00
0.000e+00 2.029e-06 0.000e+00 0.000e+00 2.029e-06 2.029e-06 2.029e-06 2.029e-06 0.000e+00 0.000e+00 2.029e-06 0.000e+00 2.029e-06 0.000e+00 0.000e+00 0.000e+00 0.000e+00 0.000e+00 0.000e+00 0.000e+00
0.000e+00 0.000e+00 2.029e-06 2.029e-06 0.000e+00 1.015e-05 4.059e-06 2.029e-06 6.088e-06 6.088e-06 1.218e-05 4.059e-06 0.000e+00 2.029e-06 0.000e+00 0.000e+00 0.000e+00 0.000e+00 0.000e+00 0.000e+00
0.000e+00 0.000e+00 0.000e+00 4.059e-06 0.000e+00 0.000e+00 4.059e-06 8.118e-06 1.015e-05 1.624e-05 6.088e-06 2.029e-06 6.088e-06 0.000e+00 2.029e-06 2.029e-06 0.000e+00 2.029e-06 0.000e+00 0.000e+00
0.000e+00 0.000e+00 0.000e+00 2.029e-06 2.029e-06 0.000e+00 0.000e+00 1.218e-05 6.088e-06 1.015e-05 8.118e-06 1.015e-05 6.088e-06 1.015e-05 2.029e-05 3.044e-05 1.015e-05 1.827e-05 2.029e-06 2.029e-06
0.000e+00 0.000e+00 0.000e+00 0.000e+00 0.000e+00 0.000e+00 0.000e+00 2.029e-06 4.059e-06 2.029e-06 0.000e+00 8.118e-06 5.074e-05 1.279e-04 2.598e-04 3.430e-04 2.577e-04 1.116e-04 2.435e-05 4.059e-06
0.000e+00 0.000e+00 0.000e+00 0.000e+00 0.000e+00 0.000e+00 0.000e+00 4.059e-06 2.029e-06 0.000e+00 0.000e+00 8.118e-06 1.055e-04 3.247e-04 9.153e-04 1.102e-03 8.321e-04 3.227e-04 8.321e-05 6.088e-06
0.000e+00 0.000e+00 0.000e+00 0.000e+00 0.000e+00 0.000e+00 0.000e+00 0.000e+00 0.000e+00 0.000e+00 0.000e+00 6.088e-06 6.900e-05 4.120e-04 9.315e-04 1.240e-03 9.498e-04 4.120e-04 1.137e-04 1.827e-05
0.000e+00 0.000e+00 0.000e+00 0.000e+00 0.000e+00 0.000e+00 0.000e+00 0.000e+00 0.000e+00 0.000e+00 0.000e+00 0.000e+00 2.435e-05 1.238e-04 3.430e-04 3.937e-04 4.100e-04 1.624e-04 4.262e-05 2.029e-06
0.000e+00 0.000e+00 0.000e+00 0.000e+00 0.000e+00 0.000e+00 0.000e+00 0.000e+00 0.000e+00 0.000e+00 0.000e+00 0.000e+00 0.000e+00 4.059e-06 3.247e-05 3.653e-05 5.886e-05 2.232e-05 6.088e-06 2.029e-06
# 2D Marginal for parameters xcen and depth with ranges 4.2613e+05 4.2636e+05 and 2.5432e+03 2.9691e+03
0.000e+00 0.000e+00 0.000e+00 0.000e+00 0.000e+00 0.000e+00 0.000e+00 0.000e+00 0.000e+00 0.000e+00 2.974e-06 7.434e-07 0.000e+00 0.000e+00 0.000e+00 0.000e+00 0.000e+00 0.000e+00 0.000e+00 0.000e+00
0.000e+00 0.000e+00 0.000e+00 0.000e+00 0.000e+00 0.000e+00 0.000e+00 0.000e+00 0.000e+00 0.000e+00 2.230e-06 2.230e-06 7.434e-07 7.434e-07 0.000e+00 0.000e+00 0.000e+00 0.000e+00 0.000e+00 0.000e+00
0.000e+00 0.000e+00 0.000e+00 0.000e+00 0.000e+00 0.000e+00 0.000e+00 0.000e+00 0.000e+00 0.000e+00 7.434e-07 1.487e-06 2.230e-06 2.974e-06 2.230e-06 7.434e-07 0.000e+00 7.434e-07 0.000e+00 0.000e+00
0.000e+00 0.000e+00 0.000e+00 0.000e+00 0.000e+00 0.000e+00 0.000e+00 0.000e+00 7.434e-07 7.434e-07 7.434e-07 1.487e-06 2.230e-06 0.000e+00 7.434e-07 0.000e+00 0.000e+00 0.000e+00 0.000e+00 0.000e+00
0.000e+00 0.000e+00 0.000e+00 0.000e+00 0.000e+00 0.000e+00 0.000e+00 7.434e-07 0.000e+00 7.434e-07 1.487e-06 0.000e+00 2.974e-06 0.000e+00 0.000e+00 0.000e+00 0.000e+00 7.434e-07 0.000e+00 0.000e+00
0.000e+00 0.000e+00 0.000e+00 0.000e+00 0.000e+00 0.000e+00 0.000e+00 0.000e+00 0.000e+00 7.434e-07 7.434e-07 7.434e-07 0.000e+00 0.000e+00 0.000e+00 0.000e+00 0.000e+00 0.000e+00 0.000e+00 7.434e-07
0.000e+00 0.000e+00 0.000e+00 0.000e+00 0.000e+00 0.000e+00 0.000e+00 7.434e-07 0.000e+00 2.230e-06 7.434e-07 0.000e+00 0.000e+00 0.000e+00 0.000e+00 0.000e+00 0.000e+00 0.000e+00 7.434e-07 0.000e+00
0.000e+00 0.000e+00 0.000e+00 0.000e+00 0.000e+00 0.000e+00 2.230e-06 1.487e-06 7.434e-07 2.230e-06 0.000e+00 0.000e+00 0.000e+00 0.000e+00 0.000e+00 0.000e+00 0.000e+00 0.000e+00 0.000e+00 0.000e+00
0.000e+00 0.000e+00 0.000e+00 0.000e+00 0.000e+00 7.434e-07 2.974e-06 1.487e-06 3.717e-06 3.717e-06 7.434e-07 0.000e+00 0.000e+00 0.000e+00 0.000e+00 0.000e+00 0.000e+00 0.000e+00 0.000e+00 0.000e+00
0.000e+00 0.000e+00 0.000e+00 0.000e+00 0.000e+00 7.434e-07 5.204e-06 4.460e-06 5.947e-06 0.000e+00 0.000e+00 0.000e+00 0.000e+00 0.000e+00 0.000e+00 0.000e+00 0.000e+00 0.000e+00 0.000e+00 0.000e+00
0.000e+00 0.000e+00 0.000e+00 0.000e+00 0.000e+00 1.487e-06 4.460e-06 2.230e-06 0.000e+00 0.000e+00 7.434e-07 7.434e-07 0.000e+00 0.000e+00 0.000e+00 0.000e+00 0.000e+00 0.000e+00 0.000e+00 0.000e+00
0.000e+00 0.000e+00 0.000e+00 0.000e+00 7.434e-07 0.000e+00 2.974e-06 0.000e+00 7.434e-07 0.000e+00 0.000e+00 7.434e-07 0.000e+00 0.000e+00 0.000e+00 0.000e+00 0.000e+00 0.000e+00 0.000e+00 0.000e+00
0.000e+00 0.000e+00 0.000e+00 0.000e+00 0.000e+00 7.434e-07 2.230e-06 1.115e-05 4.460e-06 0.000e+00 0.000e+00 0.000e+00 0.000e+00 0.000e+00 0.000e+00 0.000e+00 0.000e+00 0.000e+00 0.000e+00 0.000e+00
0.000e+00 0.000e+00 1.487e-06 0.000e+00 1.487e-06 1.487e-06 1.487e-06 2.230e-06 1.412e-05 7.434e-07 0.000e+00 0.000e+00 0.000e+00 0.000e+00 0.000e+00 0.000e+00 0.000e+00 0.000e+00 0.000e+00 0.000e+00
0.000e+00 5.947e-06 2.453e-05 9.664e-06 1.487e-06 7.434e-07 0.000e+00 1.487e-06 1.041e-05 7.434e-07 0.000e+00 0.000e+00 0.000e+00 0.000e+00 0.000e+00 0.000e+00 0.000e+00 0.000e+00 0.000e+00 0.000e+00
8.921e-06 6.096e-05 2.171e-04 1.234e-04 2.082e-05 2.230e-06 7.434e-07 0.000e+00 2.230e-06 1.487e-06 0.000e+00 0.000e+00 0.000e+00 0.000e+00 0.000e+00 0.000e+00 0.000e+00 0.000e+00 0.000e+00 0.000e+00
1.784e-05 2.453e-04 6.505e-04 3.918e-04 4.609e-05 2.230e-06 0.000e+00 0.000e+00 2.230e-06 1.487e-06 0.000e+00 0.000e+00 0.000e+00 0.000e+00 0.000e+00 0.000e+00 0.000e+00 0.000e+00 0.000e+00 0.000e+00
3.271e-05 3.479e-04 7.285e-04 3.814e-04 3.048e-05 0.000e+00 0.000e+00 0.000e+00 0.000e+00 0.000e+00 0.000e+00 0.000e+00 0.000e+00 0.000e+00 0.000e+00 0.000e+00 0.000e+00 0.000e+00 0.000e+00 0.000e+00
1.338e-05 1.442e-04 2.632e-04 1.175e-04 1.189e-05 0.000e+00 0.000e+00 0.000e+00 0.000e+00 0.000e+00 0.000e+00 0.000e+00 0.000e+00 0.000e+00 0.000e+00 0.000e+00 0.000e+00 0.000e+00 0.000e+00 0.000e+00
2.974e-06 1.189e-05 3.568e-05 6.691e-06 2.230e-06 0.000e+00 0.000e+00 0.000e+00 0.000e+00 0.000e+00 0.000e+00 0.000e+00 0.000e+00 0.000e+00 0.000e+00 0.000e+00 0.000e+00 0.000e+00 0.000e+00 0.000e+00
# 2D Marginal for parameters xcen and dP_mu with ranges 4.2613e+05 4.2636e+05 and 3.0681e-03 3.6823e-03
0.000e+00 0.000e+00 0.000e+00 0.000e+00 0.000e+00 0.000e+00 0.000e+00 5.155e-01 5.155e-01 1.546e+00 0.000e+00 0.000e+00 0.000e+00 0.000e+00 0.000e+00 0.000e+00 0.000e+00 0.000e+00 0.000e+00 0.000e+00
0.000e+00 0.000e+00 0.000e+00 0.000e+00 0.000e+00 0.000e+00 0.000e+00 0.000e+00 2.062e+00 0.000e+00 1.546e+00 0.000e+00 5.155e-01 0.000e+00 0.000e+00 0.000e+00 0.000e+00 0.000e+00 0.000e+00 0.000e+00
0.000e+00 0.000e+00 0.000e+00 0.000e+00 0.000e+00 0.000e+00 0.000e+00 5.155e-01 0.000e+00 1.031e+00 1.546e+00 1.031e+00 1.546e+00 1.031e+00 0.000e+00 5.155e-01 5.155e-01 0.000e+00 0.000e+00 0.000e+00
0.000e+00 0.000e+00 0.000e+00 0.000e+00 5.155e-01 0.000e+00 5.155e-01 0.000e+00 0.000e+00 1.031e+00 1.546e+00 0.000e+00 5.155e-01 0.000e+00 0.000e+00 5.155e-01 0.000e+00 0.000e+00 0.000e+00 0.000e+00
0.000e+00 0.000e+00 0.000e+00 5.155e-01 0.000e+00 0.000e+00 5.155e-01 5.155e-01 5.155e-01 1.031e+00 0.000e+00 1.031e+00 0.000e+00 0.000e+00 0.000e+00 0.000e+00 5.155e-01 0.000e+00 0.000e+00 0.000e+00
0.000e+00 0.000e+00 0.000e+00 0.000e+00 0.000e+00 0.000e+00 5.155e-01 0.000e+00 0.000e+00 5.155e-01 5.155e-01 0.000e+00 0.000e+00 0.000e+00 0.000e+00 0.000e+00 0.000e+00 0.000e+00 0.000e+00 5.155e-01
0.000e+00 0.000e+00 0.000e+00 0.000e+00 0.000e+00 0.000e+00 0.000e+00 0.000e+00 5.155e-01 1.546e+00 5.155e-01 0.000e+00 0.000e+00 0.000e+00 0.000e+00 5.155e-01 0.000e+00 0.000e+00 0.000e+00 0.000e+00
0.000e+00 0.000e+00 0.000e+00 0.000e+00 0.000e+00 0.000e+00 5.155e-01 1.031e+00 2.062e+00 1.031e+00 0.000e+00 0.000e+00 0.000e+00 0.000e+00 0.000e+00 0.000e+00 0.000e+00 0.000e+00 0.000e+00 0.000e+00
0.000e+00 0.000e+00 0.000e+00 0.000e+00 0.000e+00 0.000e+00 0.000e+00 0.000e+00 7.732e+00 1.546e+00 0.000e+00 0.000e+00 0.000e+00 0.000e+00 0.000e+00 0.000e+00 0.000e+00 0.000e+00 0.000e+00 0.000e+00
0.000e+00 0.000e+00 0.000e+00 0.000e+00 0.000e+00 0.000e+00 0.000e+00 2.062e+00 8.248e+00 5.155e-01 5.155e-01 0.000e+00 0.000e+00 0.000e+00 0.000e+00 0.000e+00 0.000e+00 0.000e+00 0.000e+00 0.000e+00
0.000e+00 0.000e+00 0.000e+00 0.000e+00 0.000e+00 0.000e+00 1.031e+00 2.062e+00 1.031e+00 1.031e+00 1.546e+00 0.000e+00 0.000e+00 0.000e+00 0.000e+00 0.000e+00 0.000e+00 0.000e+00 0.000e+00 0.000e+00
0.000e+00 0.000e+00 0.000e+00 0.000e+00 0.000e+00 0.000e+00 5.155e-01 0.000e+00 0.000e+00 5.155e-01 2.062e+00 5.155e-01 0.000e+00 0.000e+00 0.000e+00 0.000e+00 0.000e+00 0.000e+00 0.000e+00 0.000e+00
0.000e+00 0.000e+00 0.000e+00 0.000e+00 0.000e+00 0.000e+00 0.000e+00 0.000e+00 5.155e-01 4.639e+00 4.124e+00 3.608e+00 0.000e+00 0.000e+00 0.000e+00 0.000e+00 0.000e+00 0.000e+00 0.000e+00 0.000e+00
0.000e+00 0.000e+00 0.000e+00 1.031e+00 0.000e+00 0.000e+00 5.155e-01 1.031e+00 5.155e-01 5.155e-01 1.134e+01 1.031e+00 0.000e+00 0.000e+00 0.000e+00 0.000e+00 0.000e+00 0.000e+00 0.000e+00 0.000e+00
0.000e+00 5.155e-01 5.670e+00 1.186e+01 6.701e+00 2.062e+00 1.546e+00 5.155e-01 5.155e-01 0.000e+00 5.155e+00 3.093e+00 5.155e-01 0.000e+00 0.000e+00 0.000e+00 0.000e+00 0.000e+00 0.000e+00 0.000e+00
1.031e+00 7.217e+00 4.846e+01 1.139e+02 9.227e+01 3.145e+01 5.155e+00 5.155e-01 5.155e-01 5.155e-01 1.546e+00 1.031e+00 0.000e+00 0.000e+00 0.000e+00 0.000e+00 0.000e+00 0.000e+00 0.000e+00 0.000e+00
1.031e+00 3.145e+01 1.856e+02 3.536e+02 2.902e+02 6.598e+01 8.248e+00 2.577e+00 0.000e+00 0.000e+00 1.031e+00 1.546e+00 0.000e+00 0.000e+00 0.000e+00 0.000e+00 0.000e+00 0.000e+00 0.000e+00 0.000e+00
7.732e+00 4.743e+01 2.356e+02 4.067e+02 2.871e+02 6.444e+01 5.670e+00 0.000e+00 0.000e+00 0.000e+00 0.000e+00 0.000e+00 0.000e+00 0.000e+00 0.000e+00 0.000e+00 0.000e+00 0.000e+00 0.000e+00 0.000e+00
1.031e+00 1.959e+01 9.743e+01 1.459e+02 9.382e+01 2.217e+01 1.546e+00 0.000e+00 0.000e+00 0.000e+00 0.000e+00 0.000e+00 0.000e+00 0.000e+00 0.000e+00 0.000e+00 0.000e+00 0.000e+00 0.000e+00 0.000e+00
0.000e+00 2.577e+00 8.763e+00 1.907e+01 8.763e+00 1.546e+00 5.155e-01 0.000e+00 0.000e+00 0.000e+00 0.000e+00 0.000e+00 0.000e+00 0.000e+00 0.000e+00 0.000e+00 0.000e+00 0.000e+00 0.000e+00 0.000e+00
# 2D Marginal for parameters ycen and depth with ranges 4.5187e+06 4.5189e+06 and 2.5432e+03 2.9691e+03
0.000e+00 0.000e+00 0.000e+00 0.000e+00 0.000e+00 1.088e-06 2.175e-06 1.088e-06 0.000e+00 0.000e+00 0.000e+00 0.000e+00 0.000e+00 0.000e+00 0.000e+00 0.000e+00 0.000e+00 0.000e+00 0.000e+00 0.000e+00
0.000e+00 0.000e+00 0.000e+00 0.000e+00 0.000e+00 2.175e-06 2.175e-06 3.263e-06 1.088e-06 0.000e+00 0.000e+00 1.088e-06 0.000e+00 0.000e+00 0.000e+00 0.000e+00 0.000e+00 0.000e+00 0.000e+00 0.000e+00
0.000e+00 0.000e+00 0.000e+00 0.000e+00 0.000e+00 0.000e+00 4.350e-06 3.263e-06 5.438e-06 0.000e+00 1.088e-06 1.088e-06 0.000e+00 0.000e+00 0.000e+00 0.000e+00 0.000e+00 0.000e+00 0.000e+00 0.000e+00
0.000e+00 0.000e+00 0.000e+00 0.000e+00 0.000e+00 1.088e-06 5.438e-06 7.613e-06 8.700e-06 1.088e-06 0.000e+00 0.000e+00 0.000e+00 0.000e+00 0.000e+00 0.000e+00 0.000e+00 0.000e+00 0.000e+00 0.000e+00
0.000e+00 0.000e+00 0.000e+00 0.000e+00 0.000e+00 0.000e+00 5.438e-06 3.263e-06 0.000e+00 3.263e-06 0.000e+00 0.000e+00 0.000e+00 0.000e+00 0.000e+00 0.000e+00 0.000e+00 0.000e+00 0.000e+00 0.000e+00
0.000e+00 0.000e+00 0.000e+00 0.000e+00 0.000e+00 0.000e+00 3.263e-06 6.525e-06 1.088e-06 3.263e-06 1.088e-06 0.000e+00 0.000e+00 0.000e+00 0.000e+00 0.000e+00 0.000e+00 0.000e+00 0.000e+00 0.000e+00
0.000e+00 0.000e+00 0.000e+00 0.000e+00 0.000e+00 0.000e+00 2.175e-06 2.175e-06 2.175e-06 4.350e-06 1.088e-06 0.000e+00 0.000e+00 0.000e+00 0.000e+00 0.000e+00 0.000e+00 0.000e+00 0.000e+00 0.000e+00
0.000e+00 0.000e+00 0.000e+00 0.000e+00 0.000e+00 0.000e+00 2.175e-06 1.088e-06 1.305e-05 1.088e-06 0.000e+00 0.000e+00 0.000e+00 0.000e+00 0.000e+00 0.000e+00 0.000e+00 0.000e+00 0.000e+00 0.000e+00
0.000e+00 0.000e+00 0.000e+00 0.000e+00 0.000e+00 0.000e+00 0.000e+00 2.175e-06 1.088e-05 2.175e-06 1.088e-06 1.088e-06 0.000e+00 0.000e+00 0.000e+00 0.000e+00 0.000e+00 0.000e+00 1.088e-06 1.088e-06
0.000e+00 0.000e+00 0.000e+00 1.088e-06 1.088e-06 1.088e-06 0.000e+00 4.350e-06 9.788e-06 2.175e-06 0.000e+00 0.000e+00 0.000e+00 0.000e+00 1.088e-06 0.000e+00 0.000e+00 1.088e-06 0.000e+00 0.000e+00
0.000e+00 0.000e+00 0.000e+00 1.088e-06 1.088e-06 2.175e-06 1.088e-06 1.088e-06 6.525e-06 2.175e-06 2.175e-06 0.000e+00 1.088e-06 0.000e+00 0.000e+00 0.000e+00 0.000e+00 1.088e-06 0.000e+00 0.000e+00
0.000e+00 0.000e+00 6.525e-06 1.088e-06 6.525e-06 1.088e-06 1.088e-06 2.175e-06 4.350e-06 2.175e-06 1.088e-06 2.175e-06 3.263e-06 1.088e-06 2.175e-06 1.088e-06 0.000e+00 0.000e+00 0.000e+00 0.000e+00
1.088e-06 4.350e-06 3.698e-05 7.069e-05 2.284e-05 1.088e-06 1.088e-06 0.000e+00 3.263e-06 0.000e+00 0.000e+00 4.350e-06 7.613e-06 2.175e-06 1.088e-06 0.000e+00 0.000e+00 0.000e+00 0.000e+00 0.000e+00
0.000e+00 4.459e-05 1.947e-04 2.501e-04 4.459e-05 3.263e-06 1.088e-06 0.000e+00 0.000e+00 0.000e+00 3.263e-06 1.088e-06 0.000e+00 2.175e-06 0.000e+00 0.000e+00 0.000e+00 0.000e+00 0.000e+00 0.000e+00
9.788e-06 1.653e-04 6.645e-04 4.491e-04 5.111e-05 1.088e-06 1.088e-06 0.000e+00 0.000e+00 0.000e+00 5.438e-06 1.088e-06 0.000e+00 0.000e+00 0.000e+00 0.000e+00 0.000e+00 0.000e+00 0.000e+00 0.000e+00
2.066e-05 3.186e-04 9.059e-04 4.122e-04 2.828e-05 1.088e-06 0.000e+00 0.000e+00 0.000e+00 0.000e+00 0.000e+00 0.000e+00 0.000e+00 0.000e+00 0.000e+00 0.000e+00 0.000e+00 0.000e+00 0.000e+00 0.000e+00
3.371e-05 3.611e-04 6.938e-04 2.490e-04 1.196e-05 0.000e+00 0.000e+00 0.000e+00 0.000e+00 0.000e+00 0.000e+00 0.000e+00 0.000e+00 0.000e+00 0.000e+00 0.000e+00 0.000e+00 0.000e+00 0.000e+00 0.000e+00
2.719e-05 2.273e-04 2.414e-04 6.634e-05 1.088e-06 0.000e+00 0.000e+00 0.000e+00 0.000e+00 0.000e+00 0.000e+00 0.000e+00 0.000e+00 0.000e+00 0.000e+00 0.000e+00 0.000e+00 0.000e+00 0.000e+00 0.000e+00
1.631e-05 6.199e-05 6.090e-05 6.525e-06 0.000e+00 0.000e+00 0.000e+00 0.000e+00 0.000e+00 0.000e+00 0.000e+00 0.000e+00 0.000e+00 0.000e+00 0.000e+00 0.000e+00 0.000e+00 0.000e+00 0.000e+00 0.000e+00
2.175e-06 1.088e-05 5.438e-06 0.000e+00 0.000e+00 0.000e+00 0.000e+00 0.000e+00 0.000e+00 0.000e+00 0.000e+00 0.000e+00 0.000e+00 0.000e+00 0.000e+00 0.000e+00 0.000e+00 0.000e+00 0.000e+00 0.000e+00
# 2D Marginal for parameters ycen and dP_mu with ranges 4.5187e+06 4.5189e+06 and 3.0681e-03 3.6823e-03
0.000e+00 0.000e+00 0.000e+00 0.000e+00 0.000e+00 0.000e+00 0.000e+00 3.016e+00 0.000e+00 0.000e+00 0.000e+00 0.000e+00 0.000e+00 0.000e+00 0.000e+00 0.000e+00 0.000e+00 0.000e+00 0.000e+00 0.000e+00
0.000e+00 0.000e+00 0.000e+00 0.000e+00 0.000e+00 0.000e+00 1.508e+00 7.541e-01 3.016e+00 0.000e+00 1.508e+00 0.000e+00 0.000e+00 0.000e+00 0.000e+00 0.000e+00 0.000e+00 0.000e+00 0.000e+00 0.000e+00
0.000e+00 0.000e+00 0.000e+00 0.000e+00 0.000e+00 0.000e+00 0.000e+00 2.262e+00 6.033e+00 1.508e+00 7.541e-01 0.000e+00 0.000e+00 0.000e+00 0.000e+00 0.000e+00 0.000e+00 0.000e+00 0.000e+00 0.000e+00
0.000e+00 0.000e+00 0.000e+00 0.000e+00 0.000e+00 0.000e+00 0.000e+00 0.000e+00 1.207e+01 1.508e+00 1.508e+00 7.541e-01 7.541e-01 0.000e+00 0.000e+00 0.000e+00 0.000e+00 0.000e+00 0.000e+00 0.000e+00
0.000e+00 0.000e+00 0.000e+00 0.000e+00 0.000e+00 0.000e+00 0.000e+00 0.000e+00 6.033e+00 1.508e+00 7.541e-01 0.000e+00 0.000e+00 0.000e+00 0.000e+00 0.000e+00 0.000e+00 0.000e+00 0.000e+00 0.000e+00
0.000e+00 0.000e+00 0.000e+00 0.000e+00 0.000e+00 0.000e+00 0.000e+00 7.541e-01 1.508e+00 5.279e+00 3.016e+00 0.000e+00 0.000e+00 0.000e+00 0.000e+00 0.000e+00 0.000e+00 0.000e+00 0.000e+00 0.000e+00
0.000e+00 0.000e+00 0.000e+00 0.000e+00 0.000e+00 0.000e+00 7.541e-01 0.000e+00 0.000e+00 2.262e+00 4.525e+00 7.541e-01 0.000e+00 0.000e+00 0.000e+00 0.000e+00 0.000e+00 0.000e+00 0.000e+00 0.000e+00
0.000e+00 0.000e+00 0.000e+00 0.000e+00 0.000e+00 0.000e+00 0.000e+00 7.541e-01 0.000e+00 7.541e-01 7.541e+00 3.016e+00 0.000e+00 0.000e+00 0.000e+00 0.000e+00 0.000e+00 0.000e+00 0.000e+00 0.000e+00
0.000e+00 0.000e+00 0.000e+00 0.000e+00 0.000e+00 0.000e+00 0.000e+00 0.000e+00 0.000e+00 7.541e-01 6.033e+00 5.279e+00 0.000e+00 0.000e+00 0.000e+00 7.541e-01 0.000e+00 0.000e+00 0.000e+00 7.541e-01
0.000e+00 0.000e+00 0.000e+00 0.000e+00 0.000e+00 0.000e+00 1.508e+00 1.508e+00 0.000e+00 7.541e-01 8.295e+00 1.508e+00 0.000e+00 0.000e+00 0.000e+00 7.541e-01 7.541e-01 0.000e+00 0.000e+00 0.000e+00
0.000e+00 0.000e+00 0.000e+00 0.000e+00 0.000e+00 7.541e-01 7.541e-01 0.000e+00 2.262e+00 1.508e+00 3.771e+00 3.771e+00 0.000e+00 0.000e+00 0.000e+00 0.000e+00 7.541e-01 0.000e+00 0.000e+00 0.000e+00
0.000e+00 0.000e+00 0.000e+00 3.771e+00 2.262e+00 1.508e+00 4.525e+00 1.508e+00 7.541e-01 2.262e+00 3.016e+00 7.541e-01 2.262e+00 1.508e+00 0.000e+00 7.541e-01 0.000e+00 0.000e+00 0.000e+00 0.000e+00
0.000e+00 7.541e-01 3.016e+00 1.282e+01 3.846e+01 2.790e+01 9.803e+00 1.508e+00 7.541e-01 3.771e+00 5.279e+00 3.016e+00 1.508e+00 0.000e+00 0.000e+00 0.000e+00 0.000e+00 0.000e+00 0.000e+00 0.000e+00
0.000e+00 1.508e+00 2.338e+01 9.954e+01 1.742e+02 6.485e+01 6.787e+00 3.016e+00 1.508e+00 1.508e+00 1.508e+00 0.000e+00 0.000e+00 0.000e+00 0.000e+00 0.000e+00 0.000e+00 0.000e+00 0.000e+00 0.000e+00
0.000e+00 1.207e+01 1.237e+02 3.529e+02 3.386e+02 9.049e+01 1.131e+01 1.508e+00 2.262e+00 1.508e+00 7.541e-01 0.000e+00 0.000e+00 0.000e+00 0.000e+00 0.000e+00 0.000e+00 0.000e+00 0.000e+00 0.000e+00
0.000e+00 2.715e+01 2.391e+02 5.136e+02 3.363e+02 5.128e+01 2.262e+00 0.000e+00 0.000e+00 0.000e+00 0.000e+00 0.000e+00 0.000e+00 0.000e+00 0.000e+00 0.000e+00 0.000e+00 0.000e+00 0.000e+00 0.000e+00
3.771e+00 5.354e+01 2.556e+02 3.861e+02 2.059e+02 3.092e+01 0.000e+00 0.000e+00 0.000e+00 0.000e+00 0.000e+00 0.000e+00 0.000e+00 0.000e+00 0.000e+00 0.000e+00 0.000e+00 0.000e+00 0.000e+00 0.000e+00
6.033e+00 4.525e+01 1.614e+02 1.305e+02 4.072e+01 6.787e+00 0.000e+00 0.000e+00 0.000e+00 0.000e+00 0.000e+00 0.000e+00 0.000e+00 0.000e+00 0.000e+00 0.000e+00 0.000e+00 0.000e+00 0.000e+00 0.000e+00
5.279e+00 1.810e+01 3.771e+01 3.695e+01 3.016e+00 0.000e+00 0.000e+00 0.000e+00 0.000e+00 0.000e+00 0.000e+00 0.000e+00 0.000e+00 0.000e+00 0.000e+00 0.000e+00 0.000e+00 0.000e+00 0.000e+00 0.000e+00
7.541e-01 7.541e-01 6.787e+00 3.771e+00 7.541e-01 0.000e+00 0.000e+00 0.000e+00 0.000e+00 0.000e+00 0.000e+00 0.000e+00 0.000e+00 0.000e+00 0.000e+00 0.000e+00 0.000e+00 0.000e+00 0.000e+00 0.000e+00
# 2D Marginal for parameters depth and dP_mu with ranges 2.5432e+03 2.9691e+03 and 3.0681e-03 3.6823e-03
5.248e+00 1.685e+01 6.077e+00 0.000e+00 0.000e+00 0.000e+00 0.000e+00 0.000e+00 0.000e+00 0.000e+00 0.000e+00 0.000e+00 0.000e+00 0.000e+00 0.000e+00 0.000e+00 0.000e+00 0.000e+00 0.000e+00 0.000e+00
5.525e-01 4.116e+01 1.900e+02 7.044e+01 1.105e+00 0.000e+00 0.000e+00 0.000e+00 0.000e+00 0.000e+00 0.000e+00 0.000e+00 0.000e+00 0.000e+00 0.000e+00 0.000e+00 0.000e+00 0.000e+00 0.000e+00 0.000e+00
0.000e+00 2.762e-01 1.152e+02 4.384e+02 1.563e+02 3.591e+00 0.000e+00 0.000e+00 0.000e+00 0.000e+00 0.000e+00 0.000e+00 0.000e+00 0.000e+00 0.000e+00 0.000e+00 0.000e+00 0.000e+00 0.000e+00 0.000e+00
0.000e+00 0.000e+00 2.762e-01 5.497e+01 2.522e+02 7.237e+01 3.039e+00 0.000e+00 0.000e+00 0.000e+00 0.000e+00 0.000e+00 0.000e+00 0.000e+00 0.000e+00 0.000e+00 0.000e+00 0.000e+00 0.000e+00 0.000e+00
0.000e+00 0.000e+00 0.000e+00 0.000e+00 7.734e+00 2.431e+01 9.392e+00 1.381e+00 0.000e+00 0.000e+00 0.000e+00 0.000e+00 0.000e+00 0.000e+00 0.000e+00 0.000e+00 0.000e+00 0.000e+00 0.000e+00 0.000e+00
0.000e+00 0.000e+00 0.000e+00 0.000e+00 0.000e+00 2.762e-01 5.525e-01 1.657e+00 1.381e+00 0.000e+00 0.000e+00 0.000e+00 0.000e+00 0.000e+00 0.000e+00 0.000e+00 0.000e+00 0.000e+00 0.000e+00 0.000e+00
0.000e+00 0.000e+00 0.000e+00 0.000e+00 0.000e+00 0.000e+00 0.000e+00 1.105e+00 3.591e+00 1.934e+00 1.657e+00 0.000e+00 0.000e+00 0.000e+00 0.000e+00 0.000e+00 0.000e+00 0.000e+00 0.000e+00 0.000e+00
0.000e+00 0.000e+00 0.000e+00 2.762e-01 0.000e+00 0.000e+00 2.762e-01 2.762e-01 3.039e+00 1.934e+00 3.315e+00 5.525e-01 0.000e+00 0.000e+00 0.000e+00 0.000e+00 0.000e+00 0.000e+00 0.000e+00 0.000e+00
0.000e+00 0.000e+00 0.000e+00 0.000e+00 2.762e-01 0.000e+00 0.000e+00 8.287e-01 2.210e+00 5.525e-01 8.287e+00 4.420e+00 2.762e-01 0.000e+00 0.000e+00 0.000e+00 0.000e+00 0.000e+00 0.000e+00 0.000e+00
0.000e+00 0.000e+00 0.000e+00 0.000e+00 0.000e+00 0.000e+00 1.105e+00 0.000e+00 1.381e+00 1.105e+00 1.105e+00 8.287e-01 0.000e+00 0.000e+00 0.000e+00 0.000e+00 0.000e+00 0.000e+00 0.000e+00 0.000e+00
0.000e+00 0.000e+00 0.000e+00 0.000e+00 0.000e+00 0.000e+00 0.000e+00 5.525e-01 1.381e+00 1.934e+00 0.000e+00 2.762e-01 0.000e+00 0.000e+00 0.000e+00 0.000e+00 0.000e+00 0.000e+00 0.000e+00 0.000e+00
0.000e+00 0.000e+00 0.000e+00 0.000e+00 0.000e+00 0.000e+00 0.000e+00 0.000e+00 2.762e-01 8.287e-01 1.934e+00 0.000e+00 0.000e+00 0.000e+00 0.000e+00 0.000e+00 0.000e+00 0.000e+00 0.000e+00 0.000e+00
0.000e+00 0.000e+00 0.000e+00 0.000e+00 0.000e+00 0.000e+00 0.000e+00 2.762e-01 0.000e+00 8.287e-01 5.525e-01 5.525e-01 8.287e-01 0.000e+00 0.000e+00 0.000e+00 0.000e+00 0.000e+00 0.000e+00 0.000e+00
0.000e+00 0.000e+00 0.000e+00 0.000e+00 0.000e+00 0.000e+00 0.000e+00 0.000e+00 0.000e+00 0.000e+00 5.525e-01 2.762e-01 5.525e-01 0.000e+00 0.000e+00 0.000e+00 0.000e+00 0.000e+00 0.000e+00 0.000e+00
0.000e+00 0.000e+00 0.000e+00 0.000e+00 0.000e+00 0.000e+00 0.000e+00 0.000e+00 0.000e+00 0.000e+00 2.762e-01 0.000e+00 0.000e+00 5.525e-01 0.000e+00 2.762e-01 0.000e+00 0.000e+00 0.000e+00 0.000e+00
0.000e+00 0.000e+00 0.000e+00 0.000e+00 0.000e+00 0.000e+00 0.000e+00 0.000e+00 0.000e+00 0.000e+00 0.000e+00 0.000e+00 0.000e+00 0.000e+00 0.000e+00 2.762e-01 0.000e+00 0.000e+00 0.000e+00 0.000e+00
0.000e+00 0.000e+00 0.000e+00 0.000e+00 0.000e+00 0.000e+00 0.000e+00 0.000e+00 0.000e+00 0.000e+00 0.000e+00 0.000e+00 0.000e+00 0.000e+00 0.000e+00 0.000e+00 0.000e+00 0.000e+00 0.000e+00 0.000e+00
0.000e+00 0.000e+00 0.000e+00 0.000e+00 0.000e+00 0.000e+00 0.000e+00 0.000e+00 0.000e+00 0.000e+00 0.000e+00 0.000e+00 0.000e+00 0.000e+00 0.000e+00 0.000e+00 5.525e-01 0.000e+00 0.000e+00 0.000e+00
0.000e+00 0.000e+00 0.000e+00 0.000e+00 0.000e+00 0.000e+00 0.000e+00 0.000e+00 0.000e+00 0.000e+00 0.000e+00 0.000e+00 0.000e+00 0.000e+00 0.000e+00 2.762e-01 0.000e+00 0.000e+00 0.000e+00 0.000e+00
0.000e+00 0.000e+00 0.000e+00 0.000e+00 0.000e+00 0.000e+00 0.000e+00 0.000e+00 0.000e+00 0.000e+00 0.000e+00 0.000e+00 0.000e+00 0.000e+00 0.000e+00 0.000e+00 0.000e+00 0.000e+00 0.000e+00 2.762e-01
