# 2D Marginal for parameters xcen and ycen with ranges 4.2200e+05 4.3199e+05 and 4.5150e+06 4.5250e+06
3.005e-09 2.003e-09 3.673e-09 2.671e-09 1.670e-09 2.003e-09 2.671e-09 1.336e-09 2.671e-09 1.336e-09 6.678e-10 6.678e-10 2.003e-09 6.678e-10 1.670e-09 1.002e-09 2.337e-09 6.678e-10 1.336e-09 1.670e-09
2.337e-09 2.671e-09 3.673e-09 2.671e-09 2.337e-09 3.339e-09 6.678e-10 2.337e-09 6.678e-10 2.003e-09 2.003e-09 1.336e-09 2.003e-09 1.002e-09 3.005e-09 6.678e-10 1.336e-09 1.670e-09 1.336e-09 1.670e-09
2.671e-09 2.671e-09 3.005e-09 3.005e-09 4.675e-09 7.012e-09 3.005e-09 2.671e-09 2.003e-09 1.336e-09 4.007e-09 2.003e-09 1.670e-09 2.671e-09 2.003e-09 1.002e-09 1.336e-09 1.670e-09 2.003e-09 6.678e-10
4.341e-09 6.010e-09 5.009e-09 5.343e-09 5.343e-09 4.675e-09 6.010e-09 3.673e-09 3.005e-09 2.337e-09 3.673e-09 2.003e-09 3.339e-10 2.337e-09 2.003e-09 6.678e-10 3.005e-09 1.670e-09 3.339e-10 2.003e-09
5.009e-09 5.343e-09 7.346e-09 6.344e-09 6.344e-09 1.035e-08 7.346e-09 9.349e-09 6.010e-09 5.343e-09 3.005e-09 1.670e-09 2.337e-09 1.670e-09 3.339e-10 0.000e+00 1.002e-09 1.670e-09 3.339e-10 2.337e-09
4.341e-09 7.012e-09 8.682e-09 1.035e-08 1.569e-08 1.436e-08 1.536e-08 1.603e-08 7.680e-09 3.673e-09 2.671e-09 4.007e-09 1.336e-09 1.002e-09 2.337e-09 1.670e-09 2.003e-09 6.678e-10 2.337e-09 1.002e-09
7.680e-09 9.016e-09 1.169e-08 1.269e-08 1.803e-08 3.072e-08 4.508e-08 3.907e-08 2.504e-08 1.069e-08 4.341e-09 2.337e-09 2.003e-09 2.003e-09 2.671e-09 1.002e-09 3.339e-09 2.337e-09 1.002e-09 1.336e-09
7.680e-09 9.349e-09 1.336e-08 2.371e-08 3.206e-08 6.979e-08 1.332e-07 2.097e-07 6.545e-08 1.202e-08 5.676e-09 2.671e-09 1.002e-09 1.670e-09 1.002e-09 1.670e-09 1.002e-09 2.337e-09 1.336e-09 2.337e-09
5.009e-09 1.069e-08 1.569e-08 2.237e-08 4.575e-08 8.448e-08 2.802e-07 9.109e-07 1.536e-07 1.670e-08 5.676e-09 3.673e-09 2.003e-09 6.678e-10 3.339e-10 6.678e-10 2.337e-09 6.678e-10 2.003e-09 1.002e-09
6.010e-09 1.035e-08 7.680e-09 1.436e-08 2.938e-08 5.009e-08 1.175e-07 2.334e-07 6.578e-08 1.069e-08 3.673e-09 3.339e-09 1.336e-09 3.005e-09 2.003e-09 1.670e-09 2.337e-09 1.670e-09 1.336e-09 1.670e-09
6.678e-09 1.069e-08 1.169e-08 1.269e-08 1.402e-08 2.771e-08 3.206e-08 3.139e-08 1.736e-08 8.348e-09 4.341e-09 1.336e-09 2.337e-09 2.003e-09 1.670e-09 2.003e-09 6.678e-10 2.003e-09 1.002e-09 6.678e-10
3.339e-09 9.349e-09 7.012e-09 9.016e-09 1.102e-08 6.010e-09 1.135e-08 1.102e-08 6.678e-09 3.339e-09 4.341e-09 2.003e-09 3.339e-10 1.002e-09 1.670e-09 1.336e-09 6.678e-10 1.336e-09 2.003e-09 1.670e-09
4.675e-09 7.680e-09 5.676e-09 6.344e-09 6.344e-09 5.676e-09 5.676e-09 4.007e-09 5.009e-09 2.003e-09 1.336e-09 2.337e-09 1.336e-09 2.003e-09 3.005e-09 1.002e-09 1.670e-09 1.336e-09 1.002e-09 3.005e-09
2.671e-09 3.673e-09 7.012e-09 5.676e-09 4.341e-09 4.007e-09 4.341e-09 3.339e-09 1.670e-09 3.339e-09 1.670e-09 2.003e-09 1.670e-09 1.670e-09 1.002e-09 1.002e-09 3.005e-09 1.670e-09 1.336e-09 2.671e-09
3.339e-09 3.339e-09 5.009e-09 1.336e-09 7.346e-09 3.673e-09 5.676e-09 1.670e-09 3.339e-09 2.003e-09 1.336e-09 1.336e-09 1.002e-09 2.337e-09 1.002e-09 6.678e-10 6.678e-10 2.337e-09 6.678e-10 6.678e-10
3.673e-09 2.671e-09 3.339e-09 6.344e-09 2.337e-09 1.336e-09 1.336e-09 2.003e-09 1.336e-09 1.670e-09 3.005e-09 2.671e-09 2.337e-09 2.337e-09 6.678e-10 1.670e-09 1.002e-09 1.336e-09 1.002e-09 1.002e-09
6.010e-09 2.003e-09 3.339e-09 1.336e-09 2.671e-09 3.339e-09 2.003e-09 2.337e-09 2.671e-09 1.002e-09 1.336e-09 6.678e-10 3.339e-10 1.336e-09 2.003e-09 3.339e-10 2.003e-09 2.337e-09 6.678e-10 1.336e-09
3.005e-09 1.670e-09 1.002e-09 2.003e-09 3.005e-09 2.003e-09 1.336e-09 2.337e-09 1.670e-09 2.003e-09 2.003e-09 2.003e-09 2.337e-09 1.336e-09 1.336e-09 3.005e-09 2.003e-09 1.002e-09 2.671e-09 1.336e-09
2.671e-09 2.671e-09 2.671e-09 2.671e-09 1.670e-09 2.337e-09 1.670e-09 1.670e-09 1.002e-09 0.000e+00 1.670e-09 1.002e-09 1.336e-09 1.002e-09 1.336e-09 6.678e-10 2.671e-09 6.678e-10 6.678e-10 1.336e-09
2.337e-09 2.671e-09 3.005e-09 4.007e-09 1.336e-09 1.002e-09 2.337e-09 1.336e-09 1.670e-09 1.002e-09 2.671e-09 2.003e-09 2.337e-09 1.002e-09 1.002e-09 1.670e-09 1.336e-09 1.670e-09 6.678e-10 1.002e-09
# 2D Marginal for parameters xcen and depth with ranges 4.2200e+05 4.3199e+05 and 2.0001e+03 6.9996e+03
4.006e-09 2.003e-09 2.003e-09 4.006e-09 3.338e-09 4.006e-09 2.671e-09 1.335e-09 2.671e-09 2.671e-09 2.003e-09 4.006e-09 4.006e-09 5.341e-09 3.338e-09 3.338e-09 8.680e-09 3.338e-09 4.006e-09 4.674e-09
1.335e-09 3.338e-09 3.338e-09 1.335e-09 2.671e-09 2.671e-09 2.003e-09 4.006e-09 2.003e-09 6.009e-09 2.003e-09 8.680e-09 6.009e-09 6.009e-09 1.335e-09 6.009e-09 6.677e-09 3.338e-09 5.341e-09 3.338e-09
2.003e-09 2.003e-09 2.003e-09 3.338e-09 3.338e-09 2.671e-09 6.009e-09 4.674e-09 6.009e-09 6.009e-09 6.009e-09 3.338e-09 9.347e-09 2.671e-09 6.009e-09 8.012e-09 6.009e-09 4.674e-09 1.002e-08 8.012e-09
3.338e-09 4.674e-09 4.006e-09 5.341e-09 7.344e-09 3.338e-09 4.674e-09 4.006e-09 5.341e-09 5.341e-09 9.347e-09 8.012e-09 1.002e-08 6.677e-09 8.680e-09 9.347e-09 7.344e-09 8.012e-09 7.344e-09 5.341e-09
4.006e-09 5.341e-09 6.677e-09 7.344e-09 6.677e-09 8.680e-09 5.341e-09 7.344e-09 8.012e-09 6.677e-09 9.347e-09 1.002e-08 8.680e-09 8.680e-09 1.335e-08 9.347e-09 7.344e-09 1.135e-08 9.347e-09 1.269e-08
1.135e-08 6.677e-09 9.347e-09 9.347e-09 8.012e-09 1.068e-08 1.269e-08 1.202e-08 1.202e-08 1.335e-08 1.135e-08 1.803e-08 9.347e-09 1.469e-08 9.347e-09 1.669e-08 1.335e-08 1.469e-08 1.402e-08 1.736e-08
2.537e-08 3.405e-08 3.338e-08 2.737e-08 2.871e-08 2.203e-08 2.604e-08 2.270e-08 1.869e-08 2.537e-08 2.537e-08 2.070e-08 2.604e-08 1.869e-08 2.137e-08 1.936e-08 2.070e-08 2.337e-08 1.002e-08 1.469e-08
7.411e-08 1.128e-07 1.322e-07 1.476e-07 1.335e-07 9.147e-08 5.876e-08 4.407e-08 3.872e-08 4.674e-08 3.672e-08 6.476e-08 4.140e-08 2.737e-08 3.672e-08 3.672e-08 2.137e-08 1.669e-08 1.602e-08 1.602e-08
1.816e-07 4.580e-07 6.550e-07 6.597e-07 3.472e-07 1.996e-07 8.413e-08 6.810e-08 5.475e-08 4.273e-08 5.208e-08 6.410e-08 3.939e-08 4.540e-08 4.140e-08 3.672e-08 3.138e-08 2.938e-08 1.469e-08 2.270e-08
8.079e-08 1.389e-07 1.736e-07 1.536e-07 9.614e-08 7.077e-08 5.008e-08 3.806e-08 2.671e-08 3.338e-08 4.674e-08 3.272e-08 2.070e-08 3.272e-08 3.872e-08 3.539e-08 2.604e-08 1.536e-08 1.002e-08 1.402e-08
1.736e-08 2.270e-08 2.270e-08 2.137e-08 1.936e-08 1.602e-08 1.936e-08 1.602e-08 1.269e-08 2.003e-08 2.137e-08 2.137e-08 1.736e-08 2.404e-08 2.070e-08 1.869e-08 2.671e-08 1.469e-08 1.402e-08 1.469e-08
7.344e-09 8.012e-09 4.674e-09 1.202e-08 8.012e-09 6.009e-09 6.009e-09 8.012e-09 1.135e-08 8.012e-09 1.202e-08 1.269e-08 1.202e-08 1.269e-08 4.674e-09 1.469e-08 1.269e-08 8.680e-09 8.680e-09 1.068e-08
3.338e-09 7.344e-09 4.674e-09 4.674e-09 5.341e-09 8.012e-09 6.009e-09 4.674e-09 3.338e-09 1.068e-08 4.006e-09 1.402e-08 1.068e-08 8.012e-09 1.135e-08 7.344e-09 6.009e-09 5.341e-09 1.002e-08 7.344e-09
2.003e-09 3.338e-09 6.677e-09 5.341e-09 4.006e-09 8.012e-09 2.671e-09 3.338e-09 7.344e-09 8.680e-09 4.006e-09 7.344e-09 8.012e-09 1.202e-08 7.344e-09 5.341e-09 7.344e-09 3.338e-09 3.338e-09 6.009e-09
4.674e-09 3.338e-09 2.003e-09 2.671e-09 2.671e-09 3.338e-09 4.006e-09 3.338e-09 2.003e-09 6.009e-09 2.003e-09 9.347e-09 5.341e-09 1.002e-08 9.347e-09 8.680e-09 5.341e-09 5.341e-09 4.674e-09 3.338e-09
4.674e-09 5.341e-09 2.003e-09 5.341e-09 3.338e-09 2.671e-09 4.006e-09 4.006e-09 6.009e-09 3.338e-09 7.344e-09 3.338e-09 8.012e-09 4.674e-09 3.338e-09 6.677e-09 2.671e-09 3.338e-09 4.006e-09 2.003e-09
1.335e-09 2.671e-09 3.338e-09 4.674e-09 3.338e-09 2.671e-09 2.671e-09 3.338e-09 6.677e-10 3.338e-09 6.677e-09 4.674e-09 5.341e-09 5.341e-09 4.006e-09 8.012e-09 2.671e-09 5.341e-09 4.006e-09 4.006e-09
2.671e-09 2.003e-09 3.338e-09 4.674e-09 2.671e-09 2.003e-09 4.674e-09 4.006e-09 4.674e-09 3.338e-09 4.674e-09 2.671e-09 4.674e-09 4.006e-09 2.671e-09 5.341e-09 5.341e-09 4.006e-09 6.009e-09 4.674e-09
1.335e-09 4.006e-09 2.003e-09 4.006e-09 1.335e-09 3.338e-09 2.671e-09 2.671e-09 4.006e-09 2.671e-09 2.671e-09 3.338e-09 5.341e-09 2.003e-09 2.003e-09 7.344e-09 4.006e-09 4.674e-09 6.677e-10 2.671e-09
2.671e-09 4.006e-09 2.671e-09 2.003e-09 3.338e-09 2.671e-09 5.341e-09 3.338e-09 2.003e-09 3.338e-09 4.006e-09 6.009e-09 2.671e-09 6.009e-09 1.335e-09 5.341e-09 3.338e-09 4.674e-09 5.341e-09 2.003e-09
# 2D Marginal for parameters xcen and radius with ranges 4.2200e+05 4.3199e+05 and 5.0009e+02 3.9872e+03
1.149e-08 1.053e-08 1.436e-08 1.053e-08 8.615e-09 6.701e-09 5.744e-09 3.829e-09 9.573e-10 4.786e-09 4.786e-09 0.000e+00 2.872e-09 2.872e-09 2.872e-09 9.573e-10 9.573e-10 3.829e-09 1.915e-09 3.829e-09
1.053e-08 7.658e-09 1.244e-08 8.615e-09 7.658e-09 5.744e-09 3.829e-09 6.701e-09 7.658e-09 3.829e-09 3.829e-09 2.872e-09 7.658e-09 9.573e-10 4.786e-09 1.915e-09 5.744e-09 2.872e-09 2.872e-09 2.872e-09
1.149e-08 1.819e-08 2.106e-08 1.915e-08 1.053e-08 1.149e-08 5.744e-09 9.573e-09 6.701e-09 5.744e-09 3.829e-09 4.786e-09 1.915e-09 5.744e-09 1.915e-09 0.000e+00 1.915e-09 3.829e-09 1.915e-09 9.573e-10
2.489e-08 2.106e-08 2.297e-08 1.723e-08 1.244e-08 1.053e-08 5.744e-09 1.149e-08 8.615e-09 7.658e-09 7.658e-09 5.744e-09 4.786e-09 5.744e-09 4.786e-09 9.573e-10 9.573e-10 9.573e-10 4.786e-09 3.829e-09
3.638e-08 3.446e-08 3.542e-08 3.063e-08 1.819e-08 1.723e-08 2.297e-08 4.786e-09 3.829e-09 5.744e-09 3.829e-09 2.872e-09 4.786e-09 4.786e-09 1.915e-09 1.915e-09 1.915e-09 1.915e-09 0.000e+00 4.786e-09
4.499e-08 6.126e-08 5.552e-08 3.638e-08 3.542e-08 2.776e-08 2.489e-08 1.244e-08 9.573e-09 6.701e-09 2.872e-09 4.786e-09 4.786e-09 2.872e-09 4.786e-09 2.872e-09 6.701e-09 2.872e-09 9.573e-10 1.915e-09
1.398e-07 1.302e-07 1.072e-07 8.041e-08 6.701e-08 4.212e-08 2.776e-08 1.532e-08 1.532e-08 7.658e-09 3.829e-09 2.872e-09 3.829e-09 2.872e-09 9.573e-10 9.573e-10 5.744e-09 4.786e-09 9.573e-10 5.744e-09
5.188e-07 3.733e-07 2.470e-07 2.173e-07 1.388e-07 7.850e-08 4.499e-08 2.202e-08 1.819e-08 6.701e-09 1.149e-08 9.573e-09 2.872e-09 5.744e-09 2.872e-09 3.829e-09 3.829e-09 0.000e+00 1.915e-09 3.829e-09
1.422e-06 1.273e-06 8.041e-07 4.949e-07 2.278e-07 9.668e-08 6.222e-08 2.680e-08 1.436e-08 1.532e-08 1.532e-08 7.658e-09 4.786e-09 5.744e-09 0.000e+00 3.829e-09 6.701e-09 9.573e-10 9.573e-10 1.915e-09
3.705e-07 4.365e-07 3.044e-07 2.020e-07 1.168e-07 7.179e-08 4.499e-08 2.010e-08 1.723e-08 8.615e-09 3.829e-09 8.615e-09 2.872e-09 2.872e-09 2.872e-09 3.829e-09 1.915e-09 1.915e-09 9.573e-10 3.829e-09
8.520e-08 1.024e-07 1.015e-07 7.179e-08 5.361e-08 3.638e-08 2.010e-08 1.340e-08 1.532e-08 1.244e-08 4.786e-09 6.701e-09 7.658e-09 1.915e-09 3.829e-09 4.786e-09 2.872e-09 0.000e+00 1.915e-09 0.000e+00
3.542e-08 4.403e-08 4.882e-08 3.159e-08 2.489e-08 1.723e-08 1.436e-08 1.532e-08 6.701e-09 2.872e-09 2.872e-09 5.744e-09 1.915e-09 3.829e-09 9.573e-10 2.872e-09 3.829e-09 2.872e-09 1.915e-09 2.872e-09
3.063e-08 3.159e-08 1.819e-08 3.350e-08 1.532e-08 1.053e-08 1.244e-08 1.149e-08 6.701e-09 4.786e-09 4.786e-09 4.786e-09 2.872e-09 1.915e-09 0.000e+00 0.000e+00 0.000e+00 5.744e-09 4.786e-09 3.829e-09
2.202e-08 2.106e-08 2.202e-08 1.915e-08 8.615e-09 9.573e-09 6.701e-09 9.573e-09 3.829e-09 2.872e-09 2.872e-09 8.615e-09 4.786e-09 1.915e-09 4.786e-09 9.573e-10 5.744e-09 3.829e-09 2.872e-09 3.829e-09
1.915e-08 1.723e-08 1.819e-08 1.244e-08 1.436e-08 1.149e-08 4.786e-09 7.658e-09 1.915e-09 5.744e-09 3.829e-09 2.872e-09 2.872e-09 2.872e-09 9.573e-10 2.872e-09 9.573e-10 1.915e-09 2.872e-09 4.786e-09
1.819e-08 2.106e-08 1.723e-08 1.244e-08 6.701e-09 6.701e-09 2.872e-09 5.744e-09 5.744e-09 2.872e-09 1.915e-09 3.829e-09 9.573e-10 0.000e+00 1.915e-09 1.915e-09 2.872e-09 3.829e-09 1.915e-09 4.786e-09
1.436e-08 1.627e-08 1.340e-08 5.744e-09 9.573e-09 8.615e-09 4.786e-09 2.872e-09 5.744e-09 3.829e-09 5.744e-09 2.872e-09 1.915e-09 5.744e-09 3.829e-09 2.872e-09 9.573e-10 0.000e+00 1.915e-09 9.573e-10
1.244e-08 1.436e-08 1.340e-08 1.244e-08 6.701e-09 6.701e-09 6.701e-09 4.786e-09 4.786e-09 3.829e-09 9.573e-10 2.872e-09 1.915e-09 5.744e-09 9.573e-10 1.915e-09 5.744e-09 1.915e-09 9.573e-10 2.872e-09
7.658e-09 9.573e-09 1.436e-08 4.786e-09 6.701e-09 3.829e-09 5.744e-09 3.829e-09 9.573e-10 5.744e-09 9.573e-10 1.915e-09 2.872e-09 2.872e-09 2.872e-09 5.744e-09 2.872e-09 2.872e-09 1.915e-09 1.915e-09
1.340e-08 1.244e-08 1.244e-08 6.701e-09 5.744e-09 6.701e-09 5.744e-09 1.915e-09 1.915e-09 4.786e-09 2.872e-09 2.872e-09 2.872e-09 5.744e-09 2.872e-09 4.786e-09 9.573e-10 2.872e-09 2.872e-09 2.872e-09
# 2D Marginal for parameters xcen and dP_mu with ranges 4.2200e+05 4.3199e+05 and 1.0002e-04 9.9998e-03
2.360e-03 2.360e-03 2.360e-03 3.709e-03 2.360e-03 2.360e-03 3.035e-03 3.372e-04 1.012e-03 1.012e-03 2.023e-03 2.360e-03 1.686e-03 6.744e-04 1.686e-03 1.012e-03 1.012e-03 1.686e-03 1.012e-03 2.023e-03
4.383e-03 2.697e-03 2.360e-03 1.349e-03 2.023e-03 2.360e-03 4.046e-03 1.012e-03 1.349e-03 1.349e-03 3.372e-03 1.012e-03 1.349e-03 2.023e-03 1.012e-03 1.012e-03 3.035e-03 1.012e-03 6.744e-04 1.686e-03
5.058e-03 5.058e-03 3.035e-03 3.372e-03 3.035e-03 3.035e-03 2.697e-03 3.372e-04 2.697e-03 2.360e-03 3.709e-03 2.360e-03 2.697e-03 2.360e-03 1.349e-03 1.686e-03 1.349e-03 1.012e-03 2.023e-03 2.360e-03
7.755e-03 4.046e-03 3.709e-03 3.035e-03 3.709e-03 4.046e-03 2.023e-03 3.035e-03 3.035e-03 1.349e-03 5.395e-03 3.709e-03 3.035e-03 2.360e-03 2.360e-03 3.035e-03 1.686e-03 1.686e-03 1.686e-03 3.709e-03
6.069e-03 6.407e-03 6.069e-03 4.383e-03 3.372e-03 5.395e-03 4.721e-03 3.372e-03 2.697e-03 3.709e-03 4.383e-03 4.383e-03 4.721e-03 3.035e-03 3.709e-03 4.383e-03 3.035e-03 2.023e-03 3.372e-03 4.721e-03
1.045e-02 9.104e-03 1.079e-02 1.045e-02 1.113e-02 7.418e-03 4.046e-03 6.069e-03 3.035e-03 3.372e-03 6.069e-03 8.092e-03 4.046e-03 5.058e-03 4.721e-03 4.046e-03 3.035e-03 3.709e-03 4.046e-03 4.721e-03
1.146e-02 1.720e-02 1.922e-02 1.888e-02 1.281e-02 1.079e-02 1.281e-02 1.045e-02 9.104e-03 1.045e-02 9.441e-03 1.146e-02 1.113e-02 1.113e-02 1.045e-02 5.395e-03 5.732e-03 8.430e-03 1.248e-02 1.551e-02
1.315e-02 3.338e-02 5.091e-02 4.889e-02 4.181e-02 3.304e-02 2.900e-02 2.259e-02 3.642e-02 2.900e-02 2.225e-02 2.360e-02 2.225e-02 1.618e-02 1.045e-02 1.922e-02 1.720e-02 3.136e-02 6.373e-02 3.844e-02
2.192e-02 4.653e-02 1.160e-01 1.403e-01 1.888e-01 1.052e-01 7.283e-02 7.418e-02 9.441e-02 7.654e-02 7.148e-02 5.260e-02 3.001e-02 2.934e-02 2.259e-02 3.406e-02 3.776e-02 6.811e-02 1.935e-01 1.035e-01
1.652e-02 2.529e-02 4.012e-02 5.732e-02 7.081e-02 5.193e-02 2.832e-02 2.158e-02 2.428e-02 2.967e-02 2.394e-02 2.461e-02 1.821e-02 1.450e-02 1.720e-02 1.248e-02 1.888e-02 2.225e-02 3.035e-02 2.461e-02
1.382e-02 1.787e-02 1.315e-02 1.382e-02 1.753e-02 1.349e-02 7.418e-03 8.430e-03 9.778e-03 9.778e-03 5.732e-03 9.778e-03 8.092e-03 4.383e-03 6.069e-03 4.046e-03 8.430e-03 8.092e-03 4.721e-03 8.092e-03
8.767e-03 7.755e-03 6.069e-03 5.732e-03 6.407e-03 7.755e-03 3.709e-03 7.418e-03 5.732e-03 4.383e-03 5.058e-03 3.709e-03 3.035e-03 3.035e-03 4.383e-03 2.023e-03 2.697e-03 3.035e-03 1.012e-03 3.709e-03
5.395e-03 6.069e-03 3.372e-03 4.721e-03 3.035e-03 2.360e-03 4.383e-03 5.058e-03 4.721e-03 3.372e-03 2.360e-03 3.372e-03 4.046e-03 3.372e-03 3.035e-03 3.035e-03 2.360e-03 2.697e-03 2.360e-03 2.697e-03
9.104e-03 6.407e-03 2.360e-03 3.709e-03 2.697e-03 4.383e-03 3.035e-03 2.023e-03 4.721e-03 3.035e-03 2.360e-03 1.686e-03 2.023e-03 2.360e-03 2.697e-03 2.360e-03 6.744e-04 1.012e-03 1.349e-03 3.372e-04
3.709e-03 6.407e-03 3.372e-03 4.383e-03 2.360e-03 3.709e-03 3.035e-03 1.349e-03 3.709e-03 2.697e-03 2.023e-03 1.349e-03 6.744e-04 2.697e-03 1.686e-03 1.349e-03 1.012e-03 1.349e-03 1.012e-03 1.349e-03
4.721e-03 2.360e-03 2.360e-03 1.012e-03 2.360e-03 2.360e-03 2.023e-03 2.697e-03 2.697e-03 1.686e-03 2.360e-03 2.023e-03 2.023e-03 3.035e-03 2.023e-03 2.697e-03 6.744e-04 1.686e-03 1.349e-03 1.349e-03
3.709e-03 2.023e-03 2.360e-03 2.697e-03 3.035e-03 2.360e-03 4.046e-03 6.744e-04 1.349e-03 1.012e-03 2.023e-03 2.360e-03 1.686e-03 6.744e-04 2.697e-03 1.686e-03 2.697e-03 0.000e+00 1.686e-03 6.744e-04
2.023e-03 2.697e-03 3.372e-03 6.744e-04 1.686e-03 1.012e-03 1.349e-03 2.023e-03 2.023e-03 3.035e-03 2.360e-03 3.035e-03 1.012e-03 2.360e-03 1.686e-03 1.686e-03 1.686e-03 2.023e-03 1.686e-03 2.023e-03
1.349e-03 1.686e-03 1.349e-03 3.372e-04 1.686e-03 1.686e-03 1.686e-03 1.686e-03 2.023e-03 6.744e-04 6.744e-04 6.744e-04 1.012e-03 1.686e-03 3.035e-03 3.372e-03 1.686e-03 2.697e-03 1.349e-03 1.349e-03
3.035e-03 2.697e-03 1.349e-03 1.012e-03 2.023e-03 1.686e-03 2.697e-03 3.372e-03 2.023e-03 3.372e-04 1.012e-03 3.372e-03 1.349e-03 1.349e-03 2.360e-03 6.744e-04 1.686e-03 2.697e-03 3.372e-04 1.349e-03
# 2D Marginal for parameters ycen and depth with ranges 4.5150e+06 4.5250e+06 and 2.0001e+03 6.9996e+03
4.002e-09 4.002e-09 5.335e-09 1.000e-08 6.669e-09 6.669e-09 4.002e-09 5.335e-09 2.001e-09 1.067e-08 2.001e-09 1.134e-08 1.734e-08 6.669e-09 1.334e-08 1.601e-08 1.401e-08 1.000e-08 8.670e-09 1.467e-08
5.335e-09 6.002e-09 6.669e-09 9.337e-09 8.670e-09 6.002e-09 9.337e-09 1.067e-08 1.134e-08 1.000e-08 1.200e-08 1.267e-08 1.267e-08 1.067e-08 1.867e-08 1.667e-08 1.534e-08 9.337e-09 1.467e-08 1.667e-08
7.336e-09 5.335e-09 3.335e-09 1.000e-08 7.336e-09 9.337e-09 1.200e-08 7.336e-09 1.267e-08 1.467e-08 1.200e-08 1.667e-08 1.867e-08 1.467e-08 1.601e-08 1.801e-08 2.334e-08 1.867e-08 1.667e-08 1.467e-08
1.134e-08 1.267e-08 8.670e-09 1.334e-08 6.002e-09 9.337e-09 1.267e-08 1.401e-08 1.000e-08 1.867e-08 8.670e-09 2.868e-08 2.067e-08 1.934e-08 2.334e-08 2.268e-08 1.601e-08 2.001e-08 1.734e-08 1.601e-08
1.801e-08 1.601e-08 1.667e-08 1.934e-08 1.734e-08 1.801e-08 1.467e-08 2.001e-08 2.268e-08 1.934e-08 3.201e-08 3.868e-08 2.801e-08 3.601e-08 3.001e-08 2.868e-08 1.734e-08 1.534e-08 1.067e-08 1.134e-08
2.334e-08 3.201e-08 3.535e-08 2.801e-08 3.201e-08 2.801e-08 4.002e-08 4.602e-08 3.601e-08 3.868e-08 3.735e-08 5.802e-08 4.135e-08 3.668e-08 3.401e-08 3.601e-08 2.935e-08 2.201e-08 1.267e-08 2.001e-08
5.869e-08 1.007e-07 1.254e-07 1.901e-07 1.667e-07 1.187e-07 8.003e-08 5.469e-08 5.269e-08 6.002e-08 6.736e-08 5.269e-08 2.935e-08 4.802e-08 3.535e-08 3.868e-08 2.668e-08 1.601e-08 1.267e-08 2.134e-08
1.961e-07 4.982e-07 7.076e-07 6.503e-07 3.248e-07 1.754e-07 6.536e-08 4.468e-08 2.734e-08 2.734e-08 3.868e-08 3.935e-08 2.468e-08 2.534e-08 2.468e-08 2.935e-08 3.201e-08 1.467e-08 1.401e-08 1.534e-08
7.203e-08 1.034e-07 1.187e-07 1.134e-07 7.470e-08 5.335e-08 2.668e-08 2.067e-08 1.601e-08 1.601e-08 1.667e-08 1.601e-08 1.401e-08 1.534e-08 1.401e-08 1.267e-08 1.334e-08 1.267e-08 8.670e-09 9.337e-09
1.401e-08 1.134e-08 1.734e-08 1.467e-08 1.467e-08 1.000e-08 1.134e-08 7.336e-09 4.002e-09 7.336e-09 9.337e-09 1.000e-08 7.336e-09 6.669e-09 7.336e-09 8.670e-09 5.335e-09 8.003e-09 4.669e-09 2.001e-09
3.335e-09 8.670e-09 4.669e-09 4.669e-09 6.669e-09 8.670e-09 7.336e-09 6.669e-09 6.669e-09 4.669e-09 6.002e-09 4.002e-09 4.669e-09 8.670e-09 8.003e-09 6.002e-09 3.335e-09 6.669e-09 6.002e-09 2.668e-09
6.669e-10 3.335e-09 6.669e-10 1.334e-09 1.334e-09 5.335e-09 3.335e-09 2.001e-09 6.002e-09 8.003e-09 9.337e-09 3.335e-09 6.669e-09 4.002e-09 3.335e-09 1.334e-09 3.335e-09 6.002e-09 8.003e-09 4.669e-09
2.001e-09 5.335e-09 1.334e-09 3.335e-09 3.335e-09 2.668e-09 4.002e-09 2.668e-09 2.668e-09 4.669e-09 3.335e-09 6.669e-10 2.668e-09 4.002e-09 3.335e-09 4.002e-09 4.669e-09 6.002e-09 6.669e-10 1.334e-09
6.669e-10 2.668e-09 2.668e-09 6.002e-09 2.001e-09 5.335e-09 2.668e-09 4.002e-09 7.336e-09 1.334e-09 3.335e-09 2.668e-09 2.668e-09 3.335e-09 3.335e-09 5.335e-09 3.335e-09 1.334e-09 4.669e-09 6.669e-10
4.002e-09 4.002e-09 6.669e-10 2.001e-09 2.001e-09 1.334e-09 3.335e-09 2.668e-09 2.001e-09 2.668e-09 2.001e-09 3.335e-09 6.002e-09 3.335e-09 3.335e-09 4.002e-09 3.335e-09 4.669e-09 2.668e-09 6.669e-09
1.334e-09 3.335e-09 4.002e-09 3.335e-09 1.334e-09 3.335e-09 2.668e-09 2.001e-09 6.669e-10 6.669e-10 6.669e-10 3.335e-09 2.001e-09 3.335e-09 6.669e-10 4.002e-09 2.001e-09 2.001e-09 4.669e-09 1.334e-09
6.002e-09 3.335e-09 4.002e-09 2.001e-09 2.668e-09 5.335e-09 3.335e-09 1.334e-09 6.669e-10 2.668e-09 2.668e-09 6.002e-09 4.669e-09 4.002e-09 1.334e-09 2.668e-09 4.002e-09 4.669e-09 2.001e-09 8.003e-09
3.335e-09 2.668e-09 6.669e-10 1.334e-09 4.002e-09 6.669e-10 2.001e-09 6.669e-10 3.335e-09 4.002e-09 2.668e-09 4.002e-09 4.002e-09 2.001e-09 4.002e-09 4.669e-09 2.668e-09 6.669e-09 4.669e-09 3.335e-09
1.334e-09 2.668e-09 5.335e-09 6.669e-10 1.334e-09 6.669e-10 3.335e-09 2.668e-09 2.668e-09 3.335e-09 1.334e-09 2.668e-09 3.335e-09 2.668e-09 1.334e-09 2.001e-09 4.002e-09 2.668e-09 2.668e-09 3.335e-09
2.001e-09 4.002e-09 5.335e-09 1.334e-09 6.002e-09 2.001e-09 1.334e-09 3.335e-09 2.001e-09 2.668e-09 2.001e-09 4.669e-09 3.335e-09 2.001e-09 1.334e-09 6.669e-09 1.334e-09 2.001e-09 4.669e-09 2.668e-09
# 2D Marginal for parameters ycen and radius with ranges 4.5150e+06 4.5250e+06 and 5.0009e+02 3.9872e+03
3.060e-08 3.155e-08 4.303e-08 2.104e-08 2.008e-08 1.339e-08 1.147e-08 1.243e-08 1.339e-08 1.339e-08 4.781e-09 3.825e-09 3.825e-09 8.606e-09 2.869e-09 3.825e-09 1.912e-09 1.912e-09 9.562e-10 4.781e-09
3.825e-08 5.546e-08 6.215e-08 3.729e-08 3.251e-08 1.243e-08 1.721e-08 1.339e-08 1.147e-08 1.912e-09 4.781e-09 6.693e-09 2.869e-09 3.825e-09 4.781e-09 9.562e-10 1.912e-09 1.912e-09 4.781e-09 4.781e-09
4.303e-08 4.685e-08 7.076e-08 4.685e-08 3.729e-08 2.677e-08 1.530e-08 1.626e-08 9.562e-09 1.243e-08 6.693e-09 3.825e-09 3.825e-09 4.781e-09 2.869e-09 5.737e-09 4.781e-09 3.825e-09 4.781e-09 4.781e-09
7.458e-08 6.215e-08 6.598e-08 7.267e-08 4.303e-08 3.251e-08 1.626e-08 1.339e-08 1.147e-08 8.606e-09 3.825e-09 8.606e-09 4.781e-09 3.825e-09 7.650e-09 1.912e-09 4.781e-09 3.825e-09 1.912e-09 1.912e-09
8.606e-08 1.023e-07 9.466e-08 7.363e-08 6.980e-08 5.737e-08 4.303e-08 2.773e-08 1.912e-08 7.650e-09 9.562e-09 3.825e-09 4.781e-09 9.562e-10 3.825e-09 1.912e-09 4.781e-09 2.869e-09 1.912e-09 9.562e-10
1.568e-07 1.721e-07 1.482e-07 1.559e-07 1.186e-07 7.172e-08 4.494e-08 2.391e-08 1.626e-08 1.339e-08 1.052e-08 5.737e-09 5.737e-09 5.737e-09 0.000e+00 1.912e-09 9.562e-10 9.562e-10 0.000e+00 2.869e-09
4.571e-07 4.695e-07 3.213e-07 2.716e-07 1.951e-07 9.275e-08 5.355e-08 1.721e-08 1.434e-08 9.562e-09 7.650e-09 8.606e-09 5.737e-09 4.781e-09 2.869e-09 4.781e-09 9.562e-10 2.869e-09 1.912e-09 1.912e-09
1.457e-06 1.279e-06 7.850e-07 4.150e-07 1.511e-07 6.120e-08 3.729e-08 1.339e-08 9.562e-09 1.339e-08 6.693e-09 8.606e-09 4.781e-09 6.693e-09 2.869e-09 9.562e-10 3.825e-09 0.000e+00 3.825e-09 4.781e-09
3.308e-07 2.792e-07 1.845e-07 1.138e-07 5.068e-08 3.634e-08 2.582e-08 1.052e-08 4.781e-09 6.693e-09 3.825e-09 5.737e-09 3.825e-09 5.737e-09 0.000e+00 1.912e-09 2.869e-09 9.562e-10 1.912e-09 1.912e-09
5.737e-08 4.590e-08 3.920e-08 2.964e-08 1.339e-08 1.817e-08 1.243e-08 5.737e-09 5.737e-09 2.869e-09 1.912e-09 5.737e-09 4.781e-09 2.869e-09 3.825e-09 1.912e-09 4.781e-09 0.000e+00 1.912e-09 1.912e-09
2.391e-08 2.773e-08 2.199e-08 2.104e-08 1.147e-08 1.339e-08 6.693e-09 6.693e-09 4.781e-09 5.737e-09 2.869e-09 2.869e-09 9.562e-10 2.869e-09 2.869e-09 9.562e-10 4.781e-09 2.869e-09 1.912e-09 2.869e-09
1.339e-08 1.434e-08 1.434e-08 1.339e-08 3.825e-09 8.606e-09 3.825e-09 7.650e-09 7.650e-09 2.869e-09 9.562e-10 1.912e-09 5.737e-09 2.869e-09 9.562e-10 3.825e-09 3.825e-09 9.562e-10 2.869e-09 3.825e-09
1.052e-08 1.147e-08 1.912e-09 4.781e-09 5.737e-09 6.693e-09 5.737e-09 6.693e-09 2.869e-09 0.000e+00 6.693e-09 1.912e-09 3.825e-09 4.781e-09 1.912e-09 1.912e-09 5.737e-09 5.737e-09 0.000e+00 9.562e-10
1.626e-08 7.650e-09 3.825e-09 7.650e-09 8.606e-09 5.737e-09 5.737e-09 3.825e-09 3.825e-09 9.562e-10 2.869e-09 2.869e-09 2.869e-09 2.869e-09 0.000e+00 4.781e-09 1.912e-09 2.869e-09 4.781e-09 3.825e-09
7.650e-09 1.339e-08 1.052e-08 1.243e-08 5.737e-09 5.737e-09 4.781e-09 1.912e-09 8.606e-09 9.562e-10 1.912e-09 3.825e-09 1.912e-09 2.869e-09 9.562e-10 9.562e-10 0.000e+00 3.825e-09 0.000e+00 3.825e-09
6.693e-09 5.737e-09 5.737e-09 2.869e-09 5.737e-09 2.869e-09 1.912e-09 3.825e-09 1.912e-09 7.650e-09 0.000e+00 2.869e-09 4.781e-09 9.562e-10 1.912e-09 9.562e-10 2.869e-09 1.912e-09 9.562e-10 4.781e-09
1.434e-08 1.052e-08 7.650e-09 8.606e-09 6.693e-09 4.781e-09 6.693e-09 8.606e-09 2.869e-09 2.869e-09 5.737e-09 3.825e-09 1.912e-09 1.912e-09 9.562e-10 1.912e-09 3.825e-09 3.825e-09 2.869e-09 1.912e-09
9.562e-09 6.693e-09 1.052e-08 5.737e-09 5.737e-09 6.693e-09 7.650e-09 6.693e-09 1.912e-09 3.825e-09 4.781e-09 3.825e-09 9.562e-10 9.562e-10 3.825e-09 3.825e-09 1.912e-09 9.562e-10 9.562e-10 9.562e-10
2.869e-09 4.781e-09 7.650e-09 6.693e-09 2.869e-09 2.869e-09 6.693e-09 1.912e-09 9.562e-10 4.781e-09 2.869e-09 4.781e-09 2.869e-09 3.825e-09 1.912e-09 2.869e-09 2.869e-09 2.869e-09 9.562e-10 3.825e-09
8.606e-09 6.693e-09 2.869e-09 5.737e-09 6.693e-09 5.737e-09 5.737e-09 7.650e-09 4.781e-09 2.869e-09 3.825e-09 2.869e-09 9.562e-10 9.562e-10 3.825e-09 1.912e-09 3.825e-09 4.781e-09 1.912e-09 4.781e-09
# 2D Marginal for parameters ycen and dP_mu with ranges 4.5150e+06 4.5250e+06 and 1.0002e-04 9.9998e-03
7.747e-03 1.145e-02 5.726e-03 3.368e-03 4.379e-03 4.715e-03 4.379e-03 3.368e-03 3.368e-03 3.031e-03 5.052e-03 3.368e-03 4.042e-03 2.694e-03 3.705e-03 2.021e-03 3.031e-03 3.705e-03 3.031e-03 5.052e-03
1.280e-02 8.083e-03 5.726e-03 6.063e-03 6.399e-03 5.052e-03 5.726e-03 6.399e-03 6.063e-03 3.368e-03 8.083e-03 6.736e-03 4.379e-03 3.705e-03 5.052e-03 2.358e-03 3.368e-03 4.042e-03 5.389e-03 3.705e-03
1.347e-02 9.768e-03 8.420e-03 7.747e-03 6.063e-03 8.083e-03 6.736e-03 5.726e-03 4.715e-03 3.368e-03 6.063e-03 9.431e-03 6.063e-03 7.073e-03 4.379e-03 6.736e-03 4.715e-03 3.031e-03 3.368e-03 5.726e-03
1.415e-02 1.583e-02 1.448e-02 7.073e-03 6.399e-03 8.083e-03 1.111e-02 3.705e-03 5.726e-03 6.736e-03 4.715e-03 9.431e-03 8.757e-03 4.042e-03 6.736e-03 3.368e-03 4.042e-03 5.726e-03 5.389e-03 1.078e-02
1.314e-02 2.290e-02 2.290e-02 1.751e-02 1.213e-02 1.145e-02 8.757e-03 1.280e-02 8.083e-03 9.768e-03 7.410e-03 8.083e-03 1.044e-02 1.044e-02 5.389e-03 6.063e-03 3.368e-03 5.726e-03 6.063e-03 1.482e-02
1.617e-02 2.290e-02 3.099e-02 3.705e-02 2.526e-02 1.954e-02 2.358e-02 9.768e-03 1.145e-02 1.347e-02 1.751e-02 1.516e-02 1.280e-02 1.246e-02 8.420e-03 1.078e-02 8.757e-03 8.757e-03 1.415e-02 1.785e-02
1.516e-02 3.031e-02 5.726e-02 7.646e-02 6.669e-02 4.985e-02 3.334e-02 2.526e-02 3.065e-02 3.301e-02 3.132e-02 2.998e-02 1.852e-02 2.088e-02 1.987e-02 1.448e-02 1.954e-02 3.233e-02 4.850e-02 3.132e-02
1.482e-02 3.368e-02 9.363e-02 1.209e-01 1.916e-01 1.105e-01 6.770e-02 7.275e-02 1.027e-01 7.646e-02 5.827e-02 4.783e-02 2.459e-02 2.391e-02 2.560e-02 3.233e-02 4.176e-02 7.039e-02 1.964e-01 9.667e-02
1.145e-02 1.718e-02 2.391e-02 2.627e-02 3.604e-02 2.627e-02 1.751e-02 1.650e-02 2.055e-02 2.189e-02 1.718e-02 1.650e-02 1.549e-02 8.420e-03 9.431e-03 1.111e-02 1.314e-02 1.684e-02 3.132e-02 2.055e-02
4.715e-03 8.420e-03 7.073e-03 7.410e-03 6.736e-03 5.726e-03 4.042e-03 6.063e-03 5.389e-03 3.031e-03 5.389e-03 4.042e-03 3.368e-03 3.368e-03 1.347e-03 4.042e-03 2.358e-03 2.358e-03 4.042e-03 2.694e-03
4.715e-03 6.399e-03 3.705e-03 3.031e-03 3.705e-03 3.368e-03 1.684e-03 3.368e-03 3.368e-03 1.684e-03 3.368e-03 1.684e-03 3.368e-03 1.684e-03 2.021e-03 2.021e-03 2.021e-03 2.021e-03 2.021e-03 4.379e-03
3.705e-03 3.031e-03 1.347e-03 3.368e-03 3.705e-03 2.694e-03 1.684e-03 1.684e-03 2.358e-03 2.021e-03 2.021e-03 3.368e-03 2.021e-03 1.347e-03 3.368e-04 1.010e-03 1.010e-03 2.021e-03 1.347e-03 1.347e-03
4.379e-03 3.031e-03 1.684e-03 1.010e-03 1.347e-03 1.010e-03 6.736e-04 1.347e-03 1.010e-03 1.347e-03 1.010e-03 1.010e-03 1.347e-03 1.684e-03 3.368e-04 2.021e-03 2.021e-03 1.347e-03 2.694e-03 1.347e-03
3.705e-03 1.684e-03 1.684e-03 1.347e-03 2.358e-03 6.736e-04 1.684e-03 6.736e-04 1.010e-03 1.347e-03 2.358e-03 1.684e-03 0.000e+00 2.358e-03 2.694e-03 1.684e-03 1.684e-03 6.736e-04 2.021e-03 1.684e-03
2.694e-03 2.358e-03 1.684e-03 2.021e-03 1.010e-03 1.347e-03 2.694e-03 2.021e-03 1.347e-03 2.358e-03 2.021e-03 6.736e-04 6.736e-04 1.347e-03 1.684e-03 2.021e-03 1.347e-03 6.736e-04 6.736e-04 1.684e-03
2.021e-03 2.694e-03 2.358e-03 1.010e-03 1.010e-03 6.736e-04 3.368e-04 6.736e-04 3.368e-04 1.010e-03 1.347e-03 1.684e-03 1.347e-03 3.368e-04 1.347e-03 1.347e-03 1.010e-03 2.021e-03 6.736e-04 3.368e-04
2.021e-03 2.358e-03 3.031e-03 1.347e-03 2.694e-03 2.021e-03 2.358e-03 2.358e-03 2.358e-03 1.347e-03 1.010e-03 1.347e-03 1.347e-03 1.684e-03 2.021e-03 1.010e-03 6.736e-04 2.694e-03 6.736e-04 1.684e-03
3.368e-03 2.358e-03 2.021e-03 2.694e-03 2.021e-03 6.736e-04 1.684e-03 1.010e-03 1.684e-03 2.358e-03 1.010e-03 6.736e-04 2.694e-03 1.010e-03 1.010e-03 1.347e-03 6.736e-04 6.736e-04 1.010e-03 1.010e-03
2.021e-03 1.010e-03 3.705e-03 1.684e-03 1.010e-03 1.684e-03 3.368e-04 1.010e-03 1.347e-03 6.736e-04 6.736e-04 1.347e-03 6.736e-04 2.358e-03 1.347e-03 1.684e-03 1.010e-03 6.736e-04 6.736e-04 3.368e-04
2.358e-03 2.358e-03 2.021e-03 2.021e-03 1.684e-03 2.694e-03 6.736e-04 1.010e-03 3.031e-03 3.368e-04 2.021e-03 1.347e-03 2.021e-03 6.736e-04 2.358e-03 1.684e-03 6.736e-04 6.736e-04 0.000e+00 1.010e-03
# 2D Marginal for parameters depth and radius with ranges 2.0001e+03 6.9996e+03 and 5.0009e+02 3.9872e+03
5.277e-07 3.384e-07 1.855e-07 4.780e-08 1.912e-08 2.103e-08 1.721e-08 1.338e-08 5.736e-09 7.648e-09 5.736e-09 9.560e-09 7.648e-09 3.824e-09 5.736e-09 3.824e-09 7.648e-09 5.736e-09 5.736e-09 7.648e-09
8.049e-07 7.323e-07 5.832e-07 1.090e-07 3.250e-08 2.103e-08 7.648e-09 2.103e-08 9.560e-09 1.721e-08 7.648e-09 0.000e+00 3.824e-09 3.824e-09 3.824e-09 1.912e-09 5.736e-09 1.912e-09 1.912e-09 9.560e-09
1.302e-06 9.331e-07 5.373e-07 1.568e-07 4.971e-08 1.721e-08 1.338e-08 9.560e-09 9.560e-09 3.824e-09 3.824e-09 9.560e-09 1.912e-09 9.560e-09 0.000e+00 7.648e-09 1.912e-09 1.912e-09 3.824e-09 7.648e-09
9.407e-07 1.025e-06 4.531e-07 4.053e-07 1.415e-07 3.059e-08 1.912e-08 9.560e-09 5.736e-09 5.736e-09 9.560e-09 3.824e-09 3.824e-09 7.648e-09 3.824e-09 5.736e-09 3.824e-09 1.530e-08 7.648e-09 1.147e-08
6.252e-07 5.048e-07 3.289e-07 3.174e-07 5.545e-08 3.442e-08 1.912e-08 1.530e-08 1.147e-08 3.824e-09 9.560e-09 7.648e-09 7.648e-09 5.736e-09 9.560e-09 1.912e-09 1.912e-09 5.736e-09 3.824e-09 7.648e-09
4.684e-07 3.499e-07 1.874e-07 1.702e-07 4.589e-08 2.103e-08 1.530e-08 1.530e-08 5.736e-09 3.824e-09 5.736e-09 9.560e-09 5.736e-09 1.912e-09 5.736e-09 1.530e-08 5.736e-09 3.824e-09 5.736e-09 5.736e-09
2.008e-07 2.237e-07 1.606e-07 1.166e-07 4.780e-08 2.677e-08 1.721e-08 1.912e-08 7.648e-09 9.560e-09 1.530e-08 3.824e-09 3.824e-09 9.560e-09 5.736e-09 3.824e-09 5.736e-09 1.912e-09 1.912e-09 5.736e-09
1.224e-07 1.721e-07 1.109e-07 9.560e-08 1.013e-07 4.206e-08 2.294e-08 7.648e-09 3.824e-09 9.560e-09 7.648e-09 5.736e-09 7.648e-09 3.824e-09 0.000e+00 5.736e-09 1.147e-08 3.824e-09 3.824e-09 3.824e-09
6.692e-08 9.560e-08 9.751e-08 1.185e-07 9.560e-08 6.310e-08 3.059e-08 1.530e-08 9.560e-09 9.560e-09 9.560e-09 1.912e-09 5.736e-09 5.736e-09 3.824e-09 3.824e-09 3.824e-09 9.560e-09 7.648e-09 1.912e-09
7.074e-08 1.358e-07 9.942e-08 1.663e-07 8.986e-08 4.206e-08 3.824e-08 1.530e-08 1.721e-08 9.560e-09 3.824e-09 1.912e-09 1.338e-08 7.648e-09 5.736e-09 0.000e+00 5.736e-09 3.824e-09 5.736e-09 5.736e-09
7.266e-08 1.224e-07 1.128e-07 1.262e-07 1.013e-07 7.839e-08 2.486e-08 2.103e-08 3.633e-08 1.912e-08 5.736e-09 5.736e-09 2.103e-08 5.736e-09 3.824e-09 0.000e+00 5.736e-09 1.912e-09 3.824e-09 3.824e-09
9.751e-08 1.147e-07 1.224e-07 1.052e-07 1.453e-07 9.178e-08 6.692e-08 4.398e-08 1.721e-08 1.338e-08 1.338e-08 1.912e-08 9.560e-09 9.560e-09 9.560e-09 9.560e-09 1.912e-09 3.824e-09 7.648e-09 1.147e-08
6.118e-08 7.839e-08 1.262e-07 1.109e-07 1.013e-07 6.310e-08 4.780e-08 2.486e-08 1.912e-08 1.147e-08 1.338e-08 1.530e-08 9.560e-09 9.560e-09 9.560e-09 5.736e-09 5.736e-09 9.560e-09 3.824e-09 1.912e-09
5.545e-08 8.030e-08 1.090e-07 1.032e-07 1.166e-07 6.692e-08 5.354e-08 2.868e-08 2.486e-08 1.338e-08 1.721e-08 1.530e-08 5.736e-09 9.560e-09 5.736e-09 9.560e-09 1.147e-08 1.912e-09 5.736e-09 1.912e-09
4.398e-08 8.795e-08 1.147e-07 1.128e-07 9.751e-08 7.457e-08 5.162e-08 3.250e-08 1.912e-08 1.721e-08 1.147e-08 9.560e-09 7.648e-09 9.560e-09 1.912e-09 1.912e-09 5.736e-09 1.912e-09 1.912e-09 3.824e-09
6.883e-08 6.883e-08 1.262e-07 9.751e-08 1.205e-07 7.839e-08 5.736e-08 3.059e-08 2.677e-08 2.294e-08 7.648e-09 1.147e-08 5.736e-09 1.338e-08 9.560e-09 9.560e-09 5.736e-09 1.912e-09 0.000e+00 5.736e-09
4.780e-08 6.692e-08 9.560e-08 6.883e-08 8.413e-08 6.501e-08 4.971e-08 3.824e-08 2.868e-08 2.677e-08 5.736e-09 1.147e-08 9.560e-09 7.648e-09 7.648e-09 3.824e-09 5.736e-09 5.736e-09 5.736e-09 9.560e-09
3.059e-08 5.354e-08 1.052e-07 6.692e-08 4.971e-08 5.162e-08 4.589e-08 1.912e-08 2.486e-08 9.560e-09 9.560e-09 2.294e-08 5.736e-09 7.648e-09 7.648e-09 1.912e-09 1.338e-08 7.648e-09 3.824e-09 5.736e-09
4.589e-08 5.736e-08 6.310e-08 7.074e-08 3.824e-08 4.206e-08 3.059e-08 2.103e-08 1.338e-08 2.103e-08 7.648e-09 1.147e-08 3.824e-09 7.648e-09 1.912e-09 1.912e-09 3.824e-09 9.560e-09 1.912e-09 9.560e-09
3.633e-08 6.501e-08 8.413e-08 8.604e-08 5.545e-08 4.015e-08 3.633e-08 1.721e-08 1.530e-08 9.560e-09 1.530e-08 9.560e-09 3.824e-09 5.736e-09 0.000e+00 5.736e-09 1.338e-08 1.912e-09 0.000e+00 3.824e-09
# 2D Marginal for parameters depth and dP_mu with ranges 2.0001e+03 6.9996e+03 and 1.0002e-04 9.9998e-03
1.482e-02 1.751e-02 2.559e-02 4.041e-02 4.647e-02 3.031e-02 2.290e-02 2.694e-02 2.559e-02 4.984e-02 2.088e-02 2.020e-02 2.290e-02 6.061e-03 1.010e-02 1.280e-02 8.082e-03 9.429e-03 1.549e-02 1.280e-02
1.751e-02 1.953e-02 4.243e-02 8.014e-02 1.812e-01 8.082e-02 4.782e-02 2.357e-02 3.839e-02 4.849e-02 1.414e-02 1.953e-02 8.082e-03 1.010e-02 1.953e-02 1.078e-02 1.347e-02 2.694e-02 8.890e-02 4.647e-02
1.280e-02 2.155e-02 5.051e-02 4.849e-02 1.226e-01 8.216e-02 5.320e-02 7.812e-02 8.149e-02 3.973e-02 4.580e-02 2.694e-02 8.082e-03 2.425e-02 1.684e-02 1.414e-02 1.751e-02 2.222e-02 2.108e-01 1.078e-01
1.549e-02 5.657e-02 9.496e-02 7.071e-02 5.051e-02 8.284e-02 4.916e-02 5.320e-02 9.496e-02 6.061e-02 7.476e-02 6.061e-02 2.088e-02 1.280e-02 1.078e-02 2.155e-02 3.906e-02 8.351e-02 1.024e-01 3.973e-02
1.549e-02 1.818e-02 5.051e-02 8.284e-02 6.196e-02 3.839e-02 2.020e-02 2.222e-02 2.896e-02 3.233e-02 2.896e-02 2.222e-02 2.088e-02 1.818e-02 2.020e-02 2.020e-02 3.300e-02 3.839e-02 8.149e-02 4.176e-02
1.414e-02 1.616e-02 2.020e-02 3.435e-02 4.580e-02 1.886e-02 1.414e-02 1.751e-02 1.616e-02 1.549e-02 1.953e-02 1.414e-02 1.280e-02 1.347e-02 1.953e-02 1.616e-02 2.155e-02 4.041e-02 5.657e-02 4.782e-02
1.347e-02 1.684e-02 1.280e-02 2.155e-02 2.829e-02 2.088e-02 1.078e-02 1.212e-02 8.082e-03 1.010e-02 1.414e-02 1.751e-02 1.549e-02 9.429e-03 9.429e-03 1.078e-02 1.010e-02 2.290e-02 1.886e-02 2.896e-02
1.414e-02 1.078e-02 3.367e-02 2.155e-02 1.684e-02 1.010e-02 1.818e-02 8.082e-03 8.755e-03 1.212e-02 8.082e-03 1.414e-02 1.078e-02 4.714e-03 6.061e-03 1.280e-02 9.429e-03 1.414e-02 7.408e-03 1.953e-02
9.429e-03 2.088e-02 3.502e-02 2.222e-02 2.088e-02 1.414e-02 1.280e-02 1.212e-02 6.735e-03 6.061e-03 6.735e-03 6.061e-03 1.010e-02 6.735e-03 6.061e-03 8.755e-03 6.061e-03 5.388e-03 8.082e-03 6.735e-03
8.755e-03 2.694e-02 2.290e-02 3.367e-02 2.222e-02 1.414e-02 1.751e-02 7.408e-03 1.078e-02 6.735e-03 1.078e-02 1.414e-02 1.280e-02 1.078e-02 1.280e-02 8.755e-03 4.041e-03 4.714e-03 1.347e-03 8.755e-03
1.818e-02 1.751e-02 3.435e-02 2.694e-02 1.751e-02 1.684e-02 1.010e-02 8.755e-03 2.020e-02 1.414e-02 1.616e-02 2.020e-02 1.347e-02 5.388e-03 6.061e-03 6.061e-03 4.714e-03 4.041e-03 6.061e-03 5.388e-03
2.088e-02 2.627e-02 3.435e-02 3.771e-02 2.222e-02 1.953e-02 2.357e-02 6.735e-03 2.020e-02 1.482e-02 1.078e-02 1.212e-02 1.414e-02 1.414e-02 6.735e-03 6.735e-03 6.735e-03 6.735e-03 7.408e-03 1.010e-02
1.886e-02 2.088e-02 2.088e-02 3.165e-02 1.751e-02 1.549e-02 1.145e-02 1.280e-02 1.818e-02 1.078e-02 1.212e-02 7.408e-03 1.212e-02 7.408e-03 4.714e-03 9.429e-03 4.041e-03 6.735e-03 4.041e-03 1.010e-02
1.684e-02 2.290e-02 1.818e-02 1.953e-02 2.222e-02 2.559e-02 1.616e-02 1.212e-02 8.755e-03 8.755e-03 6.061e-03 8.755e-03 1.212e-02 1.010e-02 6.735e-03 8.082e-03 7.408e-03 8.082e-03 8.755e-03 1.212e-02
1.751e-02 2.425e-02 2.222e-02 2.222e-02 2.155e-02 1.482e-02 1.280e-02 8.082e-03 1.280e-02 9.429e-03 1.145e-02 8.082e-03 1.280e-02 6.061e-03 4.714e-03 6.735e-03 1.010e-02 7.408e-03 6.735e-03 9.429e-03
2.290e-02 2.492e-02 1.549e-02 2.155e-02 2.155e-02 1.818e-02 1.212e-02 7.408e-03 1.078e-02 1.078e-02 1.684e-02 1.212e-02 7.408e-03 1.414e-02 9.429e-03 1.616e-02 6.735e-03 7.408e-03 7.408e-03 7.408e-03
1.751e-02 2.357e-02 1.953e-02 1.549e-02 1.818e-02 9.429e-03 1.212e-02 1.010e-02 5.388e-03 7.408e-03 6.735e-03 1.818e-02 7.408e-03 1.280e-02 9.429e-03 6.735e-03 1.078e-02 6.735e-03 2.694e-03 6.735e-03
2.020e-02 8.082e-03 1.549e-02 1.010e-02 1.078e-02 5.388e-03 6.735e-03 1.078e-02 4.041e-03 4.714e-03 6.735e-03 8.755e-03 9.429e-03 1.212e-02 1.347e-02 1.078e-02 7.408e-03 4.714e-03 9.429e-03 1.212e-02
9.429e-03 1.212e-02 1.078e-02 6.061e-03 1.078e-02 1.145e-02 1.145e-02 5.388e-03 5.388e-03 6.061e-03 1.280e-02 8.755e-03 6.735e-03 1.010e-02 6.061e-03 5.388e-03 7.408e-03 4.041e-03 6.061e-03 6.735e-03
1.078e-02 1.010e-02 6.735e-03 1.145e-02 5.388e-03 2.694e-03 1.010e-02 1.145e-02 7.408e-03 8.755e-03 1.212e-02 1.078e-02 9.429e-03 1.414e-02 1.145e-02 5.388e-03 4.714e-03 8.755e-03 8.755e-03 7.408e-03
# 2D Marginal for parameters radius and dP_mu with ranges 5.0009e+02 3.9872e+03 and 1.0002e-04 9.9998e-03
1.062e-02 1.931e-02 1.448e-02 2.897e-02 3.090e-02 3.573e-02 5.214e-02 6.373e-02 1.052e-01 1.651e-01 1.207e-01 1.120e-01 9.463e-02 8.980e-02 1.159e-01 1.255e-01 1.786e-01 2.945e-01 7.734e-01 4.422e-01
1.255e-02 1.545e-02 2.800e-02 6.469e-02 2.173e-01 2.356e-01 2.269e-01 2.491e-01 3.186e-01 2.153e-01 2.173e-01 1.699e-01 1.101e-01 8.111e-02 7.725e-02 7.918e-02 7.049e-02 1.004e-01 9.559e-02 9.463e-02
1.931e-02 2.414e-02 8.111e-02 2.559e-01 4.731e-01 2.539e-01 1.081e-01 8.401e-02 8.883e-02 7.338e-02 7.821e-02 8.111e-02 5.504e-02 5.118e-02 3.766e-02 3.862e-02 2.704e-02 2.414e-02 2.317e-02 4.249e-02
3.090e-02 7.242e-02 2.752e-01 2.742e-01 1.535e-01 1.014e-01 6.566e-02 3.766e-02 3.959e-02 3.669e-02 3.862e-02 4.538e-02 3.766e-02 4.055e-02 1.641e-02 2.124e-02 8.690e-03 1.448e-02 1.255e-02 1.641e-02
3.766e-02 1.014e-01 1.574e-01 1.477e-01 1.014e-01 5.697e-02 5.118e-02 2.221e-02 1.448e-02 1.931e-02 1.835e-02 1.641e-02 9.656e-03 1.255e-02 1.062e-02 5.794e-03 4.828e-03 3.862e-03 2.897e-03 7.725e-03
4.924e-02 8.594e-02 9.752e-02 7.435e-02 5.504e-02 2.800e-02 1.931e-02 1.159e-02 1.159e-02 2.897e-03 6.759e-03 9.656e-03 4.828e-03 9.656e-03 3.862e-03 1.931e-03 3.862e-03 3.862e-03 3.862e-03 6.759e-03
4.152e-02 7.435e-02 8.980e-02 3.380e-02 2.221e-02 4.828e-03 1.641e-02 1.062e-02 2.897e-03 1.931e-03 3.862e-03 5.794e-03 2.897e-03 2.897e-03 5.794e-03 9.656e-04 6.759e-03 4.828e-03 3.862e-03 0.000e+00
3.862e-02 6.180e-02 2.800e-02 1.062e-02 7.725e-03 1.545e-02 9.656e-04 4.828e-03 5.794e-03 3.862e-03 3.862e-03 2.897e-03 4.828e-03 4.828e-03 0.000e+00 5.794e-03 4.828e-03 1.931e-03 2.897e-03 1.931e-03
4.924e-02 3.186e-02 2.028e-02 8.690e-03 2.897e-03 5.794e-03 5.794e-03 2.897e-03 4.828e-03 2.897e-03 2.897e-03 1.931e-03 2.897e-03 9.656e-04 4.828e-03 1.931e-03 1.931e-03 1.931e-03 1.931e-03 9.656e-04
3.573e-02 3.186e-02 9.656e-03 1.159e-02 2.897e-03 2.897e-03 9.656e-04 1.931e-03 3.862e-03 0.000e+00 1.931e-03 3.862e-03 2.897e-03 0.000e+00 2.897e-03 9.656e-04 1.931e-03 0.000e+00 2.897e-03 4.828e-03
2.317e-02 1.641e-02 9.656e-03 8.690e-03 5.794e-03 3.862e-03 1.931e-03 1.931e-03 2.897e-03 0.000e+00 0.000e+00 1.931e-03 9.656e-04 1.931e-03 2.897e-03 1.931e-03 1.931e-03 2.897e-03 1.931e-03 2.897e-03
3.090e-02 1.738e-02 4.828e-03 3.862e-03 2.897e-03 2.897e-03 9.656e-04 3.862e-03 2.897e-03 1.931e-03 0.000e+00 9.656e-04 3.862e-03 9.656e-04 1.931e-03 3.862e-03 2.897e-03 2.897e-03 9.656e-04 2.897e-03
1.352e-02 1.545e-02 1.931e-03 2.897e-03 0.000e+00 2.897e-03 9.656e-04 1.931e-03 3.862e-03 9.656e-04 1.931e-03 5.794e-03 1.931e-03 4.828e-03 4.828e-03 2.897e-03 0.000e+00 2.897e-03 1.931e-03 9.656e-04
1.545e-02 1.062e-02 5.794e-03 4.828e-03 1.931e-03 2.897e-03 9.656e-04 0.000e+00 9.656e-04 1.931e-03 1.931e-03 1.931e-03 5.794e-03 9.656e-04 3.862e-03 2.897e-03 4.828e-03 9.656e-04 2.897e-03 1.931e-03
7.725e-03 4.828e-03 9.656e-04 1.931e-03 9.656e-04 1.931e-03 4.828e-03 1.931e-03 9.656e-04 2.897e-03 1.931e-03 9.656e-04 1.931e-03 2.897e-03 1.931e-03 4.828e-03 1.931e-03 9.656e-04 9.656e-04 3.862e-03
6.759e-03 2.897e-03 4.828e-03 2.897e-03 9.656e-04 9.656e-04 1.931e-03 2.897e-03 9.656e-04 2.897e-03 1.931e-03 1.931e-03 2.897e-03 2.897e-03 1.931e-03 3.862e-03 3.862e-03 1.931e-03 9.656e-04 0.000e+00
2.897e-03 1.931e-03 1.931e-03 1.931e-03 1.931e-03 2.897e-03 2.897e-03 3.862e-03 2.897e-03 2.897e-03 1.931e-03 3.862e-03 4.828e-03 4.828e-03 3.862e-03 4.828e-03 4.828e-03 2.897e-03 4.828e-03 9.656e-04
7.725e-03 9.656e-04 1.931e-03 1.931e-03 4.828e-03 9.656e-04 0.000e+00 9.656e-04 1.931e-03 2.897e-03 1.931e-03 3.862e-03 2.897e-03 3.862e-03 1.931e-03 2.897e-03 9.656e-04 2.897e-03 2.897e-03 1.931e-03
5.794e-03 2.897e-03 3.862e-03 0.000e+00 2.897e-03 1.931e-03 1.931e-03 1.931e-03 2.897e-03 0.000e+00 1.931e-03 1.931e-03 2.897e-03 2.897e-03 0.000e+00 9.656e-04 9.656e-04 1.931e-03 9.656e-04 2.897e-03
3.862e-03 3.862e-03 3.862e-03 4.828e-03 6.759e-03 9.656e-04 0.000e+00 9.656e-04 4.828e-03 2.897e-03 3.862e-03 1.931e-03 1.931e-03 0.000e+00 2.897e-03 1.931e-03 1.931e-03 6.759e-03 2.897e-03 5.794e-03
