# 2D Marginal for parameters xtlc and ytlc with ranges 4.2200e+05 4.3199e+05 and 4.5150e+06 4.5250e+06
8.906e-10 2.449e-09 1.559e-09 2.449e-09 4.008e-09 4.231e-09 3.563e-09 5.567e-09 7.348e-09 6.902e-09 5.121e-09 5.344e-09 2.895e-09 2.227e-09 1.559e-09 6.680e-10 8.906e-10 2.227e-10 4.453e-10 1.113e-09
1.781e-09 2.227e-09 2.227e-09 3.117e-09 4.008e-09 4.453e-09 1.024e-08 1.358e-08 1.247e-08 1.047e-08 8.906e-09 6.457e-09 4.008e-09 2.227e-09 2.004e-09 1.113e-09 8.906e-10 6.680e-10 6.680e-10 1.336e-09
2.449e-09 1.559e-09 3.785e-09 4.453e-09 4.453e-09 9.129e-09 1.380e-08 1.603e-08 2.650e-08 2.160e-08 1.625e-08 1.225e-08 5.121e-09 4.231e-09 2.449e-09 8.906e-10 6.680e-10 4.453e-10 6.680e-10 6.680e-10
1.559e-09 2.449e-09 1.781e-09 5.567e-09 8.238e-09 1.336e-08 1.893e-08 3.696e-08 4.921e-08 4.320e-08 3.607e-08 1.603e-08 7.570e-09 6.680e-09 2.227e-09 4.453e-10 1.336e-09 4.453e-10 6.680e-10 4.453e-10
3.117e-09 1.336e-09 3.340e-09 4.008e-09 7.348e-09 1.314e-08 3.474e-08 6.145e-08 8.840e-08 8.016e-08 6.836e-08 3.674e-08 1.202e-08 6.235e-09 3.117e-09 2.004e-09 1.336e-09 4.453e-10 1.113e-09 6.680e-10
2.672e-09 2.895e-09 2.672e-09 4.676e-09 1.024e-08 1.893e-08 3.184e-08 8.639e-08 1.311e-07 2.002e-07 1.343e-07 5.143e-08 1.670e-08 7.125e-09 4.453e-09 2.672e-09 1.559e-09 8.906e-10 8.906e-10 2.227e-10
8.906e-10 2.449e-09 4.453e-09 5.567e-09 7.793e-09 1.247e-08 3.384e-08 8.060e-08 1.790e-07 3.026e-07 2.309e-07 6.301e-08 2.115e-08 8.461e-09 4.008e-09 2.004e-09 1.113e-09 1.336e-09 8.906e-10 4.453e-10
1.559e-09 2.227e-09 2.227e-09 4.676e-09 7.793e-09 1.225e-08 3.050e-08 5.522e-08 1.189e-07 1.975e-07 1.363e-07 4.676e-08 1.714e-08 7.793e-09 1.781e-09 2.227e-09 4.453e-10 6.680e-10 1.559e-09 1.113e-09
4.008e-09 1.113e-09 2.895e-09 3.785e-09 6.012e-09 7.570e-09 1.403e-08 3.073e-08 5.054e-08 6.524e-08 5.010e-08 2.583e-08 1.202e-08 4.899e-09 1.781e-09 2.004e-09 1.113e-09 8.906e-10 6.680e-10 0.000e+00
2.227e-09 2.004e-09 2.449e-09 4.231e-09 3.563e-09 4.676e-09 1.158e-08 1.269e-08 2.271e-08 2.449e-08 1.937e-08 1.447e-08 8.906e-09 3.563e-09 2.449e-09 8.906e-10 1.336e-09 6.680e-10 2.227e-10 2.227e-10
1.336e-09 2.227e-09 2.004e-09 2.895e-09 4.008e-09 4.231e-09 5.121e-09 6.902e-09 9.129e-09 1.269e-08 9.352e-09 6.902e-09 4.676e-09 4.008e-09 2.449e-09 1.113e-09 6.680e-10 1.336e-09 4.453e-10 8.906e-10
8.906e-10 2.227e-10 1.559e-09 1.781e-09 2.449e-09 1.781e-09 3.563e-09 4.008e-09 5.789e-09 4.899e-09 5.344e-09 2.672e-09 3.117e-09 1.781e-09 1.336e-09 1.336e-09 8.906e-10 4.453e-10 1.113e-09 6.680e-10
2.227e-10 6.680e-10 6.680e-10 1.336e-09 1.781e-09 1.559e-09 2.672e-09 3.785e-09 3.340e-09 3.340e-09 2.449e-09 1.781e-09 1.336e-09 1.336e-09 1.113e-09 1.113e-09 2.227e-10 1.113e-09 2.227e-10 4.453e-10
8.906e-10 1.559e-09 4.453e-10 1.781e-09 1.336e-09 1.781e-09 1.113e-09 1.336e-09 2.227e-09 1.113e-09 3.785e-09 1.336e-09 1.113e-09 1.781e-09 6.680e-10 4.453e-10 6.680e-10 8.906e-10 1.336e-09 4.453e-10
8.906e-10 1.113e-09 6.680e-10 1.113e-09 1.113e-09 1.113e-09 4.453e-10 4.453e-10 1.336e-09 1.781e-09 1.781e-09 1.113e-09 1.559e-09 6.680e-10 6.680e-10 2.227e-10 6.680e-10 6.680e-10 1.113e-09 1.113e-09
8.906e-10 4.453e-10 8.906e-10 1.113e-09 6.680e-10 6.680e-10 8.906e-10 6.680e-10 2.227e-10 1.559e-09 6.680e-10 6.680e-10 6.680e-10 2.227e-10 2.227e-10 4.453e-10 4.453e-10 2.227e-10 2.227e-10 0.000e+00
8.906e-10 6.680e-10 4.453e-10 4.453e-10 1.113e-09 8.906e-10 1.113e-09 1.559e-09 6.680e-10 1.559e-09 2.227e-10 8.906e-10 2.227e-10 4.453e-10 0.000e+00 8.906e-10 6.680e-10 6.680e-10 4.453e-10 8.906e-10
2.227e-10 8.906e-10 0.000e+00 2.004e-09 2.227e-10 8.906e-10 1.781e-09 6.680e-10 1.113e-09 6.680e-10 4.453e-10 8.906e-10 1.781e-09 8.906e-10 1.113e-09 6.680e-10 6.680e-10 4.453e-10 1.113e-09 8.906e-10
6.680e-10 4.453e-10 8.906e-10 6.680e-10 2.227e-10 6.680e-10 6.680e-10 6.680e-10 1.113e-09 2.227e-10 1.113e-09 2.227e-10 2.227e-10 8.906e-10 2.227e-10 1.113e-09 1.113e-09 4.453e-10 6.680e-10 6.680e-10
8.906e-10 8.906e-10 0.000e+00 6.680e-10 8.906e-10 6.680e-10 4.453e-10 1.336e-09 8.906e-10 8.906e-10 1.781e-09 4.453e-10 8.906e-10 6.680e-10 0.000e+00 4.453e-10 2.227e-10 2.227e-10 8.906e-10 4.453e-10
# 2D Marginal for parameters xtlc and dtlc with ranges 4.2200e+05 4.3199e+05 and 2.0009e+03 6.9979e+03
3.562e-09 3.562e-09 3.117e-09 3.562e-09 3.117e-09 5.343e-09 6.678e-09 8.014e-09 2.671e-09 7.569e-09 7.124e-09 4.897e-09 5.788e-09 6.678e-09 1.247e-08 8.459e-09 9.795e-09 3.117e-09 6.678e-09 6.678e-09
3.562e-09 2.671e-09 4.452e-09 5.788e-09 6.233e-09 8.459e-09 7.124e-09 7.569e-09 5.788e-09 1.069e-08 1.558e-08 1.202e-08 1.113e-08 1.380e-08 1.291e-08 1.113e-08 1.069e-08 9.795e-09 1.202e-08 1.425e-08
4.007e-09 1.113e-08 7.124e-09 1.291e-08 8.014e-09 1.380e-08 1.380e-08 1.558e-08 2.003e-08 1.603e-08 2.182e-08 1.914e-08 1.558e-08 2.093e-08 1.514e-08 1.558e-08 1.558e-08 1.647e-08 1.380e-08 1.825e-08
7.569e-09 6.233e-09 1.336e-08 1.247e-08 1.914e-08 2.627e-08 3.117e-08 3.651e-08 4.007e-08 4.185e-08 4.052e-08 3.651e-08 3.028e-08 3.339e-08 2.760e-08 2.894e-08 2.003e-08 1.603e-08 1.825e-08 2.003e-08
1.069e-08 1.024e-08 1.603e-08 2.760e-08 3.695e-08 5.699e-08 7.035e-08 8.682e-08 7.168e-08 8.637e-08 6.990e-08 5.254e-08 4.942e-08 5.120e-08 4.185e-08 2.671e-08 2.315e-08 2.671e-08 2.449e-08 1.825e-08
8.014e-09 1.291e-08 1.870e-08 3.028e-08 4.096e-08 8.860e-08 1.549e-07 1.879e-07 2.302e-07 1.865e-07 1.233e-07 8.815e-08 5.076e-08 4.230e-08 3.384e-08 3.295e-08 3.250e-08 2.226e-08 1.959e-08 1.870e-08
5.343e-09 1.247e-08 1.959e-08 2.449e-08 4.853e-08 8.860e-08 2.244e-07 3.326e-07 3.535e-07 2.689e-07 1.612e-07 8.637e-08 6.456e-08 4.986e-08 4.274e-08 3.473e-08 3.206e-08 2.849e-08 2.048e-08 2.671e-08
1.069e-08 8.014e-09 1.425e-08 2.360e-08 4.007e-08 7.391e-08 1.527e-07 2.030e-07 2.075e-07 1.474e-07 1.086e-07 6.278e-08 4.363e-08 4.363e-08 3.784e-08 2.983e-08 2.805e-08 2.538e-08 1.736e-08 1.870e-08
5.343e-09 5.343e-09 6.678e-09 1.425e-08 1.959e-08 3.384e-08 5.298e-08 5.832e-08 6.055e-08 5.209e-08 4.319e-08 3.206e-08 3.428e-08 3.072e-08 3.384e-08 2.449e-08 2.003e-08 1.336e-08 1.781e-08 1.158e-08
4.452e-09 6.678e-09 7.124e-09 7.124e-09 1.024e-08 1.603e-08 1.291e-08 2.093e-08 2.493e-08 2.182e-08 1.914e-08 2.137e-08 1.647e-08 1.647e-08 1.425e-08 1.247e-08 1.336e-08 1.469e-08 1.291e-08 1.202e-08
5.788e-09 5.343e-09 2.671e-09 6.233e-09 8.014e-09 5.343e-09 6.678e-09 9.350e-09 1.024e-08 1.336e-08 6.233e-09 1.069e-08 1.024e-08 1.113e-08 8.014e-09 1.113e-08 8.904e-09 8.904e-09 8.459e-09 8.014e-09
2.671e-09 1.336e-09 3.562e-09 2.226e-09 2.226e-09 5.788e-09 3.117e-09 2.671e-09 4.452e-09 3.117e-09 7.124e-09 8.459e-09 7.569e-09 5.343e-09 5.788e-09 5.788e-09 5.343e-09 5.343e-09 4.897e-09 4.452e-09
2.671e-09 4.452e-10 1.336e-09 4.007e-09 1.781e-09 2.671e-09 4.452e-10 1.336e-09 3.117e-09 4.007e-09 4.007e-09 4.897e-09 3.117e-09 2.671e-09 3.562e-09 4.007e-09 6.678e-09 1.336e-09 4.007e-09 4.897e-09
3.117e-09 8.904e-10 1.336e-09 1.336e-09 1.336e-09 1.336e-09 2.226e-09 2.226e-09 4.007e-09 1.781e-09 1.781e-09 2.671e-09 2.226e-09 3.117e-09 3.117e-09 4.007e-09 2.671e-09 3.562e-09 5.788e-09 3.562e-09
8.904e-10 1.336e-09 2.671e-09 1.336e-09 2.226e-09 4.452e-10 8.904e-10 8.904e-10 1.781e-09 8.904e-10 3.117e-09 3.562e-09 2.671e-09 8.904e-10 1.336e-09 1.336e-09 3.562e-09 2.671e-09 3.117e-09 3.562e-09
4.452e-10 8.904e-10 4.452e-10 8.904e-10 0.000e+00 1.336e-09 1.336e-09 8.904e-10 1.336e-09 1.336e-09 1.336e-09 4.452e-10 1.336e-09 1.781e-09 1.336e-09 8.904e-10 1.781e-09 1.336e-09 3.117e-09 1.336e-09
4.452e-10 2.226e-09 2.671e-09 1.781e-09 1.336e-09 4.452e-10 1.781e-09 2.671e-09 8.904e-10 8.904e-10 1.781e-09 1.336e-09 8.904e-10 8.904e-10 8.904e-10 2.226e-09 1.781e-09 2.671e-09 4.452e-10 1.336e-09
1.336e-09 1.781e-09 1.781e-09 2.226e-09 8.904e-10 8.904e-10 1.781e-09 2.671e-09 2.671e-09 1.781e-09 1.336e-09 8.904e-10 8.904e-10 0.000e+00 3.117e-09 1.336e-09 3.117e-09 3.117e-09 1.781e-09 1.336e-09
8.904e-10 8.904e-10 1.781e-09 1.781e-09 0.000e+00 1.336e-09 4.452e-10 4.452e-10 0.000e+00 4.452e-10 8.904e-10 3.117e-09 2.226e-09 1.781e-09 4.452e-10 8.904e-10 1.336e-09 1.336e-09 2.671e-09 3.117e-09
4.452e-10 8.904e-10 1.336e-09 8.904e-10 4.452e-10 2.671e-09 1.336e-09 2.226e-09 4.452e-10 1.336e-09 1.336e-09 1.336e-09 4.452e-10 2.671e-09 1.336e-09 8.904e-10 1.781e-09 1.336e-09 1.336e-09 2.671e-09
# 2D Marginal for parameters xtlc and length with ranges 4.2200e+05 4.3199e+05 and 5.0312e+02 3.9999e+03
7.635e-09 5.090e-09 4.454e-09 4.454e-09 2.545e-09 6.362e-09 8.271e-09 8.271e-09 2.545e-09 5.726e-09 8.271e-09 7.635e-09 1.082e-08 1.272e-08 9.544e-09 1.463e-08 1.018e-08 1.082e-08 1.400e-08 1.591e-08
6.362e-09 5.726e-09 1.272e-08 5.726e-09 6.362e-09 5.726e-09 8.907e-09 6.362e-09 9.544e-09 1.591e-08 1.272e-08 1.209e-08 1.463e-08 2.100e-08 2.290e-08 1.527e-08 2.163e-08 2.418e-08 1.209e-08 2.545e-08
4.454e-09 5.090e-09 3.817e-09 7.635e-09 1.018e-08 1.018e-08 1.272e-08 1.654e-08 1.463e-08 1.272e-08 2.609e-08 2.481e-08 2.672e-08 2.354e-08 3.436e-08 3.945e-08 3.754e-08 3.817e-08 3.881e-08 3.372e-08
1.209e-08 5.726e-09 1.145e-08 1.463e-08 1.909e-08 1.972e-08 1.972e-08 3.372e-08 3.372e-08 4.390e-08 4.581e-08 4.008e-08 4.008e-08 4.517e-08 5.535e-08 5.917e-08 5.726e-08 6.235e-08 4.708e-08 5.726e-08
1.018e-08 1.527e-08 1.909e-08 2.163e-08 2.863e-08 2.990e-08 4.008e-08 4.581e-08 8.271e-08 8.716e-08 8.716e-08 9.162e-08 8.080e-08 9.098e-08 1.177e-07 9.862e-08 9.289e-08 6.999e-08 5.344e-08 6.235e-08
2.100e-08 2.163e-08 2.990e-08 5.217e-08 6.044e-08 7.253e-08 1.056e-07 1.750e-07 2.303e-07 2.424e-07 1.813e-07 1.279e-07 1.107e-07 1.171e-07 1.241e-07 1.075e-07 8.144e-08 7.444e-08 4.963e-08 4.899e-08
2.609e-08 4.772e-08 6.617e-08 8.907e-08 1.533e-07 1.641e-07 1.960e-07 3.188e-07 3.537e-07 3.709e-07 2.539e-07 1.451e-07 1.228e-07 9.798e-08 9.989e-08 6.935e-08 5.408e-08 4.199e-08 4.008e-08 4.072e-08
2.418e-08 3.499e-08 7.571e-08 1.075e-07 1.591e-07 1.470e-07 1.762e-07 1.947e-07 2.138e-07 1.756e-07 1.215e-07 9.989e-08 5.535e-08 5.026e-08 5.535e-08 4.008e-08 3.690e-08 2.672e-08 3.499e-08 2.354e-08
2.481e-08 3.627e-08 5.472e-08 6.299e-08 7.953e-08 7.317e-08 7.444e-08 6.235e-08 5.090e-08 4.963e-08 4.326e-08 3.881e-08 2.927e-08 3.308e-08 2.163e-08 1.718e-08 1.845e-08 1.400e-08 1.463e-08 1.591e-08
1.654e-08 1.909e-08 3.308e-08 3.118e-08 3.181e-08 3.054e-08 2.545e-08 2.354e-08 2.736e-08 2.418e-08 1.972e-08 1.718e-08 1.972e-08 1.527e-08 1.591e-08 1.400e-08 1.463e-08 1.018e-08 9.544e-09 8.907e-09
1.145e-08 2.036e-08 1.845e-08 2.100e-08 1.336e-08 1.654e-08 1.654e-08 1.209e-08 1.018e-08 1.336e-08 1.018e-08 7.635e-09 1.209e-08 1.336e-08 8.907e-09 7.635e-09 6.362e-09 4.454e-09 4.454e-09 6.999e-09
5.090e-09 5.726e-09 6.999e-09 1.209e-08 1.145e-08 4.454e-09 5.726e-09 5.090e-09 8.907e-09 1.082e-08 8.271e-09 5.726e-09 3.181e-09 5.726e-09 6.999e-09 6.362e-09 8.271e-09 6.362e-10 3.181e-09 5.726e-09
6.999e-09 2.545e-09 5.090e-09 5.726e-09 6.362e-09 3.817e-09 2.545e-09 4.454e-09 1.272e-09 8.271e-09 8.907e-09 3.181e-09 3.181e-09 4.454e-09 1.272e-09 3.817e-09 2.545e-09 3.181e-09 3.817e-09 5.726e-09
6.362e-09 5.090e-09 2.545e-09 6.999e-09 2.545e-09 3.817e-09 2.545e-09 4.454e-09 1.909e-09 6.362e-09 1.272e-09 1.909e-09 5.090e-09 3.181e-09 5.090e-09 1.909e-09 2.545e-09 3.181e-09 4.454e-09 3.181e-09
4.454e-09 2.545e-09 5.090e-09 1.909e-09 1.909e-09 2.545e-09 3.817e-09 4.454e-09 1.909e-09 2.545e-09 1.909e-09 1.909e-09 3.817e-09 3.817e-09 1.909e-09 3.817e-09 2.545e-09 1.272e-09 6.362e-10 3.181e-09
1.909e-09 2.545e-09 6.362e-10 2.545e-09 1.272e-09 6.362e-10 6.362e-10 1.272e-09 6.362e-10 2.545e-09 1.909e-09 6.362e-10 1.272e-09 1.272e-09 6.362e-10 3.817e-09 3.181e-09 6.362e-10 3.181e-09 2.545e-09
1.909e-09 3.817e-09 3.817e-09 1.909e-09 2.545e-09 1.272e-09 3.181e-09 1.909e-09 2.545e-09 6.362e-10 3.181e-09 6.362e-10 1.909e-09 2.545e-09 1.909e-09 1.909e-09 6.362e-10 2.545e-09 2.545e-09 6.362e-10
3.817e-09 5.726e-09 2.545e-09 3.817e-09 3.181e-09 6.362e-10 3.181e-09 2.545e-09 3.817e-09 1.272e-09 1.272e-09 1.909e-09 1.909e-09 1.272e-09 1.909e-09 1.272e-09 1.909e-09 3.817e-09 1.272e-09 2.545e-09
6.362e-10 6.362e-10 1.272e-09 1.272e-09 1.272e-09 2.545e-09 1.272e-09 1.272e-09 3.181e-09 1.272e-09 1.909e-09 1.272e-09 6.362e-10 3.181e-09 3.181e-09 3.181e-09 1.272e-09 3.181e-09 2.545e-09 1.909e-09
1.909e-09 5.090e-09 1.909e-09 6.362e-10 2.545e-09 1.272e-09 3.181e-09 1.909e-09 6.362e-10 1.909e-09 2.545e-09 2.545e-09 1.909e-09 1.272e-09 1.909e-09 1.909e-09 2.545e-09 0.000e+00 6.362e-10 2.545e-09
# 2D Marginal for parameters xtlc and width with ranges 4.2200e+05 4.3199e+05 and 5.0004e+02 3.9999e+03
6.357e-09 7.628e-09 8.264e-09 3.178e-09 8.264e-09 1.144e-08 1.081e-08 5.721e-09 8.899e-09 5.721e-09 1.144e-08 7.628e-09 8.899e-09 8.264e-09 9.535e-09 6.992e-09 8.264e-09 1.017e-08 1.208e-08 1.017e-08
1.081e-08 5.721e-09 1.017e-08 1.017e-08 1.081e-08 8.264e-09 1.526e-08 1.653e-08 1.526e-08 1.526e-08 1.971e-08 1.653e-08 1.462e-08 1.716e-08 1.780e-08 1.271e-08 1.144e-08 1.144e-08 9.535e-09 1.589e-08
1.780e-08 1.589e-08 2.225e-08 1.653e-08 2.034e-08 1.589e-08 2.098e-08 1.907e-08 2.924e-08 2.225e-08 1.907e-08 2.733e-08 2.924e-08 3.496e-08 2.034e-08 2.479e-08 1.589e-08 1.780e-08 1.653e-08 1.462e-08
3.623e-08 3.814e-08 1.971e-08 2.479e-08 3.369e-08 3.115e-08 3.560e-08 4.005e-08 3.496e-08 4.132e-08 5.085e-08 4.386e-08 4.005e-08 4.513e-08 3.623e-08 4.195e-08 3.496e-08 3.115e-08 2.797e-08 3.496e-08
8.899e-08 6.484e-08 3.750e-08 4.195e-08 4.831e-08 4.195e-08 5.594e-08 5.276e-08 4.768e-08 5.530e-08 5.403e-08 7.628e-08 8.709e-08 9.027e-08 8.582e-08 6.357e-08 6.230e-08 5.848e-08 6.102e-08 5.085e-08
1.303e-07 8.137e-08 4.895e-08 4.323e-08 6.039e-08 6.357e-08 7.628e-08 8.518e-08 5.658e-08 8.073e-08 1.036e-07 1.265e-07 2.104e-07 2.110e-07 1.920e-07 1.303e-07 9.662e-08 8.836e-08 6.929e-08 7.755e-08
6.039e-08 5.530e-08 4.704e-08 5.403e-08 7.056e-08 1.430e-07 1.615e-07 1.163e-07 6.039e-08 6.547e-08 1.195e-07 2.028e-07 2.988e-07 3.464e-07 3.102e-07 1.990e-07 1.303e-07 1.036e-07 1.062e-07 9.853e-08
2.416e-08 2.479e-08 1.971e-08 4.195e-08 6.420e-08 1.240e-07 1.418e-07 8.836e-08 5.403e-08 5.594e-08 7.755e-08 1.023e-07 1.570e-07 1.780e-07 1.958e-07 1.227e-07 1.004e-07 9.408e-08 8.709e-08 9.789e-08
1.653e-08 1.081e-08 1.335e-08 2.479e-08 3.814e-08 4.768e-08 4.704e-08 4.831e-08 2.861e-08 3.369e-08 3.051e-08 3.496e-08 4.450e-08 5.467e-08 5.975e-08 5.848e-08 4.640e-08 4.513e-08 6.802e-08 6.293e-08
8.264e-09 1.208e-08 1.144e-08 1.398e-08 8.899e-09 1.907e-08 1.971e-08 1.716e-08 1.208e-08 1.971e-08 1.335e-08 1.335e-08 2.606e-08 2.098e-08 2.543e-08 2.670e-08 3.623e-08 2.670e-08 3.496e-08 4.132e-08
3.814e-09 8.899e-09 8.264e-09 1.017e-08 1.017e-08 1.208e-08 9.535e-09 1.144e-08 1.271e-08 1.144e-08 1.208e-08 1.081e-08 1.589e-08 1.271e-08 7.628e-09 2.034e-08 1.271e-08 1.144e-08 1.398e-08 1.907e-08
5.085e-09 5.085e-09 3.814e-09 3.178e-09 3.178e-09 6.992e-09 8.264e-09 6.357e-09 4.450e-09 5.085e-09 5.085e-09 6.992e-09 9.535e-09 9.535e-09 8.264e-09 3.814e-09 6.992e-09 8.899e-09 6.992e-09 1.271e-08
4.450e-09 4.450e-09 2.543e-09 4.450e-09 5.085e-09 3.814e-09 3.178e-09 1.907e-09 3.814e-09 2.543e-09 1.907e-09 4.450e-09 8.899e-09 5.721e-09 5.085e-09 3.178e-09 6.357e-09 3.814e-09 5.085e-09 6.357e-09
2.543e-09 3.814e-09 1.907e-09 5.721e-09 3.178e-09 6.357e-09 3.178e-09 3.178e-09 3.814e-09 5.085e-09 1.907e-09 7.628e-09 2.543e-09 4.450e-09 1.907e-09 5.085e-09 3.814e-09 1.907e-09 1.271e-09 5.085e-09
1.907e-09 2.543e-09 3.814e-09 1.271e-09 2.543e-09 5.721e-09 1.907e-09 4.450e-09 2.543e-09 2.543e-09 3.814e-09 3.178e-09 3.814e-09 1.907e-09 3.814e-09 1.271e-09 2.543e-09 1.907e-09 1.907e-09 2.543e-09
1.907e-09 2.543e-09 1.271e-09 1.271e-09 1.907e-09 2.543e-09 1.907e-09 1.271e-09 0.000e+00 6.357e-10 1.907e-09 3.178e-09 1.271e-09 6.357e-10 1.907e-09 1.907e-09 1.271e-09 1.907e-09 3.178e-09 1.271e-09
1.271e-09 1.907e-09 2.543e-09 2.543e-09 6.357e-10 3.178e-09 2.543e-09 6.357e-10 4.450e-09 1.907e-09 1.907e-09 2.543e-09 1.907e-09 2.543e-09 6.357e-10 1.271e-09 3.178e-09 1.907e-09 1.907e-09 2.543e-09
2.543e-09 1.271e-09 3.178e-09 2.543e-09 1.271e-09 1.271e-09 3.178e-09 2.543e-09 1.907e-09 2.543e-09 2.543e-09 1.271e-09 3.814e-09 3.814e-09 2.543e-09 2.543e-09 6.357e-10 2.543e-09 3.814e-09 3.814e-09
2.543e-09 2.543e-09 1.271e-09 2.543e-09 1.271e-09 3.178e-09 6.357e-10 6.357e-10 2.543e-09 2.543e-09 1.907e-09 1.271e-09 1.271e-09 0.000e+00 2.543e-09 3.178e-09 2.543e-09 1.907e-09 1.271e-09 1.271e-09
6.357e-10 1.271e-09 1.907e-09 1.271e-09 3.178e-09 1.271e-09 2.543e-09 2.543e-09 6.357e-10 1.271e-09 2.543e-09 2.543e-09 3.178e-09 1.907e-09 2.543e-09 1.271e-09 1.271e-09 3.178e-09 1.907e-09 1.907e-09
# 2D Marginal for parameters xtlc and dip with ranges 4.2200e+05 4.3199e+05 and 1.0046e-01 2.9984e+01
1.191e-06 1.340e-06 1.117e-06 9.678e-07 1.340e-06 1.340e-06 1.712e-06 1.191e-06 8.934e-07 7.445e-07 1.191e-06 1.042e-06 1.266e-06 7.445e-07 5.956e-07 8.189e-07 5.956e-07 5.956e-07 6.700e-07 5.211e-07
2.680e-06 2.382e-06 1.936e-06 2.010e-06 2.903e-06 1.936e-06 2.233e-06 2.010e-06 1.638e-06 1.266e-06 1.191e-06 1.563e-06 1.191e-06 7.445e-07 1.191e-06 8.934e-07 9.678e-07 6.700e-07 9.678e-07 6.700e-07
6.775e-06 4.244e-06 4.392e-06 3.648e-06 3.722e-06 4.541e-06 3.573e-06 2.829e-06 2.531e-06 1.861e-06 1.117e-06 1.936e-06 2.531e-06 1.191e-06 9.678e-07 8.189e-07 8.934e-07 3.722e-07 5.956e-07 7.445e-07
1.057e-05 7.966e-06 9.083e-06 6.700e-06 7.743e-06 8.561e-06 6.328e-06 5.956e-06 4.318e-06 3.052e-06 2.903e-06 2.010e-06 2.308e-06 1.787e-06 1.415e-06 1.042e-06 8.189e-07 9.678e-07 5.956e-07 5.211e-07
2.286e-05 2.010e-05 1.683e-05 1.601e-05 1.355e-05 1.288e-05 9.455e-06 7.073e-06 4.690e-06 3.573e-06 2.978e-06 2.680e-06 2.159e-06 2.606e-06 1.638e-06 8.934e-07 6.700e-07 1.563e-06 6.700e-07 5.956e-07
4.378e-05 4.117e-05 4.080e-05 2.814e-05 2.174e-05 1.668e-05 1.087e-05 7.147e-06 5.658e-06 4.988e-06 3.276e-06 2.531e-06 2.606e-06 1.936e-06 1.489e-06 1.489e-06 1.117e-06 8.189e-07 1.117e-06 6.700e-07
6.633e-05 6.708e-05 6.030e-05 3.879e-05 2.345e-05 1.764e-05 1.243e-05 7.445e-06 6.403e-06 5.062e-06 3.127e-06 3.052e-06 2.606e-06 2.159e-06 1.191e-06 1.340e-06 7.445e-07 1.117e-06 9.678e-07 7.445e-07
3.946e-05 4.489e-05 3.737e-05 2.568e-05 1.608e-05 1.303e-05 8.487e-06 6.403e-06 6.179e-06 2.978e-06 3.052e-06 2.531e-06 2.382e-06 1.563e-06 1.042e-06 1.266e-06 1.489e-06 9.678e-07 1.415e-06 5.956e-07
1.459e-05 1.578e-05 1.161e-05 9.380e-06 7.668e-06 6.849e-06 5.360e-06 4.392e-06 3.871e-06 2.903e-06 2.606e-06 1.638e-06 2.010e-06 1.712e-06 1.191e-06 5.211e-07 5.211e-07 6.700e-07 9.678e-07 1.117e-06
6.254e-06 5.062e-06 5.062e-06 3.871e-06 2.755e-06 3.722e-06 3.052e-06 2.308e-06 3.127e-06 1.936e-06 2.010e-06 1.563e-06 6.700e-07 1.117e-06 1.042e-06 5.956e-07 1.042e-06 7.445e-07 6.700e-07 1.117e-06
2.755e-06 1.861e-06 2.531e-06 2.531e-06 1.638e-06 1.340e-06 1.191e-06 2.159e-06 1.638e-06 1.489e-06 1.415e-06 4.467e-07 8.934e-07 1.117e-06 5.956e-07 8.189e-07 1.489e-06 5.956e-07 2.978e-07 7.445e-07
1.266e-06 1.266e-06 9.678e-07 1.191e-06 5.956e-07 1.042e-06 1.117e-06 7.445e-07 5.211e-07 7.445e-07 8.189e-07 2.233e-07 8.189e-07 8.934e-07 4.467e-07 5.956e-07 7.445e-07 4.467e-07 5.956e-07 2.233e-07
1.042e-06 9.678e-07 3.722e-07 3.722e-07 3.722e-07 9.678e-07 5.956e-07 8.189e-07 4.467e-07 5.956e-07 2.233e-07 5.211e-07 7.445e-07 2.978e-07 2.233e-07 2.978e-07 2.978e-07 5.956e-07 2.233e-07 2.233e-07
7.445e-07 2.233e-07 4.467e-07 2.233e-07 6.700e-07 5.956e-07 1.489e-07 4.467e-07 4.467e-07 4.467e-07 5.956e-07 6.700e-07 3.722e-07 4.467e-07 4.467e-07 2.233e-07 4.467e-07 6.700e-07 2.233e-07 2.233e-07
2.978e-07 4.467e-07 2.978e-07 0.000e+00 3.722e-07 2.978e-07 5.211e-07 2.978e-07 4.467e-07 2.978e-07 6.700e-07 3.722e-07 2.978e-07 2.978e-07 2.978e-07 3.722e-07 2.978e-07 7.445e-08 2.233e-07 3.722e-07
1.489e-07 5.211e-07 7.445e-08 1.489e-07 0.000e+00 7.445e-08 2.978e-07 2.978e-07 2.233e-07 7.445e-08 2.978e-07 0.000e+00 2.978e-07 2.978e-07 1.489e-07 1.489e-07 2.233e-07 1.489e-07 2.233e-07 2.978e-07
1.489e-07 4.467e-07 5.211e-07 2.233e-07 2.978e-07 2.978e-07 1.489e-07 1.489e-07 1.489e-07 4.467e-07 7.445e-08 3.722e-07 2.233e-07 4.467e-07 2.233e-07 1.489e-07 7.445e-08 1.489e-07 1.489e-07 2.233e-07
3.722e-07 3.722e-07 3.722e-07 2.233e-07 2.233e-07 2.233e-07 1.489e-07 2.978e-07 2.978e-07 2.978e-07 2.978e-07 1.489e-07 1.489e-07 7.445e-07 0.000e+00 2.233e-07 4.467e-07 3.722e-07 4.467e-07 1.489e-07
2.978e-07 1.489e-07 7.445e-08 1.489e-07 2.233e-07 3.722e-07 5.211e-07 1.489e-07 2.233e-07 3.722e-07 1.489e-07 2.233e-07 0.000e+00 1.489e-07 1.489e-07 5.211e-07 1.489e-07 2.233e-07 7.445e-08 1.489e-07
2.978e-07 5.211e-07 3.722e-07 3.722e-07 2.233e-07 3.722e-07 7.445e-08 2.233e-07 1.489e-07 0.000e+00 7.445e-08 2.978e-07 2.978e-07 2.978e-07 7.445e-08 1.489e-07 1.489e-07 2.978e-07 7.445e-08 2.233e-07
# 2D Marginal for parameters xtlc and opening with ranges 4.2200e+05 4.3199e+05 and 1.0069e-01 3.9999e+00
3.994e-06 5.706e-06 5.135e-06 5.706e-06 9.129e-06 7.417e-06 9.700e-06 6.847e-06 5.135e-06 7.417e-06 7.417e-06 5.135e-06 8.559e-06 6.847e-06 9.129e-06 6.847e-06 8.559e-06 9.700e-06 1.312e-05 1.084e-05
5.706e-06 5.135e-06 3.994e-06 1.027e-05 1.027e-05 1.769e-05 1.598e-05 1.084e-05 1.369e-05 1.483e-05 1.369e-05 1.141e-05 1.712e-05 1.483e-05 1.426e-05 5.135e-06 1.198e-05 1.312e-05 1.084e-05 1.712e-05
6.276e-06 5.706e-06 1.655e-05 1.655e-05 2.511e-05 2.739e-05 2.396e-05 2.282e-05 2.739e-05 2.568e-05 2.282e-05 1.655e-05 1.997e-05 1.655e-05 1.769e-05 1.255e-05 1.027e-05 1.655e-05 2.339e-05 2.396e-05
6.276e-06 1.027e-05 1.655e-05 3.081e-05 3.309e-05 4.964e-05 6.276e-05 4.393e-05 3.937e-05 2.625e-05 2.967e-05 2.967e-05 3.423e-05 3.423e-05 2.967e-05 2.568e-05 2.568e-05 2.967e-05 3.595e-05 5.535e-05
9.129e-06 1.541e-05 1.883e-05 4.108e-05 6.162e-05 8.559e-05 9.586e-05 9.700e-05 8.102e-05 6.162e-05 4.850e-05 5.249e-05 4.622e-05 4.165e-05 3.937e-05 5.078e-05 5.021e-05 5.249e-05 5.877e-05 9.186e-05
5.706e-06 1.141e-05 1.598e-05 4.108e-05 7.018e-05 1.466e-04 2.362e-04 2.453e-04 1.923e-04 1.198e-04 6.790e-05 6.048e-05 5.249e-05 5.306e-05 5.420e-05 5.135e-05 7.703e-05 7.246e-05 1.033e-04 1.472e-04
8.559e-06 1.027e-05 1.426e-05 3.252e-05 7.417e-05 1.643e-04 3.195e-04 3.920e-04 3.309e-04 1.757e-04 9.814e-05 6.847e-05 6.162e-05 6.504e-05 6.619e-05 6.504e-05 8.330e-05 8.673e-05 1.369e-04 2.140e-04
3.994e-06 6.847e-06 1.426e-05 1.769e-05 4.850e-05 9.129e-05 1.569e-04 2.008e-04 2.157e-04 1.170e-04 7.931e-05 5.363e-05 5.420e-05 4.679e-05 4.964e-05 5.306e-05 5.706e-05 7.189e-05 1.158e-04 2.077e-04
5.135e-06 8.559e-06 8.559e-06 1.483e-05 1.769e-05 2.739e-05 4.051e-05 4.622e-05 5.535e-05 5.934e-05 3.937e-05 3.081e-05 2.568e-05 3.081e-05 3.652e-05 3.595e-05 4.336e-05 4.450e-05 5.649e-05 1.038e-04
2.853e-06 3.423e-06 8.559e-06 6.276e-06 1.027e-05 1.541e-05 1.769e-05 2.054e-05 2.568e-05 1.769e-05 2.282e-05 1.940e-05 1.712e-05 1.255e-05 3.480e-05 2.225e-05 2.339e-05 1.541e-05 2.682e-05 4.279e-05
3.994e-06 7.417e-06 7.417e-06 7.988e-06 7.417e-06 6.276e-06 1.198e-05 1.084e-05 1.198e-05 1.369e-05 5.135e-06 9.700e-06 1.198e-05 1.027e-05 1.598e-05 8.559e-06 9.700e-06 1.198e-05 1.255e-05 2.625e-05
2.282e-06 3.994e-06 3.994e-06 3.423e-06 4.565e-06 5.135e-06 5.135e-06 5.706e-06 5.135e-06 5.135e-06 6.276e-06 3.994e-06 1.084e-05 4.565e-06 5.706e-06 1.141e-05 5.135e-06 7.988e-06 6.847e-06 9.700e-06
2.282e-06 3.423e-06 5.135e-06 1.141e-06 5.135e-06 3.423e-06 3.994e-06 3.423e-06 3.994e-06 3.994e-06 2.282e-06 5.706e-06 3.994e-06 3.423e-06 4.565e-06 6.276e-06 2.282e-06 6.276e-06 4.565e-06 2.853e-06
3.423e-06 2.853e-06 1.141e-06 3.423e-06 3.994e-06 2.853e-06 3.423e-06 3.994e-06 5.706e-06 1.712e-06 4.565e-06 2.282e-06 3.423e-06 1.712e-06 4.565e-06 3.423e-06 3.423e-06 2.853e-06 4.565e-06 3.423e-06
2.282e-06 1.712e-06 1.141e-06 3.423e-06 2.282e-06 2.282e-06 2.853e-06 3.423e-06 2.853e-06 3.423e-06 2.853e-06 3.423e-06 2.282e-06 1.141e-06 2.853e-06 3.423e-06 3.423e-06 1.141e-06 1.712e-06 2.282e-06
1.712e-06 2.282e-06 1.712e-06 5.706e-07 5.706e-07 0.000e+00 2.282e-06 2.282e-06 3.994e-06 1.712e-06 5.706e-07 1.712e-06 1.712e-06 1.141e-06 1.141e-06 1.712e-06 1.141e-06 1.712e-06 0.000e+00 2.282e-06
0.000e+00 2.282e-06 5.706e-07 1.712e-06 2.282e-06 3.423e-06 1.141e-06 3.423e-06 3.994e-06 2.853e-06 1.141e-06 1.141e-06 2.282e-06 1.712e-06 1.141e-06 1.712e-06 2.853e-06 1.712e-06 1.141e-06 1.141e-06
1.141e-06 5.706e-07 5.706e-07 2.853e-06 5.706e-06 5.706e-07 4.565e-06 3.423e-06 1.141e-06 3.423e-06 1.141e-06 5.135e-06 2.282e-06 5.706e-07 2.853e-06 2.282e-06 1.141e-06 1.141e-06 1.712e-06 2.282e-06
5.706e-07 1.141e-06 2.282e-06 1.712e-06 5.706e-07 2.282e-06 3.423e-06 2.282e-06 5.706e-07 3.423e-06 1.712e-06 1.141e-06 1.141e-06 1.141e-06 1.712e-06 2.282e-06 5.706e-07 4.565e-06 0.000e+00 5.706e-07
2.282e-06 1.141e-06 1.712e-06 1.141e-06 3.423e-06 1.141e-06 1.141e-06 1.712e-06 1.712e-06 2.853e-06 1.141e-06 2.282e-06 2.282e-06 1.712e-06 2.282e-06 2.282e-06 2.282e-06 5.706e-07 1.141e-06 5.706e-07
# 2D Marginal for parameters ytlc and dtlc with ranges 4.5150e+06 4.5250e+06 and 2.0009e+03 6.9979e+03
1.335e-09 3.116e-09 2.671e-09 1.780e-09 1.335e-09 2.225e-09 8.902e-10 3.561e-09 2.225e-09 1.780e-09 2.225e-09 4.006e-09 3.561e-09 2.225e-09 4.006e-09 4.451e-09 4.896e-09 1.335e-09 4.006e-09 6.231e-09
4.006e-09 1.335e-09 2.671e-09 2.225e-09 8.902e-10 2.671e-09 2.671e-09 1.335e-09 3.116e-09 1.780e-09 3.116e-09 3.561e-09 3.561e-09 3.561e-09 4.006e-09 4.006e-09 3.561e-09 4.006e-09 4.006e-09 3.561e-09
2.225e-09 1.335e-09 1.335e-09 0.000e+00 1.780e-09 3.116e-09 3.116e-09 4.896e-09 3.116e-09 3.561e-09 5.341e-09 4.451e-09 4.006e-09 4.896e-09 5.341e-09 4.896e-09 4.451e-09 4.006e-09 4.451e-09 3.561e-09
2.671e-09 1.780e-09 2.225e-09 3.561e-09 3.561e-09 4.006e-09 3.561e-09 5.786e-09 3.561e-09 4.896e-09 6.676e-09 7.121e-09 8.012e-09 6.231e-09 5.786e-09 6.676e-09 1.024e-08 6.231e-09 1.380e-08 6.231e-09
2.671e-09 4.896e-09 4.006e-09 1.780e-09 5.341e-09 7.121e-09 5.786e-09 5.341e-09 6.231e-09 1.113e-08 8.012e-09 9.792e-09 9.347e-09 9.347e-09 7.566e-09 1.246e-08 1.068e-08 9.347e-09 1.113e-08 1.246e-08
7.566e-09 1.780e-09 6.231e-09 5.786e-09 4.451e-09 7.121e-09 1.202e-08 1.202e-08 1.335e-08 1.513e-08 1.202e-08 1.157e-08 1.424e-08 1.691e-08 1.780e-08 1.513e-08 1.914e-08 1.246e-08 1.202e-08 1.202e-08
4.896e-09 5.786e-09 6.231e-09 1.246e-08 9.792e-09 1.736e-08 2.314e-08 2.715e-08 3.694e-08 3.249e-08 3.472e-08 2.982e-08 2.715e-08 2.804e-08 3.071e-08 2.359e-08 2.314e-08 2.492e-08 2.270e-08 2.047e-08
5.786e-09 9.792e-09 9.792e-09 1.513e-08 3.160e-08 5.208e-08 8.234e-08 8.946e-08 7.388e-08 6.765e-08 7.121e-08 5.786e-08 5.118e-08 4.139e-08 3.917e-08 3.783e-08 3.160e-08 2.804e-08 2.270e-08 2.225e-08
5.786e-09 1.424e-08 2.136e-08 3.427e-08 4.317e-08 9.213e-08 1.558e-07 1.905e-07 1.981e-07 1.544e-07 1.188e-07 7.388e-08 6.009e-08 6.365e-08 4.406e-08 4.584e-08 3.427e-08 2.581e-08 2.136e-08 2.581e-08
8.457e-09 1.291e-08 2.225e-08 3.294e-08 5.742e-08 1.006e-07 2.136e-07 3.227e-07 3.445e-07 2.760e-07 1.731e-07 9.169e-08 6.587e-08 6.098e-08 4.451e-08 3.116e-08 2.671e-08 2.537e-08 2.403e-08 2.626e-08
9.792e-09 1.424e-08 1.825e-08 2.982e-08 4.540e-08 7.611e-08 1.616e-07 2.221e-07 2.444e-07 2.061e-07 1.162e-07 8.145e-08 4.851e-08 4.673e-08 3.605e-08 2.626e-08 2.671e-08 1.914e-08 1.958e-08 1.602e-08
7.121e-09 6.676e-09 1.246e-08 1.869e-08 2.181e-08 3.383e-08 5.208e-08 6.498e-08 7.255e-08 5.697e-08 4.095e-08 4.006e-08 2.804e-08 2.581e-08 2.581e-08 1.869e-08 1.825e-08 1.602e-08 1.380e-08 1.558e-08
4.006e-09 4.896e-09 6.231e-09 1.068e-08 1.024e-08 1.647e-08 1.647e-08 1.647e-08 1.914e-08 1.869e-08 2.092e-08 1.513e-08 1.068e-08 8.457e-09 1.736e-08 8.902e-09 1.246e-08 9.347e-09 8.902e-09 1.068e-08
3.561e-09 4.451e-09 5.786e-09 8.902e-09 6.676e-09 8.902e-09 4.006e-09 5.341e-09 1.113e-08 9.792e-09 8.902e-09 9.347e-09 5.786e-09 8.457e-09 5.786e-09 6.231e-09 4.896e-09 4.896e-09 4.896e-09 4.451e-09
3.561e-09 3.561e-09 1.335e-09 2.671e-09 4.451e-09 2.671e-09 1.780e-09 4.896e-09 3.561e-09 2.225e-09 4.896e-09 4.006e-09 4.451e-09 4.006e-09 4.006e-09 4.006e-09 8.902e-10 3.561e-09 2.225e-09 4.451e-09
1.780e-09 4.451e-10 4.006e-09 4.451e-10 0.000e+00 2.225e-09 3.561e-09 1.780e-09 3.116e-09 2.225e-09 4.006e-09 2.671e-09 1.780e-09 4.451e-09 2.225e-09 8.902e-10 3.561e-09 2.225e-09 4.006e-09 0.000e+00
3.116e-09 8.902e-10 1.335e-09 4.451e-10 4.451e-10 1.335e-09 0.000e+00 1.335e-09 1.335e-09 8.902e-10 3.116e-09 2.225e-09 2.671e-09 0.000e+00 1.335e-09 2.225e-09 2.225e-09 3.561e-09 8.902e-10 4.451e-09
8.902e-10 0.000e+00 8.902e-10 0.000e+00 1.335e-09 1.780e-09 4.451e-10 8.902e-10 2.225e-09 8.902e-10 1.335e-09 8.902e-10 1.335e-09 1.335e-09 1.780e-09 1.335e-09 8.902e-10 3.561e-09 1.780e-09 2.671e-09
1.335e-09 8.902e-10 4.451e-10 1.780e-09 0.000e+00 1.780e-09 2.671e-09 8.902e-10 2.671e-09 8.902e-10 2.225e-09 2.671e-09 2.225e-09 4.451e-10 2.225e-09 8.902e-10 1.335e-09 2.671e-09 1.780e-09 8.902e-10
1.335e-09 2.225e-09 4.451e-10 1.335e-09 1.335e-09 4.451e-10 1.335e-09 8.902e-10 4.451e-10 4.451e-10 1.335e-09 8.902e-10 8.902e-10 2.225e-09 1.780e-09 2.225e-09 2.225e-09 1.335e-09 8.902e-10 1.335e-09
# 2D Marginal for parameters ytlc and length with ranges 4.5150e+06 4.5250e+06 and 5.0312e+02 3.9999e+03
3.816e-09 3.180e-09 3.180e-09 3.180e-09 5.724e-09 5.088e-09 4.452e-09 3.180e-09 2.544e-09 3.180e-09 1.272e-09 2.544e-09 6.360e-09 5.724e-09 2.544e-09 7.632e-09 6.360e-09 2.544e-09 1.908e-09 8.269e-09
1.908e-09 4.452e-09 8.269e-09 1.908e-09 3.816e-09 6.360e-09 1.908e-09 3.180e-09 3.180e-09 6.996e-09 3.180e-09 5.088e-09 1.272e-09 3.180e-09 6.360e-09 5.724e-09 2.544e-09 4.452e-09 6.360e-09 5.088e-09
5.088e-09 3.816e-09 1.908e-09 5.724e-09 3.180e-09 3.816e-09 4.452e-09 3.180e-09 4.452e-09 1.908e-09 1.018e-08 6.996e-09 6.996e-09 6.996e-09 4.452e-09 6.360e-09 5.088e-09 6.360e-09 4.452e-09 4.452e-09
8.269e-09 6.996e-09 2.544e-09 2.544e-09 4.452e-09 6.360e-09 8.269e-09 8.905e-09 8.269e-09 1.018e-08 8.269e-09 8.269e-09 8.905e-09 1.272e-08 1.208e-08 4.452e-09 1.336e-08 9.541e-09 7.632e-09 8.905e-09
4.452e-09 3.180e-09 5.088e-09 1.399e-08 1.145e-08 6.360e-09 1.081e-08 8.269e-09 6.996e-09 8.905e-09 1.463e-08 1.018e-08 1.526e-08 1.845e-08 1.654e-08 1.781e-08 1.526e-08 9.541e-09 1.145e-08 1.208e-08
1.145e-08 1.081e-08 6.996e-09 9.541e-09 1.399e-08 1.399e-08 1.336e-08 1.145e-08 1.654e-08 1.526e-08 1.908e-08 2.226e-08 1.654e-08 1.908e-08 2.417e-08 2.163e-08 2.290e-08 2.353e-08 1.081e-08 2.353e-08
6.996e-09 1.081e-08 1.145e-08 2.290e-08 2.417e-08 1.845e-08 2.671e-08 2.989e-08 3.371e-08 3.498e-08 3.753e-08 3.753e-08 4.516e-08 5.152e-08 5.088e-08 4.516e-08 3.880e-08 4.198e-08 3.180e-08 3.053e-08
1.590e-08 2.226e-08 3.117e-08 3.689e-08 6.042e-08 6.042e-08 5.025e-08 5.406e-08 5.470e-08 6.806e-08 6.996e-08 7.124e-08 8.141e-08 8.014e-08 1.164e-07 9.095e-08 6.996e-08 6.297e-08 5.152e-08 5.279e-08
2.290e-08 2.735e-08 6.297e-08 9.604e-08 1.399e-07 1.546e-07 1.145e-07 1.272e-07 1.514e-07 1.488e-07 1.355e-07 1.177e-07 1.011e-07 1.183e-07 1.234e-07 1.107e-07 9.477e-08 7.569e-08 5.724e-08 5.406e-08
2.735e-08 4.579e-08 8.396e-08 1.081e-07 1.603e-07 1.476e-07 2.010e-07 3.008e-07 3.485e-07 3.734e-07 2.417e-07 1.425e-07 1.011e-07 9.350e-08 9.413e-08 7.950e-08 7.569e-08 6.742e-08 5.597e-08 5.406e-08
3.117e-08 3.562e-08 6.042e-08 6.678e-08 9.159e-08 8.841e-08 1.603e-07 2.493e-07 2.958e-07 2.913e-07 1.864e-07 1.024e-07 8.141e-08 6.360e-08 6.869e-08 5.279e-08 4.198e-08 3.625e-08 4.261e-08 4.579e-08
1.845e-08 3.053e-08 3.307e-08 3.435e-08 3.753e-08 4.643e-08 6.106e-08 7.505e-08 8.078e-08 6.678e-08 6.742e-08 5.661e-08 3.816e-08 3.180e-08 2.799e-08 3.307e-08 3.053e-08 2.417e-08 2.290e-08 2.671e-08
1.336e-08 1.590e-08 2.163e-08 2.035e-08 1.717e-08 1.145e-08 2.353e-08 2.226e-08 2.226e-08 2.035e-08 2.163e-08 2.035e-08 1.654e-08 1.717e-08 1.972e-08 9.541e-09 1.526e-08 1.145e-08 1.526e-08 1.654e-08
9.541e-09 6.360e-09 1.018e-08 1.018e-08 8.905e-09 1.018e-08 1.081e-08 8.905e-09 1.145e-08 1.018e-08 1.081e-08 1.463e-08 9.541e-09 9.541e-09 5.088e-09 8.269e-09 5.088e-09 1.208e-08 1.018e-08 6.996e-09
8.269e-09 3.180e-09 5.724e-09 4.452e-09 5.088e-09 4.452e-09 5.088e-09 8.269e-09 3.180e-09 4.452e-09 5.724e-09 3.180e-09 6.996e-09 3.180e-09 4.452e-09 3.816e-09 5.724e-09 3.180e-09 2.544e-09 5.088e-09
1.908e-09 6.360e-09 1.908e-09 4.452e-09 3.816e-09 2.544e-09 3.180e-09 1.272e-09 2.544e-09 3.180e-09 1.272e-09 3.816e-09 2.544e-09 1.908e-09 4.452e-09 5.088e-09 5.724e-09 1.272e-09 2.544e-09 5.088e-09
2.544e-09 4.452e-09 3.180e-09 4.452e-09 1.272e-09 3.180e-09 3.180e-09 2.544e-09 1.908e-09 1.908e-09 1.272e-09 2.544e-09 1.272e-09 1.908e-09 2.544e-09 3.180e-09 0.000e+00 1.272e-09 3.180e-09 2.544e-09
1.908e-09 2.544e-09 2.544e-09 3.180e-09 1.272e-09 1.272e-09 6.360e-10 0.000e+00 1.272e-09 3.180e-09 2.544e-09 1.908e-09 2.544e-09 2.544e-09 2.544e-09 2.544e-09 1.908e-09 1.272e-09 6.360e-10 1.272e-09
1.272e-09 3.816e-09 3.180e-09 3.816e-09 6.360e-10 2.544e-09 2.544e-09 3.180e-09 3.180e-09 1.908e-09 2.544e-09 1.908e-09 6.360e-10 2.544e-09 2.544e-09 1.908e-09 3.180e-09 6.360e-10 0.000e+00 1.908e-09
1.272e-09 3.180e-09 0.000e+00 1.908e-09 2.544e-09 3.180e-09 3.816e-09 3.180e-09 1.272e-09 1.908e-09 0.000e+00 6.360e-10 1.908e-09 3.180e-09 1.272e-09 6.360e-10 2.544e-09 0.000e+00 1.908e-09 1.908e-09
# 2D Marginal for parameters ytlc and width with ranges 4.5150e+06 4.5250e+06 and 5.0004e+02 3.9999e+03
3.177e-09 5.084e-09 6.355e-09 3.813e-09 3.177e-09 4.448e-09 3.177e-09 3.177e-09 4.448e-09 5.719e-09 1.906e-09 5.084e-09 6.990e-09 3.177e-09 2.542e-09 4.448e-09 3.177e-09 4.448e-09 3.813e-09 4.448e-09
4.448e-09 5.084e-09 3.813e-09 6.355e-09 6.355e-09 3.813e-09 5.719e-09 4.448e-09 7.626e-09 4.448e-09 3.177e-09 4.448e-09 3.813e-09 1.271e-09 3.177e-09 1.906e-09 6.355e-09 1.906e-09 4.448e-09 2.542e-09
5.084e-09 5.084e-09 5.084e-09 5.084e-09 8.261e-09 7.626e-09 4.448e-09 2.542e-09 3.177e-09 3.813e-09 5.084e-09 4.448e-09 8.261e-09 6.990e-09 2.542e-09 3.177e-09 5.719e-09 2.542e-09 3.177e-09 7.626e-09
8.897e-09 8.261e-09 6.990e-09 1.080e-08 8.261e-09 7.626e-09 9.532e-09 8.897e-09 6.990e-09 8.261e-09 7.626e-09 6.990e-09 8.261e-09 8.897e-09 9.532e-09 5.084e-09 7.626e-09 3.813e-09 9.532e-09 8.897e-09
6.990e-09 6.990e-09 1.462e-08 1.271e-08 1.271e-08 1.335e-08 1.525e-08 1.271e-08 1.144e-08 1.017e-08 8.261e-09 1.589e-08 1.589e-08 1.017e-08 6.990e-09 8.897e-09 1.080e-08 1.080e-08 6.990e-09 8.897e-09
1.716e-08 1.652e-08 1.271e-08 2.034e-08 1.906e-08 1.906e-08 2.923e-08 1.716e-08 2.034e-08 1.398e-08 2.161e-08 2.288e-08 1.779e-08 1.779e-08 9.532e-09 1.335e-08 9.532e-09 6.990e-09 1.144e-08 1.017e-08
3.749e-08 3.876e-08 2.860e-08 3.876e-08 3.559e-08 3.876e-08 4.639e-08 3.686e-08 2.987e-08 3.368e-08 3.305e-08 2.605e-08 2.733e-08 3.368e-08 2.351e-08 2.669e-08 2.224e-08 2.224e-08 2.224e-08 2.860e-08
1.207e-07 7.816e-08 4.830e-08 5.084e-08 6.863e-08 9.024e-08 9.087e-08 7.181e-08 4.893e-08 5.338e-08 6.101e-08 5.529e-08 6.863e-08 5.402e-08 4.703e-08 3.749e-08 4.258e-08 3.559e-08 3.241e-08 4.448e-08
1.303e-07 9.659e-08 6.609e-08 5.974e-08 8.833e-08 1.595e-07 1.671e-07 1.443e-07 7.372e-08 7.244e-08 1.055e-07 1.093e-07 1.481e-07 1.201e-07 1.271e-07 9.024e-08 8.198e-08 6.418e-08 6.291e-08 6.482e-08
4.448e-08 4.004e-08 2.987e-08 4.893e-08 7.244e-08 1.144e-07 1.532e-07 1.125e-07 7.181e-08 8.960e-08 1.112e-07 2.097e-07 3.120e-07 3.768e-07 3.324e-07 2.186e-07 1.500e-07 1.023e-07 1.074e-07 1.023e-07
2.288e-08 1.525e-08 1.843e-08 2.669e-08 3.749e-08 3.876e-08 4.766e-08 5.529e-08 5.211e-08 7.626e-08 9.532e-08 1.455e-07 2.326e-07 2.930e-07 2.796e-07 1.837e-07 1.201e-07 1.182e-07 1.182e-07 1.138e-07
6.990e-09 1.525e-08 9.532e-09 3.813e-09 1.080e-08 2.161e-08 1.970e-08 2.669e-08 2.034e-08 3.050e-08 3.686e-08 5.020e-08 6.228e-08 7.117e-08 8.134e-08 6.990e-08 7.181e-08 7.626e-08 7.117e-08 8.643e-08
3.177e-09 5.084e-09 3.813e-09 3.177e-09 7.626e-09 1.017e-08 1.017e-08 8.261e-09 1.271e-08 1.080e-08 2.097e-08 1.589e-08 2.605e-08 2.669e-08 2.796e-08 2.605e-08 2.034e-08 4.004e-08 3.813e-08 3.432e-08
4.448e-09 1.906e-09 4.448e-09 7.626e-09 5.084e-09 8.261e-09 8.261e-09 4.448e-09 7.626e-09 4.448e-09 6.990e-09 7.626e-09 1.017e-08 9.532e-09 1.462e-08 1.779e-08 1.271e-08 1.589e-08 1.843e-08 1.843e-08
1.271e-09 2.542e-09 1.906e-09 3.177e-09 3.813e-09 1.271e-09 3.813e-09 8.261e-09 3.177e-09 3.813e-09 5.719e-09 5.084e-09 6.990e-09 3.813e-09 2.542e-09 5.719e-09 6.990e-09 6.355e-09 9.532e-09 1.017e-08
3.177e-09 1.906e-09 1.906e-09 3.177e-09 1.906e-09 2.542e-09 6.355e-10 1.906e-09 2.542e-09 2.542e-09 2.542e-09 2.542e-09 3.177e-09 3.813e-09 5.084e-09 2.542e-09 4.448e-09 6.990e-09 7.626e-09 3.813e-09
1.271e-09 1.906e-09 1.906e-09 6.355e-10 1.271e-09 1.906e-09 2.542e-09 1.271e-09 1.271e-09 3.813e-09 1.271e-09 3.177e-09 2.542e-09 4.448e-09 2.542e-09 3.813e-09 3.177e-09 1.906e-09 1.271e-09 6.355e-09
1.906e-09 3.177e-09 1.906e-09 1.271e-09 2.542e-09 1.271e-09 1.906e-09 6.355e-10 1.271e-09 6.355e-10 6.355e-10 6.355e-10 3.177e-09 1.906e-09 3.177e-09 3.177e-09 1.906e-09 1.271e-09 3.177e-09 1.906e-09
1.906e-09 2.542e-09 1.271e-09 1.906e-09 6.355e-10 3.177e-09 6.355e-10 1.906e-09 3.177e-09 1.906e-09 4.448e-09 2.542e-09 2.542e-09 6.355e-10 3.813e-09 4.448e-09 1.906e-09 1.271e-09 1.906e-09 1.271e-09
6.355e-10 6.355e-10 1.271e-09 6.355e-10 1.906e-09 4.448e-09 1.271e-09 1.271e-09 1.906e-09 6.355e-10 1.906e-09 1.906e-09 1.906e-09 1.906e-09 4.448e-09 3.813e-09 6.355e-10 3.177e-09 0.000e+00 1.906e-09
# 2D Marginal for parameters ytlc and dip with ranges 4.5150e+06 4.5250e+06 and 1.0046e-01 2.9984e+01
5.210e-07 8.187e-07 4.466e-07 5.210e-07 5.954e-07 7.443e-07 5.210e-07 5.210e-07 5.954e-07 5.210e-07 3.721e-07 8.931e-07 5.210e-07 5.210e-07 2.977e-07 2.233e-07 1.489e-07 2.977e-07 2.977e-07 2.977e-07
8.931e-07 7.443e-07 7.443e-07 5.210e-07 8.187e-07 4.466e-07 3.721e-07 6.698e-07 2.977e-07 5.210e-07 7.443e-07 2.977e-07 5.954e-07 5.954e-07 2.233e-07 7.443e-08 5.210e-07 3.721e-07 3.721e-07 1.489e-07
1.116e-06 7.443e-07 7.443e-07 1.042e-06 5.954e-07 7.443e-07 9.675e-07 3.721e-07 8.931e-07 7.443e-07 2.977e-07 3.721e-07 4.466e-07 6.698e-07 2.977e-07 5.954e-07 1.489e-07 2.977e-07 1.489e-07 4.466e-07
1.712e-06 1.489e-06 9.675e-07 7.443e-07 7.443e-07 9.675e-07 1.489e-06 1.116e-06 1.265e-06 1.116e-06 5.954e-07 6.698e-07 7.443e-07 8.187e-07 1.042e-06 1.116e-06 5.210e-07 6.698e-07 4.466e-07 5.954e-07
2.605e-06 2.158e-06 2.084e-06 2.009e-06 1.563e-06 1.637e-06 1.340e-06 1.563e-06 1.786e-06 1.414e-06 1.637e-06 8.187e-07 9.675e-07 9.675e-07 6.698e-07 5.954e-07 8.187e-07 3.721e-07 3.721e-07 4.466e-07
3.870e-06 2.456e-06 3.498e-06 3.498e-06 2.977e-06 2.828e-06 2.977e-06 1.935e-06 2.158e-06 2.456e-06 1.042e-06 1.563e-06 1.340e-06 1.116e-06 1.042e-06 8.187e-07 8.931e-07 5.210e-07 5.210e-07 7.443e-07
1.012e-05 9.080e-06 7.368e-06 5.805e-06 5.210e-06 7.145e-06 4.838e-06 4.168e-06 2.828e-06 2.679e-06 2.382e-06 1.712e-06 3.051e-06 1.563e-06 1.265e-06 7.443e-07 8.187e-07 1.116e-06 1.116e-06 8.187e-07
2.389e-05 2.158e-05 1.913e-05 1.481e-05 1.124e-05 1.020e-05 8.112e-06 6.549e-06 4.614e-06 4.540e-06 2.605e-06 2.233e-06 1.712e-06 1.935e-06 2.084e-06 1.265e-06 1.414e-06 1.265e-06 7.443e-07 6.698e-07
4.681e-05 4.681e-05 3.491e-05 2.523e-05 1.972e-05 1.570e-05 9.526e-06 8.410e-06 6.252e-06 4.540e-06 4.093e-06 2.977e-06 2.977e-06 2.233e-06 1.265e-06 1.042e-06 1.340e-06 1.042e-06 1.563e-06 1.563e-06
6.281e-05 6.959e-05 6.073e-05 3.892e-05 2.396e-05 1.920e-05 1.340e-05 8.931e-06 7.666e-06 3.647e-06 3.721e-06 3.275e-06 2.679e-06 2.233e-06 1.489e-06 1.340e-06 1.191e-06 1.637e-06 8.187e-07 6.698e-07
4.547e-05 4.049e-05 4.458e-05 3.029e-05 2.181e-05 1.667e-05 1.183e-05 7.294e-06 6.177e-06 3.275e-06 3.275e-06 2.754e-06 1.935e-06 2.456e-06 1.637e-06 1.042e-06 9.675e-07 9.675e-07 1.340e-06 5.954e-07
1.362e-05 1.280e-05 1.101e-05 1.049e-05 9.750e-06 8.782e-06 6.103e-06 5.210e-06 3.275e-06 2.903e-06 2.679e-06 2.456e-06 2.307e-06 1.637e-06 9.675e-07 1.116e-06 1.191e-06 7.443e-07 1.042e-06 5.954e-07
4.317e-06 3.870e-06 4.242e-06 3.424e-06 2.977e-06 3.647e-06 3.126e-06 2.233e-06 2.382e-06 1.861e-06 1.414e-06 1.414e-06 1.191e-06 8.931e-07 5.954e-07 1.042e-06 9.675e-07 3.721e-07 5.954e-07 5.954e-07
1.786e-06 2.084e-06 1.265e-06 1.489e-06 1.637e-06 1.414e-06 1.637e-06 1.489e-06 1.191e-06 1.042e-06 1.116e-06 7.443e-07 1.042e-06 9.675e-07 5.954e-07 5.954e-07 6.698e-07 5.954e-07 3.721e-07 3.721e-07
7.443e-07 6.698e-07 5.954e-07 5.954e-07 3.721e-07 1.191e-06 3.721e-07 5.210e-07 6.698e-07 7.443e-07 8.931e-07 2.233e-07 6.698e-07 5.210e-07 1.489e-07 4.466e-07 3.721e-07 4.466e-07 4.466e-07 5.954e-07
4.466e-07 4.466e-07 9.675e-07 2.233e-07 2.977e-07 2.233e-07 1.489e-07 2.977e-07 7.443e-07 3.721e-07 5.210e-07 4.466e-07 2.977e-07 2.977e-07 2.233e-07 2.233e-07 3.721e-07 5.210e-07 2.977e-07 2.233e-07
3.721e-07 4.466e-07 2.977e-07 3.721e-07 6.698e-07 2.233e-07 5.210e-07 2.233e-07 2.977e-07 1.489e-07 3.721e-07 7.443e-08 2.233e-07 7.443e-08 1.489e-07 2.977e-07 2.233e-07 1.489e-07 1.489e-07 3.721e-07
2.233e-07 2.977e-07 1.489e-07 2.233e-07 1.489e-07 2.233e-07 2.233e-07 7.443e-08 3.721e-07 3.721e-07 1.489e-07 4.466e-07 2.977e-07 4.466e-07 7.443e-08 1.489e-07 7.443e-08 2.233e-07 1.489e-07 7.443e-08
2.977e-07 0.000e+00 3.721e-07 1.489e-07 2.233e-07 2.977e-07 5.954e-07 4.466e-07 2.977e-07 1.489e-07 1.489e-07 2.233e-07 2.977e-07 2.977e-07 2.977e-07 2.233e-07 2.233e-07 1.489e-07 2.977e-07 1.489e-07
1.489e-07 1.489e-07 3.721e-07 2.233e-07 2.233e-07 4.466e-07 1.489e-07 2.977e-07 7.443e-08 7.443e-08 0.000e+00 2.233e-07 5.210e-07 2.977e-07 0.000e+00 2.233e-07 2.977e-07 2.977e-07 7.443e-08 1.489e-07
# 2D Marginal for parameters ytlc and opening with ranges 4.5150e+06 4.5250e+06 and 1.0069e-01 3.9999e+00
3.993e-06 2.282e-06 1.711e-06 1.711e-06 4.563e-06 2.282e-06 3.422e-06 3.993e-06 7.415e-06 5.704e-06 1.141e-06 1.711e-06 4.563e-06 4.563e-06 5.704e-06 2.282e-06 3.422e-06 2.282e-06 2.852e-06 8.556e-06
2.852e-06 1.711e-06 3.422e-06 3.422e-06 3.993e-06 3.993e-06 4.563e-06 2.282e-06 1.141e-06 5.134e-06 6.274e-06 3.993e-06 5.134e-06 3.422e-06 3.993e-06 2.282e-06 5.704e-06 3.422e-06 2.282e-06 7.415e-06
2.852e-06 3.422e-06 1.711e-06 2.282e-06 3.422e-06 3.422e-06 4.563e-06 3.422e-06 2.852e-06 6.845e-06 4.563e-06 5.134e-06 9.126e-06 4.563e-06 4.563e-06 7.986e-06 4.563e-06 4.563e-06 3.993e-06 5.704e-06
1.711e-06 3.993e-06 5.704e-06 6.274e-06 5.134e-06 6.845e-06 5.704e-06 6.845e-06 6.845e-06 6.274e-06 6.274e-06 6.845e-06 9.697e-06 6.274e-06 3.993e-06 8.556e-06 8.556e-06 1.027e-05 1.426e-05 1.426e-05
2.852e-06 4.563e-06 4.563e-06 3.993e-06 1.084e-05 7.986e-06 8.556e-06 1.654e-05 1.084e-05 7.986e-06 9.126e-06 9.126e-06 8.556e-06 1.312e-05 1.141e-05 1.141e-05 1.084e-05 1.084e-05 1.369e-05 2.110e-05
3.993e-06 2.852e-06 2.282e-06 2.282e-06 9.697e-06 9.126e-06 1.084e-05 1.198e-05 1.882e-05 1.711e-05 1.654e-05 1.426e-05 1.540e-05 1.540e-05 1.939e-05 1.768e-05 1.996e-05 2.167e-05 2.339e-05 4.050e-05
2.852e-06 7.415e-06 8.556e-06 6.845e-06 1.597e-05 2.167e-05 2.396e-05 3.479e-05 3.708e-05 2.681e-05 2.282e-05 3.479e-05 3.251e-05 3.593e-05 4.164e-05 3.194e-05 2.624e-05 3.023e-05 5.134e-05 7.244e-05
9.126e-06 7.986e-06 1.141e-05 1.825e-05 3.251e-05 3.593e-05 5.305e-05 5.590e-05 6.445e-05 5.704e-05 5.248e-05 4.962e-05 4.848e-05 5.533e-05 5.704e-05 5.362e-05 7.016e-05 8.157e-05 1.027e-04 1.609e-04
5.134e-06 8.556e-06 1.996e-05 3.536e-05 5.362e-05 9.412e-05 1.232e-04 1.546e-04 1.363e-04 1.027e-04 7.986e-05 7.244e-05 7.244e-05 6.959e-05 7.700e-05 7.073e-05 1.112e-04 1.044e-04 1.768e-04 2.561e-04
6.845e-06 1.540e-05 2.167e-05 5.590e-05 8.271e-05 1.648e-04 3.240e-04 4.084e-04 3.445e-04 1.917e-04 1.015e-04 6.274e-05 6.788e-05 5.704e-05 6.103e-05 6.388e-05 6.902e-05 8.157e-05 1.164e-04 2.162e-04
7.986e-06 6.845e-06 1.825e-05 3.765e-05 7.757e-05 1.705e-04 3.080e-04 3.000e-04 2.669e-04 1.477e-04 7.586e-05 5.590e-05 5.019e-05 3.993e-05 4.449e-05 4.677e-05 4.335e-05 5.019e-05 4.848e-05 7.986e-05
5.134e-06 1.255e-05 1.768e-05 3.080e-05 4.050e-05 8.157e-05 8.898e-05 7.986e-05 7.415e-05 4.791e-05 4.278e-05 3.137e-05 2.339e-05 2.053e-05 2.567e-05 1.882e-05 1.939e-05 2.167e-05 2.909e-05 4.449e-05
5.134e-06 7.986e-06 1.141e-05 1.483e-05 2.396e-05 2.567e-05 2.453e-05 2.396e-05 2.396e-05 2.053e-05 1.996e-05 1.711e-05 1.312e-05 7.986e-06 1.540e-05 1.540e-05 1.084e-05 1.084e-05 1.084e-05 1.198e-05
1.711e-06 5.704e-06 6.845e-06 7.986e-06 1.312e-05 1.654e-05 1.255e-05 1.027e-05 1.312e-05 7.986e-06 7.986e-06 9.126e-06 7.986e-06 5.134e-06 7.415e-06 3.993e-06 6.274e-06 9.126e-06 9.126e-06 7.415e-06
4.563e-06 4.563e-06 3.993e-06 6.845e-06 6.274e-06 6.274e-06 7.986e-06 4.563e-06 5.134e-06 4.563e-06 1.711e-06 3.422e-06 5.704e-07 1.711e-06 5.134e-06 3.422e-06 3.422e-06 3.422e-06 2.282e-06 6.274e-06
2.852e-06 2.852e-06 2.852e-06 5.704e-07 3.422e-06 2.852e-06 5.134e-06 3.993e-06 4.563e-06 3.993e-06 2.282e-06 0.000e+00 1.711e-06 2.852e-06 3.422e-06 6.274e-06 2.282e-06 1.141e-06 1.141e-06 3.993e-06
1.711e-06 2.282e-06 2.282e-06 2.282e-06 2.852e-06 1.141e-06 2.852e-06 1.711e-06 2.282e-06 5.704e-07 1.141e-06 3.422e-06 2.852e-06 4.563e-06 3.993e-06 1.141e-06 1.711e-06 2.282e-06 5.704e-07 1.711e-06
2.282e-06 1.141e-06 2.852e-06 1.141e-06 1.711e-06 2.852e-06 2.852e-06 1.141e-06 2.282e-06 2.282e-06 1.711e-06 0.000e+00 2.852e-06 1.141e-06 1.711e-06 1.141e-06 1.711e-06 5.704e-07 0.000e+00 2.282e-06
2.852e-06 3.422e-06 0.000e+00 3.422e-06 2.282e-06 5.704e-07 2.282e-06 1.711e-06 2.282e-06 3.422e-06 2.282e-06 1.141e-06 2.852e-06 0.000e+00 1.141e-06 1.141e-06 2.282e-06 1.141e-06 1.711e-06 3.422e-06
1.141e-06 3.993e-06 1.141e-06 2.282e-06 1.711e-06 1.711e-06 1.711e-06 5.704e-07 2.282e-06 1.141e-06 0.000e+00 2.282e-06 0.000e+00 5.704e-07 0.000e+00 3.422e-06 1.711e-06 1.141e-06 4.563e-06 1.141e-06
# 2D Marginal for parameters dtlc and length with ranges 2.0009e+03 6.9979e+03 and 5.0312e+02 3.9999e+03
2.035e-08 1.017e-08 1.526e-08 1.399e-08 1.272e-08 8.903e-09 1.908e-08 7.631e-09 1.017e-08 8.903e-09 5.087e-09 1.017e-08 8.903e-09 7.631e-09 1.145e-08 1.017e-08 1.908e-08 7.631e-09 1.272e-08 1.399e-08
7.631e-09 1.399e-08 1.272e-08 6.359e-09 1.017e-08 1.145e-08 2.671e-08 1.526e-08 1.272e-08 1.399e-08 2.035e-08 1.017e-08 5.087e-09 1.781e-08 1.653e-08 1.653e-08 2.289e-08 6.359e-09 1.399e-08 1.145e-08
1.526e-08 1.781e-08 1.145e-08 1.653e-08 1.781e-08 2.416e-08 2.289e-08 1.272e-08 8.903e-09 1.526e-08 1.399e-08 1.781e-08 1.653e-08 3.052e-08 2.289e-08 2.416e-08 2.416e-08 2.289e-08 1.653e-08 1.908e-08
2.544e-08 1.399e-08 2.544e-08 3.434e-08 2.925e-08 2.162e-08 2.035e-08 1.526e-08 2.798e-08 2.544e-08 2.416e-08 2.162e-08 2.416e-08 2.925e-08 3.815e-08 3.815e-08 3.688e-08 2.544e-08 1.781e-08 3.307e-08
2.925e-08 2.035e-08 3.179e-08 3.052e-08 4.706e-08 3.052e-08 2.925e-08 3.688e-08 3.052e-08 5.850e-08 4.197e-08 3.179e-08 2.671e-08 4.197e-08 6.105e-08 5.342e-08 3.561e-08 2.544e-08 1.908e-08 3.561e-08
3.434e-08 4.833e-08 6.232e-08 7.249e-08 7.631e-08 6.868e-08 6.740e-08 6.868e-08 7.758e-08 9.793e-08 7.631e-08 5.850e-08 4.070e-08 5.850e-08 8.521e-08 1.017e-07 5.214e-08 5.087e-08 2.035e-08 2.162e-08
3.052e-08 3.815e-08 9.666e-08 1.208e-07 1.552e-07 1.310e-07 1.577e-07 1.959e-07 1.971e-07 2.175e-07 1.501e-07 9.284e-08 7.122e-08 8.775e-08 1.272e-07 8.648e-08 8.267e-08 4.706e-08 2.035e-08 2.798e-08
2.544e-08 4.070e-08 5.850e-08 1.374e-07 2.213e-07 2.200e-07 2.493e-07 3.179e-07 3.027e-07 3.256e-07 2.353e-07 1.246e-07 9.284e-08 1.119e-07 1.056e-07 8.394e-08 4.578e-08 5.087e-08 2.925e-08 2.798e-08
3.943e-08 4.197e-08 6.105e-08 9.030e-08 2.073e-07 2.009e-07 2.378e-07 3.752e-07 4.006e-07 3.765e-07 2.747e-07 1.641e-07 1.361e-07 8.267e-08 8.267e-08 6.359e-08 5.342e-08 3.815e-08 3.307e-08 2.798e-08
2.416e-08 2.671e-08 5.469e-08 5.977e-08 9.411e-08 1.386e-07 1.717e-07 2.836e-07 3.663e-07 3.485e-07 2.098e-07 1.513e-07 1.272e-07 9.157e-08 7.122e-08 5.087e-08 4.706e-08 4.451e-08 5.596e-08 6.232e-08
1.399e-08 3.561e-08 4.833e-08 5.342e-08 5.469e-08 7.122e-08 1.005e-07 1.641e-07 2.683e-07 2.022e-07 1.412e-07 1.259e-07 1.017e-07 7.504e-08 7.376e-08 5.977e-08 5.723e-08 5.342e-08 6.868e-08 5.723e-08
2.162e-08 3.688e-08 3.688e-08 4.960e-08 4.451e-08 5.850e-08 7.631e-08 6.486e-08 1.030e-07 1.106e-07 1.208e-07 1.005e-07 7.376e-08 6.232e-08 5.723e-08 5.977e-08 5.087e-08 6.486e-08 5.469e-08 4.706e-08
2.035e-08 2.544e-08 3.052e-08 4.070e-08 3.815e-08 3.815e-08 3.434e-08 6.232e-08 5.214e-08 6.105e-08 6.868e-08 6.740e-08 5.596e-08 6.740e-08 6.740e-08 6.486e-08 5.469e-08 5.977e-08 5.342e-08 4.706e-08
1.017e-08 3.434e-08 4.451e-08 3.815e-08 3.434e-08 4.706e-08 4.070e-08 4.833e-08 3.434e-08 5.087e-08 5.977e-08 5.977e-08 5.596e-08 7.504e-08 6.868e-08 4.324e-08 7.376e-08 5.214e-08 4.578e-08 5.214e-08
1.399e-08 3.179e-08 4.578e-08 3.688e-08 4.578e-08 2.416e-08 4.197e-08 3.561e-08 4.197e-08 5.977e-08 4.451e-08 5.214e-08 4.324e-08 3.815e-08 5.469e-08 5.596e-08 6.232e-08 4.197e-08 4.197e-08 4.833e-08
1.908e-08 1.908e-08 2.671e-08 3.052e-08 3.815e-08 2.289e-08 3.434e-08 3.561e-08 4.833e-08 3.688e-08 5.087e-08 4.070e-08 4.324e-08 4.833e-08 3.815e-08 4.324e-08 3.943e-08 4.197e-08 4.833e-08 3.052e-08
1.526e-08 1.145e-08 1.908e-08 1.526e-08 2.035e-08 2.162e-08 2.925e-08 3.307e-08 3.561e-08 3.179e-08 4.833e-08 3.434e-08 3.815e-08 4.706e-08 5.469e-08 5.723e-08 5.596e-08 4.960e-08 2.798e-08 4.578e-08
1.017e-08 1.017e-08 1.017e-08 2.671e-08 2.162e-08 1.781e-08 2.162e-08 2.671e-08 4.070e-08 3.688e-08 3.307e-08 2.798e-08 3.943e-08 2.798e-08 5.087e-08 4.324e-08 3.307e-08 4.706e-08 3.434e-08 3.434e-08
1.145e-08 1.653e-08 1.145e-08 1.908e-08 1.145e-08 1.781e-08 2.162e-08 2.798e-08 2.544e-08 4.070e-08 2.798e-08 3.434e-08 3.943e-08 4.833e-08 4.197e-08 4.197e-08 3.434e-08 2.925e-08 3.688e-08 3.052e-08
7.631e-09 7.631e-09 1.526e-08 1.653e-08 1.399e-08 1.781e-08 1.653e-08 2.035e-08 2.289e-08 3.434e-08 3.434e-08 3.815e-08 5.087e-08 4.451e-08 5.087e-08 2.289e-08 3.179e-08 3.179e-08 3.052e-08 6.105e-08
# 2D Marginal for parameters dtlc and width with ranges 2.0009e+03 6.9979e+03 and 5.0004e+02 3.9999e+03
1.017e-08 8.895e-09 7.624e-09 5.083e-09 7.624e-09 1.652e-08 7.624e-09 1.398e-08 1.652e-08 1.144e-08 1.652e-08 7.624e-09 1.144e-08 1.017e-08 1.271e-08 7.624e-09 1.144e-08 1.017e-08 1.652e-08 2.414e-08
1.271e-08 1.652e-08 7.624e-09 1.398e-08 1.271e-08 1.906e-08 1.144e-08 1.652e-08 1.398e-08 1.271e-08 1.271e-08 1.144e-08 7.624e-09 1.271e-08 1.652e-08 1.017e-08 1.144e-08 1.398e-08 1.779e-08 2.033e-08
2.668e-08 2.414e-08 7.624e-09 1.779e-08 7.624e-09 1.398e-08 1.525e-08 2.414e-08 2.033e-08 1.652e-08 1.017e-08 1.271e-08 2.541e-08 1.906e-08 2.033e-08 1.779e-08 1.906e-08 1.779e-08 2.795e-08 2.668e-08
4.066e-08 1.906e-08 1.906e-08 2.160e-08 1.652e-08 2.541e-08 7.624e-09 2.541e-08 2.668e-08 3.304e-08 3.685e-08 2.541e-08 2.668e-08 3.177e-08 2.923e-08 3.812e-08 2.160e-08 1.398e-08 2.795e-08 4.066e-08
8.641e-08 4.193e-08 1.779e-08 1.779e-08 2.795e-08 1.652e-08 3.050e-08 3.050e-08 2.923e-08 3.685e-08 4.702e-08 3.177e-08 3.812e-08 4.702e-08 4.320e-08 3.558e-08 2.668e-08 3.558e-08 3.812e-08 3.812e-08
1.538e-07 7.116e-08 3.558e-08 2.287e-08 3.431e-08 7.243e-08 5.718e-08 4.066e-08 3.812e-08 3.304e-08 5.845e-08 8.259e-08 1.105e-07 8.386e-08 6.735e-08 5.591e-08 4.066e-08 4.956e-08 6.480e-08 6.608e-08
1.817e-07 1.258e-07 4.320e-08 5.210e-08 7.878e-08 1.245e-07 1.461e-07 8.514e-08 3.304e-08 5.337e-08 9.657e-08 2.135e-07 2.414e-07 1.715e-07 1.245e-07 7.751e-08 6.353e-08 9.022e-08 7.751e-08 5.210e-08
1.144e-07 1.080e-07 6.735e-08 5.083e-08 1.004e-07 1.677e-07 2.122e-07 1.347e-07 4.956e-08 5.464e-08 9.149e-08 2.135e-07 3.304e-07 3.329e-07 2.592e-07 1.334e-07 1.207e-07 8.641e-08 9.403e-08 8.259e-08
5.845e-08 6.862e-08 6.353e-08 4.956e-08 7.878e-08 1.550e-07 1.436e-07 1.093e-07 6.099e-08 6.608e-08 8.641e-08 1.792e-07 3.355e-07 4.282e-07 4.092e-07 2.351e-07 1.538e-07 1.105e-07 1.105e-07 8.259e-08
3.304e-08 3.685e-08 4.829e-08 6.480e-08 7.878e-08 1.042e-07 1.131e-07 1.042e-07 5.972e-08 7.878e-08 7.370e-08 1.017e-07 2.097e-07 3.494e-07 3.405e-07 2.275e-07 1.449e-07 1.207e-07 1.067e-07 8.132e-08
2.414e-08 2.795e-08 3.939e-08 4.447e-08 6.226e-08 6.862e-08 1.233e-07 9.276e-08 6.989e-08 8.259e-08 8.514e-08 5.845e-08 1.144e-07 1.754e-07 2.135e-07 1.703e-07 1.436e-07 9.149e-08 6.735e-08 6.989e-08
2.287e-08 1.906e-08 3.050e-08 4.320e-08 4.066e-08 5.591e-08 7.624e-08 5.972e-08 5.845e-08 5.464e-08 6.862e-08 6.862e-08 9.149e-08 8.005e-08 1.093e-07 1.017e-07 8.132e-08 9.149e-08 7.370e-08 6.608e-08
1.779e-08 2.541e-08 2.795e-08 4.320e-08 3.939e-08 4.702e-08 4.447e-08 6.099e-08 4.574e-08 4.447e-08 6.989e-08 5.464e-08 6.608e-08 6.353e-08 7.497e-08 7.116e-08 5.591e-08 4.829e-08 4.193e-08 6.608e-08
1.144e-08 2.287e-08 2.668e-08 4.193e-08 4.829e-08 3.939e-08 5.337e-08 5.845e-08 4.447e-08 5.210e-08 7.497e-08 5.718e-08 4.574e-08 5.972e-08 5.972e-08 5.591e-08 4.956e-08 4.702e-08 5.337e-08 6.608e-08
1.271e-08 1.906e-08 1.779e-08 2.795e-08 4.320e-08 4.829e-08 3.304e-08 3.304e-08 3.304e-08 4.574e-08 6.226e-08 4.193e-08 4.956e-08 5.718e-08 4.702e-08 5.083e-08 4.829e-08 5.464e-08 5.464e-08 8.005e-08
1.144e-08 1.398e-08 1.652e-08 2.160e-08 3.050e-08 2.795e-08 3.685e-08 3.177e-08 3.685e-08 3.685e-08 4.829e-08 5.464e-08 4.702e-08 3.685e-08 3.939e-08 3.685e-08 4.066e-08 4.574e-08 4.829e-08 7.370e-08
8.895e-09 1.271e-08 1.652e-08 2.668e-08 2.668e-08 3.050e-08 3.431e-08 3.812e-08 3.431e-08 5.337e-08 3.685e-08 5.337e-08 5.718e-08 3.812e-08 3.050e-08 2.923e-08 3.939e-08 3.177e-08 3.177e-08 6.099e-08
1.017e-08 1.271e-08 1.906e-08 1.779e-08 1.779e-08 1.779e-08 3.177e-08 3.304e-08 3.304e-08 2.923e-08 3.812e-08 4.193e-08 4.574e-08 3.939e-08 3.050e-08 3.812e-08 2.923e-08 3.177e-08 3.304e-08 4.320e-08
6.353e-09 1.144e-08 1.525e-08 1.525e-08 1.398e-08 3.177e-08 2.795e-08 3.304e-08 3.050e-08 4.193e-08 3.304e-08 4.193e-08 3.558e-08 2.923e-08 2.033e-08 3.685e-08 3.177e-08 2.795e-08 3.812e-08 4.574e-08
8.895e-09 1.525e-08 1.017e-08 2.033e-08 2.541e-08 2.160e-08 3.685e-08 2.287e-08 3.431e-08 2.414e-08 2.287e-08 3.812e-08 4.702e-08 3.304e-08 3.050e-08 3.177e-08 3.431e-08 3.304e-08 4.320e-08 3.558e-08
# 2D Marginal for parameters dtlc and dip with ranges 2.0009e+03 6.9979e+03 and 1.0046e-01 2.9984e+01
2.976e-06 2.530e-06 2.679e-06 1.637e-06 1.488e-06 2.232e-06 1.042e-06 1.339e-06 1.786e-06 1.488e-06 1.488e-06 8.929e-07 1.339e-06 8.929e-07 2.976e-07 2.976e-07 1.042e-06 8.929e-07 8.929e-07 1.488e-07
4.316e-06 3.720e-06 2.381e-06 2.083e-06 2.083e-06 2.083e-06 2.976e-06 1.786e-06 1.637e-06 1.042e-06 1.191e-06 5.953e-07 1.042e-06 2.976e-07 7.441e-07 8.929e-07 8.929e-07 7.441e-07 4.464e-07 8.929e-07
6.399e-06 5.209e-06 5.655e-06 2.530e-06 3.274e-06 3.423e-06 3.125e-06 3.125e-06 1.637e-06 8.929e-07 1.042e-06 2.083e-06 7.441e-07 1.042e-06 2.976e-07 1.042e-06 5.953e-07 4.464e-07 2.976e-07 5.953e-07
9.078e-06 6.697e-06 6.250e-06 5.357e-06 5.953e-06 5.060e-06 4.762e-06 5.060e-06 2.232e-06 1.042e-06 2.083e-06 1.339e-06 1.339e-06 1.042e-06 2.976e-07 1.042e-06 8.929e-07 7.441e-07 1.042e-06 4.464e-07
1.339e-05 1.414e-05 1.146e-05 8.631e-06 7.143e-06 7.292e-06 5.357e-06 3.572e-06 2.679e-06 1.637e-06 1.488e-06 1.488e-06 8.929e-07 1.042e-06 8.929e-07 4.464e-07 4.464e-07 4.464e-07 4.464e-07 1.042e-06
2.545e-05 3.110e-05 2.143e-05 1.652e-05 9.524e-06 1.042e-05 7.441e-06 6.250e-06 3.274e-06 1.191e-06 1.786e-06 2.232e-06 1.786e-06 5.953e-07 2.976e-07 1.488e-06 1.339e-06 1.488e-06 1.042e-06 4.464e-07
5.223e-05 5.819e-05 4.613e-05 3.289e-05 1.607e-05 1.220e-05 7.292e-06 6.846e-06 6.250e-06 2.976e-06 2.232e-06 8.929e-07 7.441e-07 1.191e-06 7.441e-07 5.953e-07 5.953e-07 5.953e-07 4.464e-07 5.953e-07
6.191e-05 7.872e-05 6.533e-05 4.241e-05 2.604e-05 1.503e-05 9.078e-06 5.804e-06 4.464e-06 3.423e-06 4.316e-06 1.488e-06 1.786e-06 1.339e-06 1.637e-06 8.929e-07 1.042e-06 2.530e-06 2.976e-07 8.929e-07
7.530e-05 7.128e-05 7.649e-05 3.839e-05 2.619e-05 1.711e-05 1.191e-05 7.590e-06 5.953e-06 2.828e-06 3.125e-06 3.274e-06 1.637e-06 2.232e-06 1.042e-06 8.929e-07 1.042e-06 1.488e-06 1.191e-06 5.953e-07
5.744e-05 5.536e-05 4.688e-05 3.720e-05 2.262e-05 2.143e-05 1.280e-05 9.673e-06 5.506e-06 5.209e-06 3.274e-06 2.530e-06 1.042e-06 1.786e-06 1.637e-06 1.339e-06 1.339e-06 8.929e-07 1.488e-06 7.441e-07
3.780e-05 3.066e-05 2.842e-05 2.545e-05 1.845e-05 1.920e-05 1.071e-05 8.185e-06 7.143e-06 5.506e-06 2.828e-06 2.679e-06 4.316e-06 4.018e-06 1.786e-06 1.191e-06 1.637e-06 2.083e-06 1.339e-06 2.976e-07
2.217e-05 1.384e-05 1.607e-05 1.667e-05 1.622e-05 1.697e-05 1.101e-05 7.887e-06 5.357e-06 4.316e-06 4.613e-06 3.125e-06 2.530e-06 2.083e-06 2.232e-06 1.488e-06 1.339e-06 1.339e-06 1.339e-06 8.929e-07
1.473e-05 8.929e-06 9.227e-06 9.227e-06 1.071e-05 1.310e-05 1.086e-05 8.036e-06 6.548e-06 4.464e-06 3.274e-06 2.381e-06 3.125e-06 2.232e-06 2.530e-06 2.976e-06 1.935e-06 2.232e-06 7.441e-07 8.929e-07
8.483e-06 9.971e-06 1.027e-05 8.483e-06 1.250e-05 1.205e-05 7.738e-06 6.697e-06 6.994e-06 7.292e-06 5.060e-06 2.976e-06 2.976e-06 2.381e-06 1.935e-06 1.191e-06 2.083e-06 5.953e-07 1.637e-06 2.083e-06
1.042e-05 9.078e-06 8.036e-06 8.334e-06 7.590e-06 6.846e-06 7.887e-06 4.911e-06 5.953e-06 5.209e-06 4.167e-06 3.423e-06 3.423e-06 2.679e-06 2.530e-06 1.637e-06 2.530e-06 1.637e-06 2.232e-06 2.232e-06
8.036e-06 8.483e-06 7.441e-06 5.060e-06 6.697e-06 5.506e-06 5.060e-06 4.762e-06 5.209e-06 3.274e-06 3.720e-06 3.274e-06 4.613e-06 4.316e-06 1.935e-06 1.935e-06 1.786e-06 1.488e-06 2.083e-06 1.488e-06
7.441e-06 7.887e-06 7.738e-06 5.804e-06 6.846e-06 3.869e-06 4.316e-06 3.720e-06 5.209e-06 5.060e-06 3.423e-06 3.869e-06 3.274e-06 3.720e-06 1.191e-06 1.935e-06 1.488e-06 1.339e-06 1.339e-06 1.488e-06
6.548e-06 5.804e-06 5.804e-06 4.464e-06 3.720e-06 4.167e-06 5.357e-06 3.423e-06 4.018e-06 4.018e-06 2.976e-06 4.018e-06 2.530e-06 2.530e-06 2.530e-06 2.232e-06 2.381e-06 8.929e-07 1.339e-06 7.441e-07
1.027e-05 6.548e-06 5.506e-06 4.464e-06 4.018e-06 3.274e-06 4.464e-06 3.274e-06 2.828e-06 2.530e-06 1.935e-06 2.381e-06 4.018e-06 2.232e-06 2.083e-06 1.339e-06 1.042e-06 1.042e-06 1.191e-06 2.083e-06
9.078e-06 5.209e-06 5.655e-06 5.506e-06 3.869e-06 4.167e-06 3.274e-06 2.679e-06 2.976e-06 2.828e-06 2.083e-06 2.679e-06 4.464e-06 3.423e-06 2.083e-06 1.488e-06 8.929e-07 1.191e-06 1.488e-06 1.637e-06
# 2D Marginal for parameters dtlc and opening with ranges 2.0009e+03 6.9979e+03 and 1.0069e-01 3.9999e+00
1.141e-05 1.483e-05 1.483e-05 1.711e-05 2.395e-05 1.141e-05 1.141e-05 9.124e-06 4.562e-06 0.000e+00 1.369e-05 7.984e-06 9.124e-06 1.483e-05 3.422e-06 6.843e-06 1.141e-05 7.984e-06 7.984e-06 7.984e-06
9.124e-06 1.483e-05 2.281e-05 3.079e-05 4.220e-05 1.483e-05 1.255e-05 6.843e-06 1.255e-05 1.483e-05 3.422e-06 1.141e-06 5.703e-06 4.562e-06 1.141e-05 7.984e-06 5.703e-06 4.562e-06 7.984e-06 1.026e-05
5.703e-06 1.483e-05 2.395e-05 4.562e-05 3.079e-05 3.193e-05 2.053e-05 1.483e-05 9.124e-06 1.026e-05 1.597e-05 9.124e-06 6.843e-06 6.843e-06 1.483e-05 6.843e-06 1.369e-05 1.483e-05 1.369e-05 2.281e-05
9.124e-06 1.825e-05 3.193e-05 6.273e-05 5.931e-05 3.536e-05 2.737e-05 2.281e-05 1.939e-05 9.124e-06 1.597e-05 1.597e-05 1.369e-05 1.939e-05 2.053e-05 1.369e-05 1.026e-05 1.825e-05 2.851e-05 2.167e-05
9.124e-06 1.711e-05 2.509e-05 4.676e-05 6.273e-05 6.273e-05 5.132e-05 4.334e-05 3.308e-05 1.597e-05 2.053e-05 9.124e-06 1.597e-05 1.825e-05 1.711e-05 2.965e-05 3.992e-05 3.308e-05 4.448e-05 4.790e-05
1.141e-05 1.141e-05 2.623e-05 6.159e-05 7.071e-05 9.352e-05 1.255e-04 8.212e-05 4.562e-05 2.965e-05 3.764e-05 3.536e-05 2.737e-05 2.395e-05 3.079e-05 4.106e-05 5.018e-05 7.528e-05 8.782e-05 1.448e-04
5.703e-06 6.843e-06 1.939e-05 2.965e-05 7.071e-05 1.825e-04 2.657e-04 2.304e-04 1.403e-04 6.729e-05 3.878e-05 3.650e-05 3.650e-05 3.764e-05 4.562e-05 7.413e-05 1.049e-04 9.695e-05 1.540e-04 2.703e-04
5.703e-06 1.825e-05 2.167e-05 2.851e-05 8.668e-05 1.825e-04 3.638e-04 4.060e-04 2.703e-04 1.346e-04 6.729e-05 4.790e-05 2.851e-05 5.589e-05 6.387e-05 7.185e-05 1.186e-04 1.232e-04 1.471e-04 2.749e-04
9.124e-06 7.984e-06 9.124e-06 2.509e-05 6.501e-05 2.076e-04 3.980e-04 4.551e-04 3.593e-04 2.019e-04 1.141e-04 7.528e-05 5.132e-05 5.018e-05 6.843e-05 5.475e-05 9.238e-05 9.124e-05 1.369e-04 2.064e-04
1.255e-05 6.843e-06 2.395e-05 1.597e-05 7.071e-05 1.437e-04 2.566e-04 3.410e-04 3.422e-04 2.099e-04 1.163e-04 8.440e-05 6.729e-05 6.501e-05 9.124e-05 5.360e-05 5.132e-05 6.501e-05 8.326e-05 1.232e-04
5.703e-06 9.124e-06 1.141e-05 1.939e-05 4.106e-05 1.106e-04 1.483e-04 2.156e-04 2.407e-04 1.528e-04 9.010e-05 7.185e-05 8.098e-05 5.817e-05 5.931e-05 5.132e-05 5.931e-05 4.106e-05 6.501e-05 1.061e-04
7.984e-06 9.124e-06 9.124e-06 2.053e-05 2.851e-05 6.957e-05 8.554e-05 1.026e-04 1.448e-04 1.198e-04 6.045e-05 7.071e-05 7.299e-05 4.562e-05 4.676e-05 4.790e-05 4.448e-05 3.536e-05 6.045e-05 7.870e-05
5.703e-06 4.562e-06 9.124e-06 2.053e-05 2.167e-05 4.106e-05 5.018e-05 7.185e-05 8.896e-05 7.185e-05 5.703e-05 5.475e-05 5.589e-05 3.422e-05 5.475e-05 3.878e-05 2.965e-05 4.448e-05 5.132e-05 9.923e-05
4.562e-06 7.984e-06 1.255e-05 1.141e-06 3.308e-05 3.422e-05 4.562e-05 6.843e-05 5.931e-05 5.475e-05 4.448e-05 4.790e-05 5.360e-05 6.045e-05 4.562e-05 4.106e-05 3.079e-05 4.106e-05 6.387e-05 1.186e-04
1.141e-05 9.124e-06 6.843e-06 9.124e-06 1.483e-05 2.623e-05 4.448e-05 5.132e-05 6.159e-05 5.246e-05 5.817e-05 3.079e-05 4.220e-05 2.965e-05 3.422e-05 4.448e-05 3.308e-05 4.904e-05 6.045e-05 1.026e-04
6.843e-06 9.124e-06 9.124e-06 1.597e-05 1.255e-05 1.597e-05 2.509e-05 3.193e-05 6.387e-05 4.334e-05 4.334e-05 3.764e-05 5.018e-05 2.737e-05 3.193e-05 2.053e-05 3.764e-05 4.220e-05 6.729e-05 6.843e-05
1.141e-05 1.597e-05 2.281e-06 9.124e-06 1.369e-05 1.483e-05 3.308e-05 2.623e-05 4.448e-05 3.992e-05 2.965e-05 3.764e-05 2.851e-05 3.992e-05 4.676e-05 4.334e-05 2.851e-05 3.422e-05 4.334e-05 7.756e-05
2.281e-06 1.026e-05 6.843e-06 3.422e-06 2.395e-05 9.124e-06 2.053e-05 2.737e-05 3.992e-05 3.422e-05 3.308e-05 2.851e-05 4.448e-05 3.422e-05 3.193e-05 2.623e-05 3.878e-05 3.079e-05 3.079e-05 5.589e-05
3.422e-06 6.843e-06 3.422e-06 1.255e-05 6.843e-06 1.597e-05 2.395e-05 2.395e-05 3.193e-05 3.536e-05 1.825e-05 3.079e-05 2.737e-05 3.878e-05 3.422e-05 3.992e-05 2.509e-05 3.650e-05 4.220e-05 5.246e-05
6.843e-06 5.703e-06 6.843e-06 1.255e-05 1.255e-05 1.597e-05 2.737e-05 2.167e-05 4.220e-05 3.650e-05 3.422e-05 3.536e-05 3.992e-05 3.422e-05 3.536e-05 2.965e-05 1.939e-05 1.939e-05 3.422e-05 4.106e-05
# 2D Marginal for parameters length and width with ranges 5.0312e+02 3.9999e+03 and 5.0004e+02 3.9999e+03
1.634e-08 1.816e-09 1.634e-08 9.079e-09 1.271e-08 1.453e-08 1.089e-08 1.634e-08 1.997e-08 1.271e-08 2.179e-08 2.724e-08 4.358e-08 3.268e-08 3.450e-08 5.266e-08 3.632e-08 5.629e-08 5.811e-08 7.082e-08
9.079e-09 1.089e-08 1.271e-08 1.634e-08 1.816e-08 2.361e-08 1.453e-08 2.361e-08 1.997e-08 2.905e-08 3.268e-08 2.905e-08 3.813e-08 4.540e-08 4.540e-08 6.174e-08 4.903e-08 6.537e-08 7.626e-08 9.442e-08
9.079e-09 1.816e-08 1.634e-08 1.634e-08 3.450e-08 4.540e-08 5.992e-08 6.355e-08 4.176e-08 2.724e-08 3.450e-08 3.087e-08 3.268e-08 4.540e-08 4.903e-08 8.171e-08 1.053e-07 8.898e-08 9.442e-08 1.307e-07
1.453e-08 1.271e-08 7.263e-09 2.361e-08 4.176e-08 1.380e-07 1.671e-07 1.089e-07 4.540e-08 3.632e-08 3.632e-08 3.087e-08 4.358e-08 5.811e-08 7.263e-08 7.808e-08 8.716e-08 7.808e-08 1.144e-07 1.035e-07
5.447e-09 1.997e-08 3.087e-08 3.268e-08 9.805e-08 2.324e-07 2.796e-07 1.580e-07 4.358e-08 4.721e-08 5.266e-08 4.540e-08 5.811e-08 8.353e-08 1.089e-07 8.716e-08 5.811e-08 7.082e-08 6.537e-08 1.271e-07
9.079e-09 7.263e-09 1.453e-08 5.266e-08 1.180e-07 2.052e-07 1.925e-07 9.079e-08 4.721e-08 5.266e-08 4.176e-08 5.992e-08 8.534e-08 7.263e-08 1.435e-07 1.053e-07 7.082e-08 9.442e-08 1.071e-07 1.326e-07
1.453e-08 2.905e-08 2.179e-08 2.542e-08 8.898e-08 1.580e-07 5.447e-08 5.992e-08 4.358e-08 4.176e-08 6.174e-08 1.126e-07 1.852e-07 2.342e-07 2.161e-07 1.180e-07 1.217e-07 1.198e-07 1.725e-07 1.471e-07
1.453e-08 1.271e-08 1.816e-08 1.997e-08 4.358e-08 8.171e-08 7.808e-08 6.900e-08 3.813e-08 8.534e-08 9.624e-08 1.743e-07 3.450e-07 4.013e-07 3.904e-07 2.651e-07 1.416e-07 1.362e-07 1.289e-07 9.805e-08
2.361e-08 2.179e-08 1.997e-08 3.087e-08 3.995e-08 4.540e-08 9.079e-08 9.079e-08 7.990e-08 6.900e-08 1.525e-07 2.415e-07 3.722e-07 4.957e-07 4.576e-07 2.524e-07 1.997e-07 1.235e-07 1.071e-07 9.442e-08
3.087e-08 2.542e-08 1.997e-08 4.903e-08 5.266e-08 4.540e-08 7.990e-08 7.445e-08 6.537e-08 1.089e-07 1.707e-07 3.087e-07 4.249e-07 4.612e-07 3.940e-07 2.923e-07 1.362e-07 1.253e-07 9.624e-08 1.126e-07
4.176e-08 3.268e-08 4.358e-08 5.811e-08 5.266e-08 5.992e-08 6.537e-08 8.353e-08 6.900e-08 8.171e-08 1.453e-07 2.143e-07 3.051e-07 3.032e-07 2.488e-07 1.616e-07 1.471e-07 1.035e-07 1.035e-07 7.990e-08
4.903e-08 4.721e-08 4.540e-08 5.447e-08 7.263e-08 7.263e-08 8.353e-08 7.808e-08 5.629e-08 7.808e-08 7.808e-08 1.362e-07 1.888e-07 1.507e-07 1.507e-07 1.089e-07 1.071e-07 1.071e-07 7.263e-08 6.719e-08
7.445e-08 9.805e-08 7.626e-08 7.808e-08 6.355e-08 8.898e-08 9.805e-08 7.263e-08 7.082e-08 6.900e-08 6.719e-08 6.355e-08 8.898e-08 9.805e-08 9.079e-08 7.990e-08 9.624e-08 7.082e-08 5.447e-08 5.811e-08
1.017e-07 1.453e-07 8.534e-08 5.629e-08 6.355e-08 6.537e-08 1.289e-07 8.353e-08 6.900e-08 6.174e-08 5.629e-08 6.537e-08 8.171e-08 8.171e-08 7.626e-08 8.898e-08 5.084e-08 6.537e-08 6.174e-08 7.263e-08
2.070e-07 1.961e-07 1.071e-07 9.442e-08 5.629e-08 6.537e-08 9.442e-08 7.990e-08 7.990e-08 8.171e-08 6.355e-08 6.537e-08 6.900e-08 7.808e-08 8.898e-08 6.719e-08 4.903e-08 3.632e-08 4.903e-08 5.629e-08
2.633e-07 1.253e-07 5.811e-08 6.174e-08 7.808e-08 3.813e-08 7.990e-08 6.355e-08 7.263e-08 8.353e-08 9.261e-08 5.266e-08 8.171e-08 7.263e-08 5.992e-08 3.450e-08 3.632e-08 4.540e-08 3.268e-08 2.542e-08
1.507e-07 7.626e-08 6.174e-08 6.174e-08 6.900e-08 4.903e-08 7.808e-08 9.261e-08 6.900e-08 7.808e-08 7.626e-08 6.355e-08 7.445e-08 8.171e-08 3.632e-08 4.176e-08 3.268e-08 2.905e-08 3.813e-08 4.358e-08
9.261e-08 5.811e-08 2.542e-08 5.629e-08 5.811e-08 5.447e-08 4.540e-08 7.445e-08 6.900e-08 5.629e-08 7.808e-08 9.079e-08 8.534e-08 5.447e-08 5.266e-08 3.450e-08 4.903e-08 3.087e-08 2.905e-08 3.450e-08
4.721e-08 2.905e-08 3.995e-08 4.903e-08 3.450e-08 5.629e-08 3.450e-08 5.992e-08 4.903e-08 5.992e-08 6.900e-08 8.171e-08 6.900e-08 6.900e-08 5.992e-08 3.632e-08 5.084e-08 1.816e-08 3.087e-08 2.905e-08
4.358e-08 3.450e-08 4.721e-08 3.813e-08 3.450e-08 3.813e-08 3.995e-08 5.447e-08 4.903e-08 7.082e-08 1.017e-07 9.261e-08 9.442e-08 7.990e-08 5.084e-08 3.995e-08 4.358e-08 3.813e-08 3.268e-08 2.542e-08
# 2D Marginal for parameters length and dip with ranges 5.0312e+02 3.9999e+03 and 1.0046e-01 2.9984e+01
5.529e-06 6.593e-06 9.145e-06 7.018e-06 5.317e-06 3.828e-06 4.041e-06 3.190e-06 3.403e-06 2.977e-06 2.339e-06 2.552e-06 1.914e-06 2.127e-06 6.380e-07 1.489e-06 1.063e-06 8.507e-07 1.276e-06 8.507e-07
1.042e-05 1.127e-05 1.085e-05 1.063e-05 5.955e-06 6.167e-06 5.104e-06 2.339e-06 3.403e-06 2.127e-06 1.701e-06 1.489e-06 1.276e-06 1.489e-06 1.276e-06 1.276e-06 2.127e-06 1.701e-06 1.489e-06 1.701e-06
2.063e-05 2.105e-05 1.659e-05 1.319e-05 8.719e-06 6.167e-06 5.742e-06 3.615e-06 3.403e-06 2.339e-06 3.190e-06 3.190e-06 1.914e-06 6.380e-07 1.063e-06 1.701e-06 8.507e-07 1.063e-06 3.190e-06 1.914e-06
2.063e-05 3.381e-05 2.361e-05 1.765e-05 9.570e-06 8.932e-06 4.891e-06 5.317e-06 3.403e-06 3.190e-06 4.466e-06 1.914e-06 3.190e-06 2.552e-06 2.552e-06 4.253e-07 1.276e-06 1.276e-06 2.127e-06 1.276e-06
3.530e-05 5.465e-05 3.084e-05 1.212e-05 1.212e-05 1.127e-05 8.294e-06 6.167e-06 4.679e-06 4.041e-06 2.339e-06 2.765e-06 2.765e-06 3.615e-06 1.701e-06 1.063e-06 2.127e-06 1.489e-06 1.063e-06 1.276e-06
4.487e-05 4.147e-05 2.509e-05 1.744e-05 1.276e-05 1.170e-05 8.081e-06 7.018e-06 5.529e-06 4.041e-06 4.891e-06 2.765e-06 2.339e-06 2.552e-06 1.489e-06 1.914e-06 1.701e-06 2.339e-06 8.507e-07 6.380e-07
4.530e-05 3.658e-05 4.019e-05 3.062e-05 1.808e-05 1.404e-05 8.294e-06 8.294e-06 8.507e-06 5.742e-06 5.742e-06 2.552e-06 2.552e-06 2.339e-06 1.914e-06 2.339e-06 6.380e-07 1.276e-06 1.063e-06 1.276e-06
5.912e-05 5.295e-05 5.572e-05 4.445e-05 2.446e-05 1.255e-05 9.995e-06 9.145e-06 1.233e-05 6.380e-06 4.679e-06 4.891e-06 1.914e-06 2.127e-06 8.507e-07 1.489e-06 1.063e-06 2.339e-06 1.701e-06 8.507e-07
7.932e-05 6.103e-05 7.167e-05 4.083e-05 2.063e-05 1.552e-05 1.191e-05 7.443e-06 8.932e-06 5.742e-06 4.253e-06 4.253e-06 4.041e-06 3.403e-06 2.339e-06 1.701e-06 1.701e-06 2.977e-06 2.977e-06 1.701e-06
5.869e-05 7.698e-05 7.550e-05 3.828e-05 2.509e-05 2.020e-05 1.701e-05 1.127e-05 5.955e-06 4.679e-06 4.679e-06 4.679e-06 2.977e-06 2.977e-06 2.552e-06 2.127e-06 1.701e-06 1.489e-06 2.127e-06 1.063e-06
4.487e-05 4.700e-05 4.296e-05 2.956e-05 2.403e-05 2.594e-05 1.701e-05 1.021e-05 7.443e-06 6.380e-06 3.615e-06 3.828e-06 4.679e-06 2.552e-06 1.701e-06 2.127e-06 1.914e-06 2.127e-06 1.276e-06 1.914e-06
3.658e-05 2.999e-05 2.637e-05 2.190e-05 1.956e-05 1.893e-05 1.063e-05 1.063e-05 6.593e-06 5.104e-06 5.104e-06 2.127e-06 3.403e-06 2.765e-06 1.276e-06 2.977e-06 2.339e-06 1.701e-06 2.127e-06 1.276e-06
2.233e-05 2.531e-05 1.850e-05 2.063e-05 1.999e-05 1.744e-05 1.106e-05 8.294e-06 6.593e-06 5.529e-06 3.615e-06 3.403e-06 3.615e-06 2.977e-06 3.190e-06 1.914e-06 2.127e-06 1.914e-06 2.765e-06 1.276e-06
2.297e-05 1.850e-05 2.148e-05 1.956e-05 1.956e-05 1.723e-05 1.255e-05 9.357e-06 7.018e-06 4.891e-06 5.104e-06 3.403e-06 3.615e-06 4.891e-06 4.679e-06 2.552e-06 2.127e-06 6.380e-07 1.701e-06 1.063e-06
2.828e-05 2.594e-05 2.573e-05 1.786e-05 1.999e-05 1.786e-05 1.042e-05 9.145e-06 6.805e-06 6.167e-06 3.828e-06 5.104e-06 5.104e-06 3.190e-06 2.127e-06 2.127e-06 2.552e-06 2.127e-06 1.276e-06 1.701e-06
3.232e-05 2.594e-05 1.595e-05 1.446e-05 1.191e-05 1.255e-05 1.148e-05 7.656e-06 6.380e-06 4.679e-06 3.615e-06 4.891e-06 4.253e-06 2.765e-06 2.552e-06 2.339e-06 2.339e-06 1.701e-06 8.507e-07 2.127e-06
2.552e-05 1.935e-05 1.255e-05 1.276e-05 1.297e-05 1.319e-05 9.357e-06 7.869e-06 7.443e-06 5.317e-06 4.041e-06 3.828e-06 4.253e-06 4.253e-06 2.765e-06 2.127e-06 2.127e-06 1.063e-06 4.253e-07 1.489e-06
1.999e-05 1.319e-05 1.170e-05 1.212e-05 8.507e-06 1.148e-05 1.148e-05 6.805e-06 5.104e-06 4.679e-06 2.977e-06 2.552e-06 4.679e-06 4.466e-06 2.552e-06 1.914e-06 2.552e-06 1.914e-06 1.701e-06 1.914e-06
1.085e-05 7.443e-06 9.995e-06 9.995e-06 1.382e-05 8.507e-06 9.145e-06 7.443e-06 4.891e-06 4.466e-06 3.615e-06 5.104e-06 4.041e-06 3.615e-06 2.339e-06 1.701e-06 2.977e-06 2.127e-06 6.380e-07 1.276e-06
1.021e-05 1.021e-05 1.127e-05 1.063e-05 8.507e-06 1.148e-05 8.507e-06 8.294e-06 7.443e-06 6.167e-06 6.380e-06 2.765e-06 5.529e-06 3.403e-06 1.489e-06 2.339e-06 2.339e-06 2.339e-06 1.276e-06 2.339e-06
# 2D Marginal for parameters length and opening with ranges 5.0312e+02 3.9999e+03 and 1.0069e-01 3.9999e+00
8.149e-06 4.890e-06 9.779e-06 4.890e-06 1.956e-05 9.779e-06 9.779e-06 8.149e-06 1.141e-05 9.779e-06 2.934e-05 3.586e-05 3.423e-05 1.956e-05 4.238e-05 3.423e-05 4.238e-05 4.401e-05 6.030e-05 6.845e-05
4.890e-06 6.519e-06 6.519e-06 2.119e-05 1.141e-05 9.779e-06 9.779e-06 1.141e-05 1.793e-05 2.445e-05 1.956e-05 3.423e-05 3.260e-05 3.749e-05 3.749e-05 5.867e-05 4.401e-05 7.171e-05 7.334e-05 1.092e-04
3.260e-06 1.467e-05 6.519e-06 1.630e-05 9.779e-06 9.779e-06 1.304e-05 2.445e-05 1.467e-05 2.445e-05 4.401e-05 5.541e-05 4.727e-05 4.401e-05 6.356e-05 5.053e-05 6.519e-05 7.008e-05 1.353e-04 2.086e-04
1.141e-05 8.149e-06 8.149e-06 1.630e-05 1.793e-05 1.304e-05 1.467e-05 3.586e-05 3.912e-05 3.260e-05 4.727e-05 5.541e-05 3.749e-05 2.771e-05 6.845e-05 8.149e-05 8.475e-05 9.453e-05 1.597e-04 3.113e-04
9.779e-06 1.467e-05 6.519e-06 1.304e-05 2.282e-05 2.282e-05 3.749e-05 4.401e-05 7.660e-05 6.682e-05 7.823e-05 4.401e-05 3.097e-05 4.238e-05 5.867e-05 7.008e-05 8.149e-05 1.516e-04 2.037e-04 4.547e-04
9.779e-06 6.519e-06 6.519e-06 6.519e-06 2.119e-05 3.423e-05 6.519e-05 8.801e-05 1.304e-04 1.141e-04 9.290e-05 3.749e-05 4.564e-05 3.586e-05 7.334e-05 7.497e-05 9.453e-05 1.092e-04 1.858e-04 2.966e-04
3.260e-06 1.956e-05 1.141e-05 1.630e-05 2.771e-05 6.030e-05 1.304e-04 2.070e-04 3.357e-04 2.200e-04 8.638e-05 5.541e-05 4.238e-05 5.704e-05 7.008e-05 6.193e-05 9.942e-05 8.149e-05 1.027e-04 1.304e-04
3.260e-06 4.890e-06 2.119e-05 1.630e-05 3.423e-05 9.616e-05 2.005e-04 4.857e-04 5.916e-04 2.445e-04 9.290e-05 5.216e-05 8.475e-05 6.193e-05 6.519e-05 5.053e-05 5.053e-05 5.704e-05 7.171e-05 8.312e-05
4.890e-06 6.519e-06 1.467e-05 3.097e-05 7.171e-05 1.483e-04 3.537e-04 6.487e-04 4.857e-04 2.396e-04 8.964e-05 6.030e-05 8.475e-05 1.011e-04 8.964e-05 4.890e-05 5.379e-05 3.586e-05 4.890e-05 8.312e-05
9.779e-06 1.956e-05 1.630e-05 3.912e-05 7.171e-05 2.510e-04 6.193e-04 5.786e-04 3.472e-04 1.630e-04 1.027e-04 6.356e-05 8.312e-05 7.986e-05 6.356e-05 7.823e-05 4.727e-05 2.934e-05 3.423e-05 6.193e-05
6.519e-06 1.304e-05 2.445e-05 4.238e-05 9.127e-05 2.689e-04 4.189e-04 3.455e-04 2.021e-04 1.092e-04 8.638e-05 8.312e-05 8.312e-05 6.682e-05 6.519e-05 4.401e-05 4.401e-05 2.934e-05 5.704e-05 7.334e-05
1.467e-05 2.119e-05 2.445e-05 4.238e-05 1.076e-04 2.070e-04 2.282e-04 1.336e-04 1.369e-04 9.290e-05 7.986e-05 9.779e-05 6.682e-05 5.867e-05 6.193e-05 5.216e-05 4.401e-05 4.890e-05 3.423e-05 6.682e-05
8.149e-06 8.149e-06 1.793e-05 4.401e-05 6.845e-05 1.353e-04 1.402e-04 1.059e-04 6.682e-05 9.779e-05 7.986e-05 7.986e-05 7.008e-05 5.704e-05 6.193e-05 5.379e-05 4.564e-05 7.823e-05 7.823e-05 1.011e-04
1.630e-05 1.956e-05 2.282e-05 3.912e-05 1.043e-04 9.290e-05 9.290e-05 8.312e-05 7.660e-05 7.008e-05 7.334e-05 5.867e-05 7.823e-05 5.379e-05 8.149e-05 6.682e-05 9.290e-05 8.149e-05 8.475e-05 1.125e-04
2.282e-05 1.304e-05 4.238e-05 4.401e-05 8.312e-05 9.127e-05 7.334e-05 7.497e-05 7.334e-05 8.312e-05 6.356e-05 7.823e-05 6.519e-05 7.334e-05 8.149e-05 7.823e-05 1.336e-04 7.986e-05 1.043e-04 1.532e-04
1.956e-05 2.771e-05 3.097e-05 5.867e-05 7.008e-05 7.171e-05 8.475e-05 6.356e-05 7.660e-05 7.986e-05 5.704e-05 5.867e-05 5.216e-05 4.238e-05 2.934e-05 6.030e-05 7.497e-05 6.682e-05 1.141e-04 1.695e-04
1.956e-05 2.608e-05 3.586e-05 6.193e-05 7.008e-05 8.312e-05 8.638e-05 8.149e-05 6.030e-05 7.660e-05 5.704e-05 3.912e-05 4.401e-05 4.075e-05 3.586e-05 3.749e-05 3.912e-05 5.541e-05 9.453e-05 1.255e-04
9.779e-06 2.934e-05 3.260e-05 6.845e-05 6.030e-05 8.312e-05 1.141e-04 5.867e-05 6.845e-05 6.682e-05 5.379e-05 4.727e-05 4.238e-05 3.097e-05 2.934e-05 1.956e-05 1.956e-05 4.890e-05 5.541e-05 7.497e-05
1.304e-05 1.630e-05 2.608e-05 5.053e-05 9.779e-05 7.986e-05 1.190e-04 6.030e-05 5.053e-05 6.845e-05 4.238e-05 3.423e-05 2.119e-05 3.097e-05 1.793e-05 2.119e-05 2.934e-05 3.586e-05 2.445e-05 3.423e-05
2.282e-05 3.260e-05 5.867e-05 6.519e-05 7.008e-05 1.173e-04 9.942e-05 7.986e-05 7.334e-05 2.282e-05 2.771e-05 2.771e-05 3.749e-05 3.749e-05 2.934e-05 1.956e-05 2.119e-05 2.282e-05 3.586e-05 4.075e-05
# 2D Marginal for parameters width and dip with ranges 5.0004e+02 3.9999e+03 and 1.0046e-01 2.9984e+01
4.505e-05 3.102e-05 2.104e-05 1.147e-05 6.162e-06 3.400e-06 3.612e-06 2.337e-06 2.337e-06 2.125e-06 1.275e-06 2.125e-06 1.275e-06 1.062e-06 1.700e-06 8.499e-07 6.374e-07 1.912e-06 1.487e-06 1.700e-06
2.040e-05 2.507e-05 1.827e-05 1.466e-05 7.437e-06 6.587e-06 3.187e-06 2.762e-06 1.487e-06 2.550e-06 2.125e-06 1.700e-06 1.912e-06 1.275e-06 2.125e-06 6.374e-07 8.499e-07 1.912e-06 6.374e-07 1.700e-06
1.190e-05 1.232e-05 1.339e-05 1.105e-05 5.524e-06 7.224e-06 3.612e-06 4.250e-06 2.975e-06 2.337e-06 2.550e-06 1.487e-06 1.912e-06 1.700e-06 1.275e-06 1.062e-06 2.125e-06 1.487e-06 2.125e-07 1.487e-06
1.551e-05 1.636e-05 1.211e-05 8.287e-06 7.224e-06 1.041e-05 8.287e-06 5.524e-06 5.099e-06 2.550e-06 2.762e-06 1.912e-06 6.374e-07 2.550e-06 4.250e-07 6.374e-07 4.250e-07 1.487e-06 4.250e-07 8.499e-07
2.635e-05 1.700e-05 1.360e-05 1.190e-05 1.211e-05 9.986e-06 7.012e-06 8.074e-06 6.162e-06 3.187e-06 2.550e-06 2.550e-06 2.337e-06 1.700e-06 2.975e-06 8.499e-07 8.499e-07 6.374e-07 1.487e-06 1.062e-06
4.122e-05 3.676e-05 2.571e-05 1.530e-05 9.774e-06 1.169e-05 7.224e-06 7.649e-06 6.162e-06 4.674e-06 3.825e-06 2.550e-06 1.912e-06 2.125e-06 1.062e-06 1.062e-06 1.912e-06 8.499e-07 1.062e-06 2.125e-06
3.145e-05 5.121e-05 2.911e-05 2.082e-05 1.615e-05 9.986e-06 1.126e-05 6.162e-06 7.224e-06 4.037e-06 3.187e-06 3.400e-06 2.125e-06 2.762e-06 1.700e-06 1.275e-06 2.337e-06 1.062e-06 1.275e-06 1.275e-06
2.295e-05 3.336e-05 2.762e-05 1.700e-05 1.636e-05 1.360e-05 7.649e-06 5.949e-06 4.462e-06 6.374e-06 2.550e-06 4.037e-06 2.975e-06 1.700e-06 8.499e-07 1.700e-06 1.912e-06 1.487e-06 1.912e-06 8.499e-07
1.849e-05 1.126e-05 1.339e-05 1.190e-05 1.381e-05 1.190e-05 8.074e-06 5.099e-06 5.949e-06 5.099e-06 4.674e-06 2.125e-06 3.612e-06 3.400e-06 3.400e-06 1.700e-06 4.250e-07 1.062e-06 2.125e-06 1.062e-06
2.465e-05 1.402e-05 1.296e-05 1.445e-05 1.424e-05 1.254e-05 8.287e-06 9.561e-06 6.587e-06 5.524e-06 4.037e-06 4.037e-06 3.612e-06 2.762e-06 1.062e-06 1.062e-06 1.275e-06 1.275e-06 1.275e-06 8.499e-07
2.720e-05 2.358e-05 2.019e-05 2.040e-05 1.870e-05 1.381e-05 1.339e-05 9.561e-06 6.799e-06 4.037e-06 4.250e-06 2.762e-06 2.550e-06 2.337e-06 1.275e-06 1.912e-06 1.275e-06 2.337e-06 1.275e-06 1.275e-06
4.292e-05 4.844e-05 3.123e-05 2.358e-05 1.721e-05 1.402e-05 1.020e-05 7.437e-06 7.649e-06 5.524e-06 6.587e-06 3.825e-06 2.550e-06 2.337e-06 1.487e-06 1.487e-06 8.499e-07 2.125e-06 1.275e-06 1.700e-06
5.567e-05 6.778e-05 6.162e-05 3.570e-05 1.891e-05 1.721e-05 1.594e-05 8.924e-06 7.437e-06 4.674e-06 4.887e-06 4.674e-06 6.374e-06 4.887e-06 1.487e-06 2.125e-06 1.275e-06 2.337e-06 1.275e-06 6.374e-07
6.544e-05 5.737e-05 8.138e-05 4.271e-05 2.401e-05 1.445e-05 1.317e-05 9.561e-06 7.012e-06 4.674e-06 6.162e-06 4.674e-06 4.674e-06 3.400e-06 2.125e-06 2.762e-06 3.612e-06 1.275e-06 8.499e-07 1.700e-06
6.544e-05 5.737e-05 6.608e-05 3.910e-05 2.380e-05 2.167e-05 1.339e-05 9.136e-06 5.312e-06 4.462e-06 2.762e-06 1.912e-06 4.250e-06 2.975e-06 2.337e-06 2.125e-06 2.550e-06 1.700e-06 2.550e-06 1.912e-06
4.632e-05 4.016e-05 3.145e-05 2.720e-05 1.636e-05 1.785e-05 1.317e-05 7.437e-06 6.162e-06 6.799e-06 5.099e-06 3.825e-06 5.524e-06 4.037e-06 2.337e-06 2.975e-06 2.337e-06 1.912e-06 1.487e-06 1.912e-06
2.210e-05 2.316e-05 2.358e-05 2.252e-05 1.955e-05 1.827e-05 9.774e-06 8.287e-06 8.074e-06 5.949e-06 5.949e-06 3.825e-06 6.162e-06 4.250e-06 2.975e-06 2.337e-06 2.762e-06 1.275e-06 2.762e-06 1.700e-06
1.551e-05 1.381e-05 1.551e-05 1.934e-05 2.273e-05 1.849e-05 1.466e-05 8.074e-06 7.012e-06 8.287e-06 5.099e-06 4.674e-06 4.250e-06 3.400e-06 3.400e-06 2.762e-06 3.187e-06 1.912e-06 2.337e-06 1.487e-06
1.445e-05 1.530e-05 1.870e-05 2.061e-05 1.785e-05 1.721e-05 1.190e-05 1.041e-05 9.136e-06 5.737e-06 5.099e-06 5.312e-06 5.099e-06 5.099e-06 3.612e-06 3.400e-06 3.612e-06 2.762e-06 1.700e-06 1.487e-06
2.019e-05 2.337e-05 1.827e-05 1.339e-05 1.339e-05 1.445e-05 1.105e-05 1.317e-05 1.211e-05 5.949e-06 4.674e-06 6.587e-06 4.250e-06 4.887e-06 3.400e-06 4.887e-06 3.400e-06 3.612e-06 4.462e-06 2.125e-06
# 2D Marginal for parameters width and opening with ranges 5.0004e+02 3.9999e+03 and 1.0069e-01 3.9999e+00
4.885e-06 6.514e-06 3.257e-06 3.257e-06 4.885e-06 8.142e-06 8.142e-06 9.771e-06 1.791e-05 6.514e-06 6.514e-06 1.140e-05 2.443e-05 2.443e-05 3.094e-05 5.537e-05 1.156e-04 1.563e-04 2.345e-04 3.599e-04
1.628e-06 4.885e-06 3.257e-06 1.140e-05 1.303e-05 1.303e-05 1.303e-05 6.514e-06 9.771e-06 1.466e-05 8.142e-06 1.791e-05 2.443e-05 3.745e-05 7.491e-05 7.165e-05 1.531e-04 1.107e-04 1.286e-04 1.808e-04
9.771e-06 6.514e-06 6.514e-06 4.885e-06 1.466e-05 1.303e-05 8.142e-06 1.466e-05 1.303e-05 9.771e-06 2.280e-05 2.280e-05 2.443e-05 3.745e-05 5.374e-05 5.211e-05 6.677e-05 9.608e-05 9.608e-05 1.156e-04
3.257e-06 6.514e-06 9.771e-06 1.303e-05 2.443e-05 9.771e-06 1.140e-05 9.771e-06 1.628e-05 2.443e-05 3.420e-05 3.908e-05 1.954e-05 4.560e-05 7.002e-05 6.351e-05 7.002e-05 7.328e-05 1.075e-04 1.417e-04
8.142e-06 6.514e-06 1.140e-05 2.117e-05 9.771e-06 1.303e-05 1.954e-05 1.628e-05 2.443e-05 2.605e-05 3.745e-05 4.397e-05 5.211e-05 7.654e-05 5.537e-05 6.839e-05 7.816e-05 9.608e-05 1.270e-04 2.231e-04
4.885e-06 4.885e-06 8.142e-06 1.303e-05 1.628e-05 1.140e-05 2.280e-05 2.117e-05 2.768e-05 5.048e-05 7.002e-05 6.839e-05 7.979e-05 5.862e-05 4.722e-05 6.025e-05 9.933e-05 1.303e-04 2.247e-04 3.957e-04
1.466e-05 8.142e-06 4.885e-06 1.791e-05 1.791e-05 2.117e-05 2.117e-05 2.605e-05 3.420e-05 5.211e-05 8.142e-05 1.172e-04 1.172e-04 6.839e-05 1.026e-04 8.956e-05 7.816e-05 1.368e-04 1.840e-04 3.990e-04
8.142e-06 8.142e-06 2.443e-05 4.560e-05 3.257e-05 3.257e-05 7.002e-05 3.908e-05 4.071e-05 4.234e-05 4.234e-05 9.933e-05 8.793e-05 1.107e-04 9.608e-05 7.328e-05 9.608e-05 7.979e-05 1.335e-04 1.808e-04
9.771e-06 1.303e-05 2.443e-05 3.745e-05 3.908e-05 5.699e-05 6.514e-05 4.397e-05 4.722e-05 5.211e-05 7.165e-05 4.560e-05 6.839e-05 6.677e-05 7.328e-05 4.885e-05 3.908e-05 3.257e-05 6.677e-05 8.305e-05
8.142e-06 8.142e-06 2.443e-05 2.280e-05 5.048e-05 9.119e-05 1.010e-04 7.328e-05 9.282e-05 9.933e-05 8.142e-05 4.722e-05 8.793e-05 5.862e-05 5.374e-05 4.722e-05 3.420e-05 3.583e-05 2.605e-05 6.025e-05
8.142e-06 2.280e-05 3.094e-05 3.745e-05 6.188e-05 1.010e-04 1.905e-04 1.547e-04 1.498e-04 1.254e-04 6.839e-05 5.699e-05 7.328e-05 4.722e-05 4.234e-05 4.885e-05 3.908e-05 2.280e-05 3.908e-05 5.048e-05
6.514e-06 2.117e-05 2.605e-05 4.885e-05 4.560e-05 1.384e-04 2.947e-04 3.452e-04 2.540e-04 1.563e-04 7.979e-05 4.234e-05 4.722e-05 3.745e-05 4.722e-05 4.071e-05 2.768e-05 2.931e-05 4.234e-05 5.048e-05
1.628e-05 1.628e-05 3.420e-05 6.188e-05 1.140e-04 1.856e-04 3.859e-04 5.162e-04 3.876e-04 2.980e-04 7.002e-05 5.537e-05 5.048e-05 5.537e-05 5.211e-05 5.537e-05 2.931e-05 3.094e-05 3.094e-05 3.583e-05
1.303e-05 1.954e-05 3.420e-05 6.351e-05 1.205e-04 2.345e-04 4.446e-04 4.902e-04 4.950e-04 3.045e-04 1.107e-04 6.188e-05 4.234e-05 4.234e-05 4.397e-05 2.768e-05 3.420e-05 2.931e-05 2.117e-05 5.699e-05
1.628e-05 3.257e-05 2.605e-05 5.699e-05 9.933e-05 2.345e-04 3.387e-04 4.739e-04 5.146e-04 2.068e-04 1.352e-04 7.979e-05 4.560e-05 2.605e-05 4.071e-05 4.722e-05 3.257e-05 3.257e-05 4.234e-05 5.374e-05
1.954e-05 2.768e-05 2.931e-05 4.722e-05 9.933e-05 1.808e-04 2.345e-04 3.013e-04 2.964e-04 1.205e-04 1.042e-04 5.537e-05 3.583e-05 4.885e-05 2.605e-05 4.722e-05 3.094e-05 3.094e-05 5.211e-05 8.468e-05
1.140e-05 1.791e-05 2.280e-05 4.234e-05 9.771e-05 1.449e-04 2.296e-04 2.426e-04 1.482e-04 8.305e-05 6.514e-05 4.722e-05 2.605e-05 4.234e-05 5.374e-05 4.397e-05 5.048e-05 3.908e-05 4.071e-05 4.722e-05
1.466e-05 1.791e-05 3.094e-05 5.374e-05 8.142e-05 1.384e-04 1.580e-04 1.563e-04 1.400e-04 7.979e-05 5.862e-05 6.839e-05 5.374e-05 5.537e-05 5.048e-05 4.397e-05 2.768e-05 2.605e-05 4.397e-05 4.885e-05
1.303e-05 2.605e-05 3.257e-05 4.071e-05 1.058e-04 1.514e-04 1.563e-04 1.286e-04 1.107e-04 7.979e-05 6.677e-05 5.699e-05 4.560e-05 2.931e-05 5.048e-05 3.908e-05 5.211e-05 6.025e-05 5.537e-05 6.677e-05
2.931e-05 3.745e-05 3.583e-05 5.374e-05 8.142e-05 1.042e-04 1.352e-04 1.466e-04 1.124e-04 7.328e-05 8.793e-05 6.025e-05 7.654e-05 2.931e-05 6.025e-05 3.745e-05 5.211e-05 4.234e-05 6.025e-05 1.221e-04
# 2D Marginal for parameters dip and opening with ranges 1.0046e-01 2.9984e+01 and 1.0069e-01 3.9999e+00
2.289e-03 2.861e-03 7.629e-03 1.221e-02 1.621e-02 2.899e-02 6.179e-02 8.105e-02 6.046e-02 3.871e-02 1.926e-02 2.060e-02 1.411e-02 1.049e-02 1.545e-02 1.545e-02 1.735e-02 2.994e-02 4.501e-02 6.847e-02
1.716e-03 3.814e-03 5.531e-03 1.068e-02 1.373e-02 2.651e-02 6.656e-02 8.143e-02 5.397e-02 3.795e-02 1.793e-02 1.201e-02 1.030e-02 1.106e-02 1.354e-02 1.564e-02 2.384e-02 2.155e-02 4.692e-02 8.067e-02
1.335e-03 3.814e-03 4.386e-03 6.866e-03 1.259e-02 3.147e-02 6.084e-02 6.885e-02 7.571e-02 3.452e-02 1.564e-02 1.221e-02 1.297e-02 1.259e-02 1.163e-02 1.259e-02 1.983e-02 2.155e-02 3.013e-02 4.882e-02
1.716e-03 2.670e-03 2.670e-03 5.149e-03 1.221e-02 2.803e-02 3.929e-02 3.967e-02 4.653e-02 2.937e-02 1.468e-02 1.373e-02 1.354e-02 1.182e-02 1.182e-02 1.259e-02 1.659e-02 1.869e-02 1.621e-02 2.327e-02
2.098e-03 2.861e-03 3.433e-03 7.247e-03 1.564e-02 2.765e-02 2.689e-02 2.308e-02 2.250e-02 1.373e-02 1.583e-02 1.316e-02 1.354e-02 9.726e-03 1.011e-02 8.201e-03 1.201e-02 1.221e-02 1.221e-02 1.831e-02
1.907e-03 1.907e-03 3.433e-03 9.154e-03 1.564e-02 2.384e-02 2.250e-02 2.136e-02 1.869e-02 1.602e-02 1.430e-02 8.391e-03 8.773e-03 1.106e-02 9.917e-03 9.154e-03 9.345e-03 6.103e-03 1.011e-02 1.602e-02
1.335e-03 2.479e-03 3.242e-03 5.912e-03 1.049e-02 1.373e-02 1.316e-02 1.564e-02 1.259e-02 8.582e-03 9.917e-03 7.438e-03 7.629e-03 9.154e-03 1.068e-02 9.154e-03 7.247e-03 8.773e-03 8.201e-03 9.536e-03
1.716e-03 2.098e-03 4.196e-03 4.959e-03 6.675e-03 7.438e-03 1.125e-02 1.106e-02 9.345e-03 7.247e-03 7.629e-03 6.675e-03 8.773e-03 5.531e-03 9.536e-03 6.484e-03 4.959e-03 4.577e-03 5.912e-03 8.010e-03
9.536e-04 2.289e-03 3.814e-03 3.624e-03 5.149e-03 7.247e-03 7.056e-03 4.577e-03 8.391e-03 6.675e-03 8.773e-03 6.484e-03 7.247e-03 5.149e-03 6.866e-03 6.103e-03 4.196e-03 4.386e-03 5.912e-03 7.438e-03
1.716e-03 1.716e-03 2.289e-03 1.716e-03 4.577e-03 4.196e-03 6.103e-03 5.912e-03 6.103e-03 4.768e-03 4.386e-03 5.531e-03 3.051e-03 3.242e-03 5.149e-03 4.386e-03 5.912e-03 3.624e-03 3.433e-03 7.056e-03
1.716e-03 2.289e-03 7.629e-04 2.098e-03 3.051e-03 3.051e-03 3.624e-03 4.005e-03 5.149e-03 3.624e-03 4.005e-03 3.051e-03 4.768e-03 4.959e-03 5.149e-03 4.577e-03 3.433e-03 2.670e-03 4.005e-03 5.912e-03
7.629e-04 1.335e-03 1.144e-03 2.289e-03 2.479e-03 3.242e-03 3.433e-03 3.433e-03 3.624e-03 3.242e-03 5.531e-03 2.479e-03 3.624e-03 4.386e-03 4.386e-03 3.814e-03 2.670e-03 2.479e-03 2.289e-03 4.386e-03
1.144e-03 9.536e-04 1.144e-03 1.335e-03 2.670e-03 4.768e-03 5.340e-03 3.051e-03 5.912e-03 4.005e-03 2.098e-03 2.479e-03 3.242e-03 4.768e-03 4.577e-03 2.670e-03 2.670e-03 1.716e-03 2.289e-03 4.196e-03
9.536e-04 9.536e-04 9.536e-04 1.335e-03 1.526e-03 3.242e-03 5.531e-03 3.814e-03 3.624e-03 2.670e-03 2.670e-03 2.098e-03 3.624e-03 2.861e-03 2.479e-03 2.479e-03 2.670e-03 3.051e-03 2.098e-03 4.005e-03
1.526e-03 1.144e-03 1.907e-04 1.144e-03 1.716e-03 1.526e-03 1.526e-03 1.907e-03 2.479e-03 2.670e-03 2.289e-03 9.536e-04 2.479e-03 2.098e-03 1.526e-03 2.479e-03 1.526e-03 1.907e-03 2.289e-03 3.433e-03
3.814e-04 3.814e-04 1.716e-03 1.144e-03 7.629e-04 2.670e-03 1.716e-03 2.098e-03 1.907e-03 2.479e-03 1.526e-03 3.051e-03 1.526e-03 2.479e-03 2.098e-03 1.144e-03 1.526e-03 1.144e-03 1.144e-03 2.861e-03
7.629e-04 7.629e-04 3.814e-04 1.526e-03 1.716e-03 9.536e-04 2.098e-03 2.098e-03 1.716e-03 1.526e-03 1.526e-03 1.526e-03 2.098e-03 1.907e-03 1.335e-03 1.907e-03 1.526e-03 2.098e-03 2.098e-03 4.196e-03
7.629e-04 7.629e-04 1.526e-03 7.629e-04 2.098e-03 3.814e-04 3.814e-04 1.144e-03 2.479e-03 1.526e-03 1.716e-03 3.814e-03 2.098e-03 7.629e-04 1.335e-03 2.289e-03 5.721e-04 1.907e-03 2.861e-03 1.716e-03
5.721e-04 5.721e-04 9.536e-04 1.144e-03 1.144e-03 9.536e-04 1.144e-03 1.526e-03 1.144e-03 1.526e-03 1.526e-03 2.098e-03 2.670e-03 1.144e-03 2.098e-03 1.716e-03 1.335e-03 1.907e-03 5.721e-04 2.861e-03
5.721e-04 9.536e-04 1.907e-04 1.335e-03 2.289e-03 7.629e-04 3.814e-04 9.536e-04 1.144e-03 2.289e-03 1.335e-03 7.629e-04 7.629e-04 1.716e-03 2.098e-03 1.526e-03 2.098e-03 9.536e-04 2.098e-03 1.716e-03
