# 2D Marginal for parameters xcen and ycen with ranges 4.2200e+05 4.3199e+05 and 4.5150e+06 4.5250e+06
6.676e-10 2.003e-09 2.670e-09 1.001e-09 3.004e-09 1.669e-09 2.003e-09 1.335e-09 2.003e-09 1.669e-09 1.001e-09 1.001e-09 1.001e-09 6.676e-10 0.000e+00 3.338e-10 6.676e-10 6.676e-10 1.335e-09 1.335e-09
2.337e-09 3.338e-09 2.003e-09 6.676e-10 2.003e-09 3.004e-09 1.669e-09 2.670e-09 1.001e-09 2.337e-09 2.337e-09 1.001e-09 6.676e-10 1.001e-09 6.676e-10 6.676e-10 6.676e-10 6.676e-10 1.001e-09 1.669e-09
4.339e-09 1.669e-09 3.004e-09 2.670e-09 2.337e-09 2.670e-09 3.672e-09 2.003e-09 3.004e-09 2.003e-09 6.676e-10 1.001e-09 3.338e-10 1.001e-09 6.676e-10 6.676e-10 6.676e-10 1.001e-09 1.335e-09 6.676e-10
2.670e-09 4.673e-09 2.337e-09 4.673e-09 4.006e-09 3.004e-09 7.343e-09 3.338e-09 1.335e-09 1.669e-09 1.001e-09 1.335e-09 3.338e-10 2.337e-09 3.338e-10 3.338e-10 1.001e-09 1.669e-09 1.335e-09 3.338e-10
4.673e-09 3.672e-09 5.007e-09 6.008e-09 4.339e-09 6.008e-09 8.679e-09 6.008e-09 2.003e-09 3.672e-09 3.338e-09 2.003e-09 1.335e-09 6.676e-10 1.001e-09 0.000e+00 6.676e-10 1.001e-09 3.338e-10 1.335e-09
3.672e-09 6.008e-09 7.677e-09 4.673e-09 9.680e-09 1.569e-08 1.535e-08 1.268e-08 6.342e-09 4.673e-09 2.670e-09 1.335e-09 1.335e-09 2.337e-09 6.676e-10 1.001e-09 1.001e-09 1.001e-09 1.335e-09 1.335e-09
5.341e-09 6.342e-09 8.011e-09 9.012e-09 1.469e-08 2.770e-08 3.071e-08 2.737e-08 1.235e-08 4.339e-09 2.670e-09 6.676e-10 3.338e-10 6.676e-10 2.337e-09 1.001e-09 2.003e-09 1.335e-09 3.338e-10 3.338e-10
4.673e-09 7.010e-09 9.012e-09 1.402e-08 2.503e-08 6.175e-08 1.459e-07 1.592e-07 2.370e-08 8.345e-09 2.003e-09 1.335e-09 1.669e-09 6.676e-10 0.000e+00 1.001e-09 1.335e-09 0.000e+00 1.335e-09 1.001e-09
5.341e-09 7.010e-09 1.135e-08 1.235e-08 2.804e-08 7.343e-08 4.396e-07 1.724e-06 4.172e-08 7.010e-09 3.338e-09 1.001e-09 1.669e-09 3.338e-10 1.669e-09 0.000e+00 0.000e+00 6.676e-10 3.338e-10 6.676e-10
5.007e-09 6.008e-09 7.677e-09 1.035e-08 1.936e-08 3.438e-08 8.812e-08 1.088e-07 2.337e-08 4.673e-09 2.337e-09 3.338e-10 3.338e-10 1.001e-09 1.335e-09 1.001e-09 1.335e-09 1.001e-09 3.338e-10 1.335e-09
2.003e-09 4.673e-09 3.672e-09 9.012e-09 7.677e-09 1.469e-08 2.203e-08 1.669e-08 7.010e-09 2.003e-09 1.335e-09 6.676e-10 6.676e-10 1.335e-09 1.335e-09 6.676e-10 1.001e-09 0.000e+00 3.338e-10 1.001e-09
4.006e-09 2.670e-09 3.672e-09 5.675e-09 6.008e-09 6.676e-09 7.010e-09 7.343e-09 2.337e-09 4.006e-09 3.338e-09 1.335e-09 1.335e-09 6.676e-10 1.335e-09 0.000e+00 1.001e-09 6.676e-10 3.338e-10 3.338e-10
2.337e-09 5.007e-09 4.673e-09 3.672e-09 4.339e-09 6.008e-09 2.003e-09 2.003e-09 3.338e-09 1.001e-09 1.669e-09 6.676e-10 6.676e-10 2.337e-09 6.676e-10 1.001e-09 0.000e+00 1.001e-09 3.338e-10 6.676e-10
1.001e-09 3.338e-09 5.341e-09 4.339e-09 2.003e-09 2.003e-09 3.338e-09 2.337e-09 2.003e-09 2.670e-09 1.335e-09 2.003e-09 1.001e-09 1.001e-09 0.000e+00 1.669e-09 6.676e-10 1.001e-09 3.338e-10 0.000e+00
3.004e-09 3.338e-09 3.672e-09 2.337e-09 2.670e-09 1.335e-09 2.003e-09 2.003e-09 3.338e-09 2.670e-09 1.335e-09 0.000e+00 6.676e-10 1.001e-09 6.676e-10 0.000e+00 1.335e-09 2.003e-09 3.338e-10 1.001e-09
1.669e-09 3.004e-09 3.004e-09 1.669e-09 2.003e-09 1.335e-09 1.669e-09 2.337e-09 1.335e-09 2.003e-09 6.676e-10 6.676e-10 1.335e-09 1.335e-09 1.001e-09 6.676e-10 6.676e-10 1.001e-09 3.338e-10 0.000e+00
3.004e-09 1.335e-09 3.004e-09 3.338e-09 1.669e-09 1.669e-09 1.001e-09 2.337e-09 3.338e-10 2.003e-09 1.001e-09 1.001e-09 1.335e-09 3.338e-10 3.338e-10 1.001e-09 1.001e-09 1.669e-09 1.335e-09 1.001e-09
6.676e-10 6.676e-10 3.338e-10 1.669e-09 1.001e-09 1.335e-09 1.669e-09 3.338e-10 2.337e-09 2.003e-09 3.338e-10 2.003e-09 2.003e-09 0.000e+00 1.335e-09 1.001e-09 6.676e-10 1.001e-09 1.001e-09 1.001e-09
1.669e-09 2.337e-09 1.669e-09 2.337e-09 2.670e-09 1.001e-09 1.001e-09 1.001e-09 1.669e-09 1.335e-09 1.335e-09 1.001e-09 1.335e-09 1.001e-09 6.676e-10 6.676e-10 6.676e-10 1.669e-09 0.000e+00 6.676e-10
2.003e-09 1.669e-09 1.335e-09 1.335e-09 2.003e-09 1.335e-09 1.669e-09 6.676e-10 1.001e-09 1.335e-09 1.001e-09 1.001e-09 1.001e-09 1.001e-09 1.001e-09 3.338e-10 6.676e-10 1.335e-09 3.338e-10 1.001e-09
# 2D Marginal for parameters xcen and depth with ranges 4.2200e+05 4.3199e+05 and 2.0001e+03 6.9998e+03
1.334e-09 2.002e-09 6.672e-10 2.002e-09 2.669e-09 1.334e-09 2.669e-09 1.334e-09 2.669e-09 3.336e-09 1.334e-09 1.334e-09 3.336e-09 3.336e-09 3.336e-09 4.003e-09 2.002e-09 2.002e-09 3.336e-09 8.006e-09
2.002e-09 2.669e-09 1.334e-09 2.002e-09 1.334e-09 2.669e-09 2.002e-09 2.002e-09 1.334e-09 0.000e+00 2.669e-09 2.002e-09 3.336e-09 3.336e-09 5.337e-09 4.003e-09 5.337e-09 2.669e-09 5.337e-09 1.134e-08
1.334e-09 6.672e-10 1.334e-09 2.002e-09 4.003e-09 2.002e-09 2.002e-09 1.334e-09 2.002e-09 5.337e-09 5.337e-09 4.670e-09 2.669e-09 5.337e-09 2.002e-09 6.005e-09 5.337e-09 2.669e-09 7.339e-09 7.339e-09
3.336e-09 3.336e-09 2.002e-09 4.003e-09 6.005e-09 2.669e-09 3.336e-09 1.334e-09 3.336e-09 2.669e-09 2.669e-09 4.670e-09 4.670e-09 8.673e-09 5.337e-09 3.336e-09 1.067e-08 6.005e-09 3.336e-09 8.673e-09
8.006e-09 2.669e-09 6.005e-09 2.669e-09 3.336e-09 4.003e-09 2.002e-09 4.670e-09 4.003e-09 4.670e-09 1.334e-09 4.670e-09 1.134e-08 5.337e-09 8.006e-09 1.668e-08 8.006e-09 1.001e-08 8.006e-09 8.006e-09
5.337e-09 3.336e-09 5.337e-09 6.005e-09 8.673e-09 4.670e-09 7.339e-09 4.003e-09 6.672e-09 5.337e-09 1.001e-08 7.339e-09 1.334e-08 1.801e-08 2.002e-08 1.868e-08 1.935e-08 1.268e-08 1.001e-08 1.468e-08
8.006e-09 7.339e-09 9.341e-09 9.341e-09 2.002e-08 1.001e-08 1.067e-08 1.334e-08 1.601e-08 1.268e-08 2.202e-08 1.401e-08 2.936e-08 2.202e-08 3.069e-08 2.268e-08 1.801e-08 1.067e-08 1.401e-08 1.468e-08
8.006e-09 8.006e-09 8.006e-09 1.668e-08 4.137e-08 3.670e-08 5.938e-08 5.604e-08 7.673e-08 6.739e-08 1.081e-07 1.041e-07 7.206e-08 5.204e-08 5.671e-08 4.070e-08 4.870e-08 3.469e-08 2.135e-08 2.068e-08
4.670e-09 4.670e-09 6.005e-09 1.468e-08 4.537e-08 1.681e-07 3.723e-07 1.490e-06 1.180e-06 3.696e-07 3.369e-07 2.335e-07 1.735e-07 8.273e-08 5.938e-08 3.736e-08 3.936e-08 5.004e-08 2.535e-08 2.135e-08
2.669e-09 3.336e-09 5.337e-09 8.006e-09 9.341e-09 2.469e-08 2.402e-08 4.870e-08 4.337e-08 4.870e-08 7.206e-08 7.873e-08 5.804e-08 4.203e-08 3.670e-08 3.269e-08 2.469e-08 2.068e-08 2.802e-08 2.402e-08
4.003e-09 5.337e-09 6.672e-09 4.670e-09 2.669e-09 5.337e-09 5.337e-09 6.005e-09 9.341e-09 1.268e-08 1.535e-08 1.067e-08 1.535e-08 1.535e-08 1.001e-08 2.202e-08 1.001e-08 9.341e-09 1.067e-08 1.468e-08
2.669e-09 2.669e-09 4.670e-09 4.003e-09 4.003e-09 3.336e-09 3.336e-09 4.003e-09 1.334e-09 4.670e-09 6.672e-09 5.337e-09 9.341e-09 8.006e-09 5.337e-09 1.268e-08 1.134e-08 8.673e-09 1.001e-08 7.339e-09
2.669e-09 2.669e-09 4.670e-09 2.669e-09 1.334e-09 2.669e-09 3.336e-09 4.003e-09 2.669e-09 4.670e-09 1.334e-09 8.673e-09 6.672e-09 5.337e-09 4.003e-09 6.005e-09 7.339e-09 5.337e-09 5.337e-09 5.337e-09
0.000e+00 2.669e-09 6.672e-10 2.002e-09 3.336e-09 4.003e-09 2.002e-09 3.336e-09 2.002e-09 3.336e-09 4.003e-09 4.670e-09 6.005e-09 2.002e-09 3.336e-09 4.670e-09 4.670e-09 6.672e-09 9.341e-09 6.005e-09
2.002e-09 2.669e-09 1.334e-09 1.334e-09 5.337e-09 6.005e-09 2.669e-09 6.672e-10 6.005e-09 1.334e-09 4.670e-09 2.669e-09 4.670e-09 4.670e-09 2.002e-09 5.337e-09 2.002e-09 2.669e-09 3.336e-09 8.006e-09
1.334e-09 4.670e-09 1.334e-09 1.334e-09 0.000e+00 1.334e-09 3.336e-09 1.334e-09 2.669e-09 4.003e-09 5.337e-09 2.669e-09 2.669e-09 2.669e-09 4.003e-09 4.003e-09 2.002e-09 3.336e-09 3.336e-09 4.003e-09
1.334e-09 2.002e-09 1.334e-09 2.002e-09 3.336e-09 0.000e+00 6.005e-09 2.669e-09 1.334e-09 4.003e-09 4.003e-09 4.003e-09 2.669e-09 6.005e-09 2.669e-09 4.003e-09 2.002e-09 2.669e-09 2.669e-09 4.670e-09
6.672e-10 2.669e-09 6.672e-10 2.002e-09 1.334e-09 6.672e-10 1.334e-09 2.002e-09 0.000e+00 2.002e-09 2.669e-09 2.002e-09 4.003e-09 4.670e-09 2.002e-09 6.005e-09 6.672e-10 2.669e-09 2.669e-09 4.003e-09
6.672e-10 2.669e-09 2.002e-09 2.002e-09 6.672e-10 1.334e-09 2.002e-09 6.672e-10 6.672e-10 1.334e-09 2.669e-09 4.670e-09 4.003e-09 2.002e-09 4.670e-09 4.003e-09 2.669e-09 3.336e-09 4.670e-09 4.670e-09
2.002e-09 6.672e-10 6.672e-10 2.002e-09 2.669e-09 2.002e-09 6.672e-10 2.669e-09 2.002e-09 2.002e-09 0.000e+00 1.334e-09 4.003e-09 2.669e-09 2.669e-09 1.334e-09 4.003e-09 4.670e-09 4.003e-09 4.003e-09
# 2D Marginal for parameters xcen and dP_mu with ranges 4.2200e+05 4.3199e+05 and 1.0079e-04 9.9973e-03
1.348e-03 1.011e-03 1.348e-03 1.011e-03 1.685e-03 6.741e-04 1.348e-03 1.348e-03 2.022e-03 1.348e-03 2.696e-03 2.022e-03 1.348e-03 1.348e-03 1.011e-03 6.741e-04 1.011e-03 1.011e-03 6.741e-04 1.348e-03
1.011e-03 1.348e-03 1.685e-03 2.359e-03 2.022e-03 3.708e-03 2.359e-03 2.022e-03 2.359e-03 1.011e-03 2.359e-03 6.741e-04 1.348e-03 3.371e-04 1.011e-03 1.348e-03 2.022e-03 1.011e-03 3.371e-04 1.348e-03
3.371e-04 3.034e-03 1.011e-03 1.011e-03 3.708e-03 2.022e-03 2.022e-03 2.022e-03 3.708e-03 2.359e-03 1.685e-03 1.011e-03 2.359e-03 2.359e-03 1.348e-03 1.348e-03 1.011e-03 1.685e-03 1.011e-03 6.741e-04
3.034e-03 1.348e-03 2.022e-03 2.359e-03 2.359e-03 6.741e-04 1.348e-03 3.371e-03 3.034e-03 4.382e-03 4.382e-03 2.696e-03 1.685e-03 2.359e-03 3.034e-03 1.685e-03 2.022e-03 1.011e-03 2.022e-03 6.741e-04
2.696e-03 1.348e-03 3.371e-03 2.696e-03 3.371e-03 3.708e-03 3.034e-03 5.056e-03 3.708e-03 6.404e-03 2.022e-03 2.696e-03 3.034e-03 5.730e-03 2.696e-03 2.022e-03 3.034e-03 1.685e-03 1.685e-03 2.359e-03
3.034e-03 3.034e-03 3.034e-03 3.371e-03 5.730e-03 6.741e-03 1.045e-02 6.404e-03 3.708e-03 5.730e-03 7.415e-03 8.427e-03 6.404e-03 4.045e-03 3.708e-03 6.741e-03 5.393e-03 1.685e-03 3.034e-03 3.371e-03
2.022e-03 3.708e-03 5.730e-03 3.708e-03 7.752e-03 8.427e-03 1.112e-02 1.652e-02 1.079e-02 1.079e-02 1.112e-02 1.045e-02 1.180e-02 1.180e-02 7.752e-03 7.078e-03 4.382e-03 4.719e-03 5.056e-03 4.382e-03
1.348e-03 2.359e-03 3.371e-03 8.089e-03 1.820e-02 3.404e-02 4.517e-02 4.112e-02 5.865e-02 6.539e-02 5.090e-02 3.135e-02 2.696e-02 1.786e-02 2.191e-02 1.416e-02 1.180e-02 1.146e-02 5.393e-03 4.045e-03
6.741e-04 1.348e-03 4.719e-03 5.056e-03 1.584e-02 7.854e-02 2.707e-01 1.116e+00 3.408e-01 2.063e-01 1.261e-01 6.842e-02 4.213e-02 3.000e-02 1.618e-02 1.517e-02 1.584e-02 1.146e-02 1.112e-02 5.730e-03
2.359e-03 3.371e-03 2.359e-03 3.708e-03 6.741e-03 1.416e-02 2.359e-02 3.539e-02 3.573e-02 4.719e-02 3.944e-02 2.696e-02 1.584e-02 1.315e-02 9.775e-03 1.146e-02 1.382e-02 8.089e-03 3.371e-03 4.719e-03
2.696e-03 1.348e-03 1.685e-03 3.034e-03 4.045e-03 4.382e-03 5.393e-03 4.045e-03 8.089e-03 8.427e-03 8.427e-03 6.741e-03 8.427e-03 8.089e-03 4.719e-03 4.382e-03 4.719e-03 5.730e-03 3.034e-03 1.348e-03
2.022e-03 1.348e-03 2.359e-03 2.696e-03 3.034e-03 2.359e-03 3.034e-03 4.382e-03 5.056e-03 3.034e-03 4.719e-03 5.730e-03 3.034e-03 3.034e-03 3.371e-03 1.685e-03 2.022e-03 2.696e-03 2.359e-03 2.359e-03
1.685e-03 2.696e-03 2.696e-03 3.034e-03 6.741e-04 1.348e-03 2.696e-03 2.359e-03 1.348e-03 2.022e-03 4.045e-03 3.708e-03 2.022e-03 2.359e-03 2.359e-03 2.022e-03 2.022e-03 1.348e-03 1.011e-03 2.359e-03
2.359e-03 2.022e-03 1.685e-03 1.685e-03 2.696e-03 1.011e-03 2.022e-03 2.696e-03 3.034e-03 2.359e-03 1.011e-03 3.034e-03 2.022e-03 1.348e-03 1.348e-03 2.022e-03 2.359e-03 1.348e-03 3.371e-04 1.348e-03
2.022e-03 4.045e-03 1.685e-03 3.034e-03 2.359e-03 2.359e-03 2.696e-03 2.022e-03 1.685e-03 1.011e-03 2.022e-03 1.011e-03 1.011e-03 1.685e-03 3.371e-04 1.348e-03 2.359e-03 1.011e-03 3.371e-04 1.011e-03
2.359e-03 2.022e-03 2.022e-03 6.741e-04 3.371e-03 3.034e-03 1.011e-03 1.348e-03 2.022e-03 1.348e-03 2.359e-03 3.371e-04 1.011e-03 6.741e-04 6.741e-04 3.371e-04 0.000e+00 1.011e-03 1.348e-03 1.011e-03
1.011e-03 1.348e-03 1.348e-03 2.359e-03 2.022e-03 2.696e-03 2.022e-03 1.685e-03 2.022e-03 1.011e-03 1.348e-03 6.741e-04 1.685e-03 1.348e-03 1.348e-03 1.011e-03 6.741e-04 1.685e-03 1.011e-03 1.685e-03
1.348e-03 1.011e-03 1.011e-03 1.011e-03 1.348e-03 1.011e-03 1.011e-03 3.371e-04 2.022e-03 2.022e-03 1.348e-03 1.685e-03 3.371e-04 1.011e-03 2.022e-03 3.371e-04 2.359e-03 3.371e-04 3.371e-04 6.741e-04
6.741e-04 1.348e-03 1.011e-03 1.348e-03 1.685e-03 2.022e-03 2.359e-03 2.359e-03 1.685e-03 6.741e-04 3.371e-04 1.685e-03 2.022e-03 1.011e-03 6.741e-04 1.348e-03 3.371e-04 1.011e-03 2.022e-03 3.371e-04
6.741e-04 2.359e-03 1.348e-03 6.741e-04 6.741e-04 1.685e-03 6.741e-04 1.685e-03 2.696e-03 3.371e-04 1.011e-03 1.348e-03 1.348e-03 6.741e-04 1.348e-03 1.348e-03 3.371e-04 6.741e-04 1.685e-03 6.741e-04
# 2D Marginal for parameters ycen and depth with ranges 4.5150e+06 4.5250e+06 and 2.0001e+03 6.9998e+03
6.004e-09 2.669e-09 5.337e-09 4.003e-09 2.001e-09 2.001e-09 6.671e-09 2.001e-09 1.334e-09 8.673e-09 4.670e-09 3.336e-09 1.001e-08 1.067e-08 8.006e-09 1.401e-08 6.671e-09 6.671e-09 6.004e-09 9.340e-09
6.671e-10 4.670e-09 4.003e-09 2.669e-09 4.670e-09 3.336e-09 5.337e-09 5.337e-09 6.671e-09 1.067e-08 8.673e-09 8.673e-09 1.134e-08 1.201e-08 9.340e-09 1.134e-08 6.671e-09 1.067e-08 6.671e-09 1.801e-08
3.336e-09 4.003e-09 2.669e-09 4.670e-09 3.336e-09 6.671e-09 4.670e-09 4.670e-09 8.673e-09 9.340e-09 1.401e-08 6.004e-09 1.334e-08 8.006e-09 1.334e-08 1.801e-08 1.001e-08 1.334e-08 1.001e-08 2.001e-08
6.671e-09 8.006e-09 2.669e-09 4.670e-09 4.003e-09 6.671e-09 7.339e-09 3.336e-09 6.004e-09 1.134e-08 1.001e-08 1.468e-08 1.735e-08 1.067e-08 8.006e-09 1.401e-08 1.268e-08 1.201e-08 1.601e-08 2.535e-08
4.003e-09 3.336e-09 4.003e-09 1.001e-08 1.001e-08 7.339e-09 6.004e-09 1.001e-08 1.268e-08 1.067e-08 1.401e-08 1.735e-08 1.801e-08 1.801e-08 1.801e-08 2.535e-08 2.669e-08 2.402e-08 2.402e-08 2.535e-08
4.003e-09 1.334e-09 6.671e-09 1.201e-08 2.335e-08 1.868e-08 2.135e-08 1.735e-08 2.068e-08 2.268e-08 4.336e-08 3.803e-08 3.469e-08 4.336e-08 5.204e-08 4.270e-08 4.270e-08 3.603e-08 2.669e-08 2.535e-08
3.336e-09 4.670e-09 9.340e-09 1.268e-08 3.269e-08 5.404e-08 8.406e-08 1.201e-07 1.981e-07 1.608e-07 2.128e-07 1.928e-07 1.394e-07 7.672e-08 7.605e-08 5.337e-08 5.204e-08 3.936e-08 3.002e-08 1.935e-08
2.001e-09 4.670e-09 7.339e-09 1.067e-08 3.936e-08 1.548e-07 3.436e-07 1.448e-06 1.074e-06 2.875e-07 2.589e-07 1.681e-07 1.254e-07 6.605e-08 4.470e-08 3.736e-08 2.402e-08 2.669e-08 2.335e-08 1.868e-08
6.671e-09 4.003e-09 4.003e-09 8.006e-09 1.268e-08 1.468e-08 1.334e-08 1.735e-08 2.001e-08 1.601e-08 1.935e-08 2.802e-08 3.002e-08 2.135e-08 1.468e-08 1.201e-08 1.268e-08 8.006e-09 1.401e-08 6.004e-09
4.670e-09 5.337e-09 3.336e-09 5.337e-09 8.673e-09 2.669e-09 4.670e-09 3.336e-09 2.001e-09 6.671e-09 7.339e-09 7.339e-09 8.673e-09 8.673e-09 6.671e-09 6.004e-09 1.001e-08 8.006e-09 6.004e-09 7.339e-09
3.336e-09 4.003e-09 3.336e-09 3.336e-09 4.670e-09 2.669e-09 3.336e-09 2.001e-09 4.670e-09 1.334e-09 3.336e-09 3.336e-09 4.003e-09 2.669e-09 4.003e-09 2.001e-09 5.337e-09 4.003e-09 2.001e-09 6.004e-09
2.001e-09 2.669e-09 6.671e-10 3.336e-09 6.671e-10 6.671e-10 1.334e-09 4.670e-09 6.671e-10 6.671e-10 2.001e-09 2.001e-09 2.001e-09 4.003e-09 1.334e-09 4.003e-09 1.334e-09 6.671e-10 4.003e-09 4.003e-09
2.669e-09 2.001e-09 1.334e-09 1.334e-09 2.001e-09 2.001e-09 3.336e-09 4.003e-09 0.000e+00 1.334e-09 1.334e-09 1.334e-09 3.336e-09 2.001e-09 6.671e-10 3.336e-09 2.001e-09 2.001e-09 1.334e-09 3.336e-09
2.669e-09 2.001e-09 2.001e-09 4.003e-09 4.003e-09 2.001e-09 2.001e-09 6.671e-10 6.671e-10 2.669e-09 0.000e+00 1.334e-09 3.336e-09 2.669e-09 1.334e-09 6.671e-10 2.669e-09 6.671e-10 2.001e-09 4.003e-09
2.001e-09 3.336e-09 0.000e+00 6.671e-10 2.001e-09 1.334e-09 6.671e-10 2.001e-09 1.334e-09 2.001e-09 2.001e-09 2.001e-09 2.669e-09 3.336e-09 1.334e-09 1.334e-09 2.669e-09 0.000e+00 1.334e-09 2.001e-09
6.671e-10 6.671e-10 2.001e-09 1.334e-09 1.334e-09 6.671e-10 3.336e-09 6.671e-10 1.334e-09 0.000e+00 6.671e-10 2.669e-09 6.671e-10 2.001e-09 0.000e+00 2.669e-09 2.001e-09 0.000e+00 2.001e-09 1.334e-09
2.001e-09 2.001e-09 3.336e-09 6.671e-10 1.334e-09 6.671e-10 2.001e-09 1.334e-09 1.334e-09 2.669e-09 1.334e-09 0.000e+00 6.671e-10 0.000e+00 2.669e-09 2.669e-09 2.001e-09 2.669e-09 2.001e-09 2.669e-09
1.334e-09 2.001e-09 6.671e-10 1.334e-09 8.673e-09 2.001e-09 1.334e-09 1.334e-09 6.671e-10 1.334e-09 2.001e-09 2.001e-09 2.669e-09 2.001e-09 3.336e-09 6.671e-10 2.001e-09 2.669e-09 2.001e-09 6.671e-10
2.001e-09 2.669e-09 2.669e-09 6.671e-10 0.000e+00 6.671e-10 6.671e-10 1.334e-09 2.001e-09 2.001e-09 2.001e-09 1.334e-09 0.000e+00 1.334e-09 0.000e+00 1.334e-09 2.001e-09 2.001e-09 1.334e-09 1.334e-09
2.001e-09 2.669e-09 4.003e-09 0.000e+00 1.334e-09 0.000e+00 6.671e-10 6.671e-10 1.334e-09 1.334e-09 1.334e-09 1.334e-09 3.336e-09 6.671e-10 2.669e-09 3.336e-09 2.001e-09 2.001e-09 1.334e-09 1.334e-09
# 2D Marginal for parameters ycen and dP_mu with ranges 4.5150e+06 4.5250e+06 and 1.0079e-04 9.9973e-03
1.011e-03 1.685e-03 1.685e-03 4.719e-03 2.359e-03 1.011e-03 3.370e-03 5.730e-03 4.719e-03 2.022e-03 5.730e-03 4.382e-03 5.056e-03 3.033e-03 3.707e-03 1.685e-03 3.033e-03 1.685e-03 2.022e-03 2.022e-03
2.022e-03 3.707e-03 5.730e-03 1.348e-03 4.044e-03 3.370e-03 4.044e-03 2.022e-03 6.741e-03 5.730e-03 4.044e-03 5.056e-03 3.707e-03 2.359e-03 3.707e-03 5.730e-03 2.696e-03 1.685e-03 2.696e-03 6.067e-03
3.033e-03 2.359e-03 3.370e-03 1.348e-03 2.696e-03 3.707e-03 6.404e-03 6.741e-03 9.774e-03 5.056e-03 6.404e-03 4.382e-03 4.382e-03 6.404e-03 4.382e-03 5.393e-03 2.696e-03 4.044e-03 5.730e-03 1.685e-03
2.696e-03 2.022e-03 1.685e-03 4.382e-03 5.730e-03 6.404e-03 6.067e-03 6.067e-03 6.741e-03 6.067e-03 6.404e-03 7.078e-03 5.056e-03 5.393e-03 5.056e-03 6.067e-03 6.404e-03 3.707e-03 5.056e-03 3.707e-03
2.022e-03 2.696e-03 3.033e-03 5.730e-03 7.752e-03 7.415e-03 1.112e-02 1.180e-02 7.752e-03 1.314e-02 8.089e-03 9.774e-03 9.100e-03 5.730e-03 7.752e-03 9.437e-03 6.741e-03 9.100e-03 4.719e-03 3.033e-03
1.685e-03 3.370e-03 4.044e-03 5.393e-03 9.437e-03 1.416e-02 2.022e-02 2.359e-02 2.831e-02 2.022e-02 2.663e-02 1.921e-02 1.719e-02 2.157e-02 1.314e-02 1.011e-02 1.213e-02 8.763e-03 5.056e-03 5.056e-03
2.696e-03 3.370e-03 5.730e-03 6.067e-03 2.056e-02 3.269e-02 6.842e-02 1.041e-01 1.328e-01 1.355e-01 8.999e-02 5.932e-02 4.011e-02 2.427e-02 1.854e-02 1.483e-02 1.416e-02 1.180e-02 6.067e-03 3.033e-03
2.696e-03 3.370e-03 4.044e-03 5.730e-03 1.416e-02 8.190e-02 2.494e-01 1.065e+00 2.727e-01 1.614e-01 9.538e-02 4.685e-02 3.168e-02 1.786e-02 1.517e-02 1.045e-02 1.112e-02 8.089e-03 4.044e-03 3.707e-03
3.370e-03 3.707e-03 5.393e-03 4.719e-03 8.763e-03 8.426e-03 1.011e-02 1.517e-02 1.011e-02 1.213e-02 1.685e-02 1.146e-02 6.741e-03 8.089e-03 4.382e-03 4.719e-03 3.707e-03 1.685e-03 1.348e-03 2.022e-03
3.370e-04 3.033e-03 2.022e-03 3.707e-03 5.056e-03 6.404e-03 4.719e-03 2.022e-03 3.370e-03 3.707e-03 3.707e-03 3.707e-03 3.370e-03 3.707e-03 4.044e-03 2.022e-03 1.685e-03 1.685e-03 1.011e-03 2.696e-03
1.348e-03 2.022e-03 1.348e-03 2.022e-03 1.685e-03 2.022e-03 1.685e-03 2.359e-03 1.685e-03 1.685e-03 1.685e-03 2.022e-03 1.685e-03 6.741e-04 1.348e-03 1.685e-03 3.370e-03 1.348e-03 2.022e-03 1.348e-03
3.033e-03 1.348e-03 6.741e-04 1.011e-03 6.741e-04 1.348e-03 1.011e-03 1.348e-03 2.696e-03 1.348e-03 6.741e-04 3.370e-04 6.741e-04 1.011e-03 0.000e+00 6.741e-04 6.741e-04 6.741e-04 1.685e-03 6.741e-04
1.685e-03 1.348e-03 6.741e-04 1.011e-03 6.741e-04 1.348e-03 1.348e-03 6.741e-04 1.011e-03 6.741e-04 2.022e-03 6.741e-04 1.348e-03 2.022e-03 1.011e-03 0.000e+00 1.011e-03 1.348e-03 6.741e-04 0.000e+00
2.696e-03 1.348e-03 6.741e-04 1.011e-03 1.011e-03 1.011e-03 6.741e-04 6.741e-04 3.370e-04 3.370e-04 1.685e-03 1.685e-03 1.685e-03 1.011e-03 6.741e-04 1.348e-03 1.011e-03 1.011e-03 3.370e-04 6.741e-04
1.348e-03 1.348e-03 1.348e-03 6.741e-04 1.011e-03 1.011e-03 1.348e-03 0.000e+00 6.741e-04 0.000e+00 0.000e+00 6.741e-04 1.011e-03 1.685e-03 6.741e-04 0.000e+00 1.011e-03 1.011e-03 1.348e-03 1.011e-03
3.370e-04 6.741e-04 6.741e-04 3.370e-04 6.741e-04 3.370e-04 0.000e+00 6.741e-04 1.011e-03 1.011e-03 1.011e-03 3.370e-04 1.011e-03 3.370e-04 1.348e-03 1.011e-03 6.741e-04 3.370e-04 6.741e-04 6.741e-04
6.741e-04 1.348e-03 0.000e+00 2.022e-03 6.741e-04 6.741e-04 1.011e-03 1.011e-03 1.011e-03 1.011e-03 6.741e-04 1.011e-03 6.741e-04 1.011e-03 6.741e-04 6.741e-04 1.011e-03 1.348e-03 3.370e-04 3.370e-04
1.011e-03 1.348e-03 1.685e-03 6.741e-04 1.348e-03 3.370e-04 3.370e-04 1.685e-03 1.011e-03 3.370e-04 1.011e-03 1.348e-03 6.741e-04 1.685e-03 3.370e-04 6.741e-04 2.022e-03 6.741e-04 1.685e-03 6.741e-04
0.000e+00 1.011e-03 6.741e-04 3.370e-04 0.000e+00 1.011e-03 3.370e-04 3.370e-04 6.741e-04 1.011e-03 1.685e-03 6.741e-04 6.741e-04 1.011e-03 0.000e+00 6.741e-04 1.011e-03 3.370e-04 3.370e-04 2.022e-03
1.011e-03 3.370e-04 1.011e-03 6.741e-04 1.011e-03 0.000e+00 2.359e-03 1.685e-03 1.011e-03 6.741e-04 1.011e-03 6.741e-04 0.000e+00 1.348e-03 6.741e-04 3.370e-04 1.348e-03 3.370e-04 3.370e-04 1.011e-03
# 2D Marginal for parameters depth and dP_mu with ranges 2.0001e+03 6.9998e+03 and 1.0079e-04 9.9973e-03
6.737e-03 6.063e-03 4.716e-03 6.737e-03 5.389e-03 5.389e-03 6.737e-03 3.368e-03 2.021e-03 6.737e-04 0.000e+00 1.347e-03 0.000e+00 1.347e-03 2.021e-03 1.347e-03 2.021e-03 2.021e-03 1.347e-03 3.368e-03
6.063e-03 4.042e-03 2.695e-03 2.695e-03 6.737e-03 3.368e-03 3.368e-03 2.695e-03 6.063e-03 4.716e-03 3.368e-03 1.347e-03 2.021e-03 2.695e-03 2.695e-03 1.347e-03 1.347e-03 4.716e-03 2.021e-03 3.368e-03
4.716e-03 4.042e-03 6.063e-03 5.389e-03 1.011e-02 3.368e-03 4.042e-03 3.368e-03 4.716e-03 1.347e-03 4.716e-03 2.021e-03 2.021e-03 3.368e-03 1.347e-03 3.368e-03 2.695e-03 1.347e-03 1.347e-03 6.737e-04
4.042e-03 4.716e-03 6.063e-03 8.758e-03 2.021e-02 1.011e-02 5.389e-03 3.368e-03 6.737e-03 1.347e-03 3.368e-03 3.368e-03 6.737e-04 3.368e-03 2.695e-03 6.737e-04 1.347e-03 4.042e-03 6.737e-04 1.347e-03
3.368e-03 6.737e-03 1.011e-02 9.431e-03 2.290e-02 4.985e-02 2.897e-02 9.431e-03 3.368e-03 4.042e-03 1.347e-03 3.368e-03 2.021e-03 4.716e-03 1.347e-03 0.000e+00 6.737e-04 2.021e-03 1.347e-03 3.368e-03
3.368e-03 4.716e-03 4.042e-03 6.737e-03 2.021e-02 1.044e-01 9.431e-02 2.358e-02 6.063e-03 3.368e-03 3.368e-03 2.021e-03 6.737e-04 0.000e+00 6.737e-04 1.347e-03 2.021e-03 2.021e-03 2.695e-03 6.737e-04
4.716e-03 5.389e-03 8.084e-03 6.737e-03 1.213e-02 6.130e-02 2.964e-01 9.027e-02 1.011e-02 4.716e-03 5.389e-03 2.695e-03 2.021e-03 2.021e-03 6.737e-04 6.737e-04 2.695e-03 1.347e-03 2.021e-03 1.347e-03
3.368e-03 6.737e-03 3.368e-03 5.389e-03 7.410e-03 2.088e-02 2.055e-01 1.322e+00 6.063e-02 1.213e-02 2.695e-03 2.021e-03 2.021e-03 2.021e-03 0.000e+00 2.021e-03 3.368e-03 3.368e-03 6.737e-04 6.737e-04
5.389e-03 2.021e-03 5.389e-03 6.737e-04 5.389e-03 1.213e-02 3.099e-02 8.764e-01 3.840e-01 1.954e-02 1.011e-02 9.431e-03 3.368e-03 6.737e-04 2.021e-03 2.695e-03 1.347e-03 2.695e-03 2.021e-03 1.347e-03
1.347e-03 4.042e-03 6.063e-03 3.368e-03 4.716e-03 8.758e-03 1.684e-02 3.638e-02 2.520e-01 1.590e-01 3.503e-02 9.431e-03 1.011e-02 8.758e-03 2.021e-03 3.368e-03 0.000e+00 2.021e-03 1.347e-03 6.737e-04
4.042e-03 5.389e-03 6.737e-03 4.042e-03 6.737e-03 6.737e-03 8.084e-03 1.886e-02 1.118e-01 2.661e-01 1.044e-01 3.436e-02 1.347e-02 8.084e-03 4.042e-03 4.716e-03 1.347e-03 2.695e-03 1.347e-03 2.021e-03
2.021e-03 3.368e-03 2.021e-03 4.042e-03 5.389e-03 6.737e-03 1.213e-02 2.425e-02 3.975e-02 1.341e-01 1.421e-01 5.659e-02 3.234e-02 1.752e-02 7.410e-03 6.737e-03 2.695e-03 6.737e-04 3.368e-03 3.368e-03
4.042e-03 2.021e-03 4.042e-03 7.410e-03 6.063e-03 1.078e-02 1.213e-02 1.752e-02 2.156e-02 5.255e-02 1.037e-01 8.421e-02 4.581e-02 1.819e-02 2.156e-02 1.145e-02 4.716e-03 2.021e-03 3.368e-03 2.021e-03
2.021e-03 6.063e-03 2.695e-03 2.695e-03 1.213e-02 8.758e-03 6.063e-03 1.280e-02 1.819e-02 2.223e-02 4.918e-02 4.312e-02 3.705e-02 2.358e-02 2.088e-02 9.431e-03 9.431e-03 4.716e-03 4.042e-03 4.042e-03
2.021e-03 6.063e-03 2.695e-03 5.389e-03 3.368e-03 6.737e-03 7.410e-03 1.280e-02 1.145e-02 1.684e-02 2.358e-02 3.570e-02 4.783e-02 2.493e-02 1.482e-02 1.617e-02 1.549e-02 9.431e-03 3.368e-03 4.716e-03
4.042e-03 1.347e-03 2.695e-03 6.063e-03 6.063e-03 8.758e-03 1.280e-02 1.011e-02 1.684e-02 1.684e-02 1.684e-02 2.358e-02 2.358e-02 3.166e-02 1.752e-02 2.156e-02 1.213e-02 1.078e-02 1.011e-02 5.389e-03
2.021e-03 6.737e-04 3.368e-03 6.063e-03 3.368e-03 7.410e-03 1.482e-02 1.482e-02 1.347e-02 1.213e-02 1.011e-02 1.684e-02 1.482e-02 2.358e-02 2.560e-02 1.415e-02 2.156e-02 1.347e-02 8.084e-03 4.042e-03
6.737e-04 2.695e-03 3.368e-03 2.021e-03 4.042e-03 3.368e-03 6.737e-03 4.042e-03 5.389e-03 6.063e-03 1.145e-02 1.145e-02 1.280e-02 1.549e-02 2.493e-02 2.088e-02 2.358e-02 2.223e-02 1.482e-02 7.410e-03
2.021e-03 2.021e-03 4.042e-03 5.389e-03 9.431e-03 4.716e-03 8.758e-03 6.737e-03 6.737e-03 4.042e-03 1.011e-02 8.084e-03 1.078e-02 1.482e-02 9.431e-03 1.684e-02 2.560e-02 1.145e-02 1.145e-02 1.145e-02
3.368e-03 4.716e-03 2.695e-03 6.737e-03 6.737e-03 5.389e-03 6.063e-03 1.011e-02 6.737e-03 4.042e-03 8.084e-03 1.011e-02 8.084e-03 1.347e-02 1.145e-02 1.617e-02 2.088e-02 1.819e-02 1.886e-02 2.156e-02
