# 2D Marginal for parameters xcen and ycen with ranges 4.2200e+05 4.3199e+05 and 4.5150e+06 4.5250e+06
2.336e-09 1.669e-09 1.669e-09 2.336e-09 2.670e-09 2.002e-09 6.675e-10 1.335e-09 1.335e-09 1.669e-09 6.675e-10 1.001e-09 1.001e-09 6.675e-10 0.000e+00 3.337e-10 6.675e-10 6.675e-10 1.335e-09 1.335e-09
1.669e-09 2.336e-09 1.001e-09 1.669e-09 2.336e-09 2.002e-09 2.002e-09 1.669e-09 1.001e-09 2.002e-09 2.336e-09 3.337e-10 1.001e-09 1.001e-09 6.675e-10 6.675e-10 6.675e-10 6.675e-10 1.001e-09 1.669e-09
5.340e-09 3.004e-09 2.336e-09 3.004e-09 2.670e-09 3.671e-09 3.004e-09 1.669e-09 3.004e-09 1.669e-09 0.000e+00 3.337e-10 1.001e-09 6.675e-10 6.675e-10 6.675e-10 6.675e-10 1.001e-09 1.335e-09 6.675e-10
2.336e-09 2.670e-09 3.671e-09 4.339e-09 4.005e-09 2.336e-09 5.674e-09 4.005e-09 0.000e+00 2.002e-09 1.335e-09 1.335e-09 3.337e-10 2.002e-09 3.337e-10 3.337e-10 1.001e-09 1.669e-09 1.335e-09 3.337e-10
4.672e-09 6.341e-09 6.007e-09 6.341e-09 5.340e-09 6.675e-09 5.340e-09 4.672e-09 4.005e-09 3.671e-09 3.004e-09 6.675e-10 6.675e-10 3.337e-10 1.001e-09 0.000e+00 6.675e-10 1.001e-09 3.337e-10 1.335e-09
5.340e-09 4.672e-09 6.341e-09 7.009e-09 1.068e-08 1.135e-08 1.168e-08 1.435e-08 6.341e-09 6.007e-09 2.336e-09 1.669e-09 1.001e-09 2.002e-09 3.337e-10 1.001e-09 1.001e-09 1.001e-09 1.335e-09 1.335e-09
4.672e-09 6.675e-09 6.341e-09 6.675e-09 1.502e-08 2.169e-08 2.803e-08 2.503e-08 1.001e-08 5.340e-09 4.005e-09 1.335e-09 3.337e-10 6.675e-10 2.336e-09 1.001e-09 2.002e-09 1.335e-09 3.337e-10 3.337e-10
3.004e-09 6.675e-09 6.341e-09 1.268e-08 1.468e-08 4.272e-08 9.178e-08 1.308e-07 3.638e-08 6.675e-09 4.339e-09 1.669e-09 1.669e-09 6.675e-10 0.000e+00 1.001e-09 1.335e-09 0.000e+00 1.335e-09 1.001e-09
4.672e-09 8.010e-09 8.677e-09 1.235e-08 1.936e-08 5.039e-08 1.919e-07 2.005e-06 1.125e-07 1.101e-08 3.004e-09 1.335e-09 2.336e-09 0.000e+00 2.002e-09 0.000e+00 0.000e+00 6.675e-10 3.337e-10 6.675e-10
5.674e-09 4.339e-09 7.342e-09 1.035e-08 1.602e-08 3.705e-08 7.643e-08 1.298e-07 4.806e-08 1.001e-08 2.670e-09 2.002e-09 3.337e-10 6.675e-10 1.335e-09 6.675e-10 1.335e-09 1.001e-09 3.337e-10 1.335e-09
4.339e-09 5.006e-09 5.674e-09 7.009e-09 1.168e-08 1.435e-08 1.936e-08 1.502e-08 8.677e-09 3.337e-09 2.670e-09 1.335e-09 2.336e-09 1.335e-09 1.335e-09 6.675e-10 1.001e-09 0.000e+00 3.337e-10 1.001e-09
5.674e-09 6.007e-09 5.340e-09 4.672e-09 7.342e-09 6.341e-09 9.011e-09 1.035e-08 3.671e-09 1.335e-09 4.339e-09 1.669e-09 1.669e-09 3.337e-10 1.335e-09 0.000e+00 1.001e-09 6.675e-10 3.337e-10 3.337e-10
2.336e-09 4.672e-09 3.671e-09 1.335e-09 4.005e-09 3.671e-09 4.339e-09 4.005e-09 5.006e-09 2.002e-09 2.002e-09 0.000e+00 3.337e-10 2.002e-09 6.675e-10 1.001e-09 0.000e+00 1.001e-09 3.337e-10 6.675e-10
3.004e-09 4.005e-09 2.336e-09 3.671e-09 3.671e-09 2.670e-09 4.339e-09 4.005e-09 1.335e-09 2.002e-09 1.669e-09 1.669e-09 1.001e-09 6.675e-10 0.000e+00 1.669e-09 6.675e-10 1.001e-09 3.337e-10 0.000e+00
2.336e-09 3.671e-09 2.336e-09 2.670e-09 3.337e-09 1.001e-09 2.336e-09 1.335e-09 2.336e-09 2.002e-09 1.669e-09 0.000e+00 6.675e-10 1.001e-09 6.675e-10 0.000e+00 1.335e-09 2.002e-09 3.337e-10 1.001e-09
4.005e-09 3.671e-09 3.671e-09 2.336e-09 1.335e-09 2.336e-09 3.337e-10 2.336e-09 1.669e-09 2.002e-09 6.675e-10 6.675e-10 1.669e-09 1.335e-09 1.001e-09 6.675e-10 6.675e-10 1.001e-09 3.337e-10 0.000e+00
1.669e-09 1.001e-09 2.670e-09 4.672e-09 2.670e-09 1.335e-09 6.675e-10 1.335e-09 6.675e-10 2.002e-09 1.001e-09 6.675e-10 1.335e-09 3.337e-10 3.337e-10 1.001e-09 1.001e-09 1.669e-09 1.335e-09 1.001e-09
6.675e-10 3.337e-10 1.001e-09 1.669e-09 2.002e-09 1.001e-09 1.669e-09 3.337e-10 1.335e-09 2.002e-09 3.337e-10 2.002e-09 2.002e-09 0.000e+00 1.335e-09 1.001e-09 6.675e-10 1.001e-09 1.001e-09 1.001e-09
1.001e-09 1.335e-09 2.670e-09 6.675e-10 2.002e-09 1.001e-09 1.001e-09 1.001e-09 1.001e-09 1.001e-09 1.001e-09 6.675e-10 1.335e-09 1.001e-09 6.675e-10 6.675e-10 6.675e-10 1.669e-09 0.000e+00 6.675e-10
2.670e-09 6.675e-10 1.669e-09 1.335e-09 1.001e-09 6.675e-10 1.001e-09 6.675e-10 1.001e-09 1.335e-09 1.001e-09 1.001e-09 1.001e-09 1.001e-09 1.001e-09 3.337e-10 6.675e-10 1.335e-09 3.337e-10 1.001e-09
# 2D Marginal for parameters xcen and depth with ranges 4.2200e+05 4.3199e+05 and 2.0001e+03 6.9977e+03
1.335e-09 2.002e-09 2.002e-09 6.675e-10 2.002e-09 6.675e-10 2.670e-09 1.335e-09 3.337e-09 2.002e-09 2.670e-09 2.002e-09 2.670e-09 5.340e-09 4.672e-09 2.670e-09 1.335e-09 6.675e-10 2.002e-09 8.677e-09
1.335e-09 2.670e-09 6.675e-10 4.672e-09 1.335e-09 2.670e-09 2.002e-09 2.002e-09 1.335e-09 6.675e-10 2.670e-09 0.000e+00 0.000e+00 5.340e-09 5.340e-09 5.340e-09 3.337e-09 3.337e-09 4.672e-09 6.007e-09
2.002e-09 1.335e-09 2.002e-09 1.335e-09 4.005e-09 6.675e-10 3.337e-09 3.337e-09 2.002e-09 2.670e-09 5.340e-09 1.335e-09 7.342e-09 6.675e-09 5.340e-09 4.005e-09 3.337e-09 5.340e-09 6.675e-09 4.672e-09
4.672e-09 2.670e-09 4.005e-09 3.337e-09 5.340e-09 3.337e-09 1.335e-09 2.670e-09 3.337e-09 3.337e-09 4.672e-09 5.340e-09 4.672e-09 6.007e-09 8.009e-09 4.005e-09 2.002e-09 4.672e-09 4.005e-09 4.672e-09
4.005e-09 3.337e-09 4.005e-09 4.005e-09 2.670e-09 5.340e-09 7.342e-09 4.005e-09 4.005e-09 7.342e-09 4.672e-09 1.068e-08 6.675e-09 1.068e-08 1.135e-08 9.344e-09 8.009e-09 8.677e-09 2.670e-09 5.340e-09
8.677e-09 7.342e-09 8.009e-09 1.068e-08 6.007e-09 1.001e-08 6.675e-09 1.068e-08 1.068e-08 1.402e-08 1.602e-08 1.135e-08 1.068e-08 1.402e-08 1.201e-08 1.001e-08 1.268e-08 5.340e-09 5.340e-09 3.337e-09
1.869e-08 1.468e-08 1.535e-08 1.402e-08 2.136e-08 1.535e-08 1.468e-08 1.468e-08 1.936e-08 2.603e-08 1.802e-08 1.869e-08 2.002e-08 9.344e-09 1.402e-08 7.342e-09 1.001e-08 4.005e-09 5.340e-09 5.340e-09
4.405e-08 6.942e-08 5.473e-08 7.342e-08 7.943e-08 5.406e-08 6.608e-08 5.006e-08 5.473e-08 4.138e-08 3.538e-08 2.403e-08 1.602e-08 1.335e-08 1.869e-08 1.068e-08 9.344e-09 6.007e-09 4.005e-09 4.672e-09
1.836e-07 5.914e-07 2.068e-06 1.049e-06 2.783e-07 1.188e-07 1.655e-07 1.008e-07 8.810e-08 5.807e-08 5.406e-08 2.603e-08 1.802e-08 1.001e-08 1.936e-08 8.009e-09 8.009e-09 6.675e-09 6.675e-09 9.344e-09
4.338e-08 6.608e-08 7.609e-08 8.210e-08 6.074e-08 5.340e-08 6.141e-08 5.540e-08 4.071e-08 3.938e-08 3.137e-08 2.203e-08 1.802e-08 1.735e-08 8.009e-09 1.068e-08 6.675e-09 5.340e-09 8.009e-09 7.342e-09
1.068e-08 1.068e-08 6.007e-09 5.340e-09 1.068e-08 1.468e-08 2.136e-08 1.535e-08 6.675e-09 2.536e-08 1.468e-08 1.068e-08 1.068e-08 1.001e-08 1.402e-08 3.337e-09 4.005e-09 3.337e-09 3.337e-09 1.201e-08
4.672e-09 2.670e-09 8.677e-09 4.672e-09 7.342e-09 6.675e-09 9.344e-09 8.009e-09 8.009e-09 8.009e-09 7.342e-09 6.007e-09 7.342e-09 1.402e-08 9.344e-09 8.677e-09 5.340e-09 3.337e-09 5.340e-09 8.009e-09
2.670e-09 2.002e-09 5.340e-09 2.670e-09 2.670e-09 6.007e-09 4.005e-09 4.005e-09 4.672e-09 6.007e-09 2.670e-09 7.342e-09 5.340e-09 3.337e-09 7.342e-09 4.005e-09 4.672e-09 5.340e-09 2.002e-09 4.005e-09
0.000e+00 2.002e-09 2.002e-09 1.335e-09 2.670e-09 4.005e-09 2.002e-09 6.007e-09 2.670e-09 3.337e-09 6.007e-09 6.007e-09 6.007e-09 7.342e-09 4.005e-09 5.340e-09 4.672e-09 6.007e-09 5.340e-09 2.670e-09
1.335e-09 2.670e-09 1.335e-09 2.002e-09 4.005e-09 2.670e-09 2.002e-09 1.335e-09 7.342e-09 1.335e-09 4.005e-09 4.005e-09 6.007e-09 4.005e-09 5.340e-09 2.002e-09 2.670e-09 3.337e-09 4.005e-09 2.670e-09
1.335e-09 4.672e-09 1.335e-09 1.335e-09 0.000e+00 2.002e-09 2.670e-09 2.670e-09 2.670e-09 4.005e-09 3.337e-09 6.007e-09 6.007e-09 5.340e-09 2.670e-09 4.672e-09 2.002e-09 4.005e-09 3.337e-09 3.337e-09
1.335e-09 2.002e-09 1.335e-09 1.335e-09 3.337e-09 0.000e+00 6.007e-09 4.005e-09 1.335e-09 3.337e-09 3.337e-09 5.340e-09 1.335e-09 5.340e-09 3.337e-09 2.670e-09 3.337e-09 4.005e-09 1.335e-09 2.670e-09
6.675e-10 2.670e-09 6.675e-10 2.002e-09 1.335e-09 6.675e-10 1.335e-09 2.002e-09 0.000e+00 2.002e-09 3.337e-09 2.670e-09 3.337e-09 2.670e-09 1.335e-09 6.675e-09 6.675e-10 3.337e-09 3.337e-09 4.005e-09
6.675e-10 2.670e-09 2.002e-09 2.002e-09 6.675e-10 1.335e-09 2.002e-09 6.675e-10 1.335e-09 1.335e-09 3.337e-09 4.005e-09 4.005e-09 2.670e-09 1.335e-09 2.002e-09 4.005e-09 1.335e-09 2.002e-09 2.670e-09
2.002e-09 6.675e-10 6.675e-10 2.002e-09 2.670e-09 2.002e-09 6.675e-10 2.670e-09 2.002e-09 2.002e-09 0.000e+00 1.335e-09 4.005e-09 2.002e-09 2.002e-09 2.002e-09 3.337e-09 2.002e-09 4.005e-09 3.337e-09
# 2D Marginal for parameters xcen and dP_mu with ranges 4.2200e+05 4.3199e+05 and 1.1204e-04 9.9993e-03
1.350e-03 3.374e-04 1.687e-03 0.000e+00 6.748e-04 6.748e-04 1.350e-03 1.012e-03 6.748e-04 2.024e-03 3.374e-03 2.362e-03 1.687e-03 1.350e-03 1.350e-03 6.748e-04 1.687e-03 1.012e-03 6.748e-04 1.687e-03
3.374e-04 1.012e-03 1.012e-03 1.350e-03 1.350e-03 1.012e-03 2.362e-03 1.687e-03 2.024e-03 2.699e-03 2.699e-03 1.350e-03 1.012e-03 1.012e-03 1.350e-03 3.374e-04 1.350e-03 1.012e-03 1.350e-03 1.687e-03
0.000e+00 1.012e-03 1.012e-03 1.687e-03 3.036e-03 2.362e-03 1.687e-03 2.024e-03 4.386e-03 1.687e-03 2.024e-03 1.350e-03 3.374e-03 2.024e-03 2.362e-03 1.350e-03 1.012e-03 2.362e-03 1.350e-03 6.748e-04
1.350e-03 1.012e-03 6.748e-04 2.024e-03 2.024e-03 2.699e-03 1.687e-03 2.699e-03 3.036e-03 3.374e-03 2.699e-03 1.687e-03 6.748e-04 1.687e-03 3.036e-03 2.024e-03 2.699e-03 2.699e-03 2.024e-03 1.687e-03
1.350e-03 1.012e-03 1.012e-03 1.687e-03 2.699e-03 3.036e-03 2.362e-03 3.036e-03 2.024e-03 3.374e-03 3.711e-03 4.723e-03 3.374e-03 5.061e-03 2.362e-03 5.398e-03 2.362e-03 4.386e-03 3.711e-03 6.073e-03
2.024e-03 2.024e-03 2.362e-03 3.036e-03 4.386e-03 6.073e-03 5.735e-03 7.422e-03 3.711e-03 6.073e-03 6.410e-03 6.748e-03 5.398e-03 3.711e-03 8.097e-03 5.398e-03 3.711e-03 5.061e-03 5.735e-03 4.723e-03
1.012e-03 1.350e-03 3.374e-03 5.061e-03 9.447e-03 6.073e-03 1.046e-02 1.046e-02 9.784e-03 7.760e-03 1.046e-02 9.447e-03 1.046e-02 7.760e-03 8.434e-03 7.422e-03 7.085e-03 7.422e-03 4.386e-03 7.085e-03
1.012e-03 2.699e-03 3.036e-03 8.434e-03 2.092e-02 3.981e-02 3.981e-02 3.880e-02 3.711e-02 3.509e-02 2.767e-02 1.822e-02 1.248e-02 2.092e-02 1.518e-02 1.721e-02 1.046e-02 6.073e-03 7.760e-03 6.073e-03
6.748e-04 1.687e-03 2.699e-03 9.447e-03 9.582e-02 3.799e-01 1.040e+00 5.007e-01 1.059e-01 6.984e-02 7.287e-02 3.745e-02 2.497e-02 3.273e-02 2.767e-02 1.788e-02 1.181e-02 8.097e-03 1.012e-02 1.012e-02
6.748e-04 1.687e-03 4.386e-03 7.422e-03 1.721e-02 3.644e-02 4.690e-02 4.825e-02 3.239e-02 2.733e-02 2.868e-02 1.080e-02 1.619e-02 1.856e-02 1.687e-02 1.181e-02 1.248e-02 8.772e-03 6.410e-03 7.422e-03
1.687e-03 6.748e-04 2.362e-03 4.723e-03 3.374e-03 3.711e-03 5.735e-03 7.422e-03 8.097e-03 7.085e-03 7.760e-03 6.748e-03 7.085e-03 5.398e-03 6.073e-03 7.760e-03 6.410e-03 6.073e-03 5.061e-03 4.386e-03
6.748e-04 6.748e-04 2.024e-03 2.362e-03 2.699e-03 6.073e-03 2.024e-03 4.386e-03 4.723e-03 2.362e-03 5.061e-03 4.049e-03 5.061e-03 3.711e-03 3.374e-03 4.386e-03 2.699e-03 5.398e-03 4.723e-03 5.735e-03
1.350e-03 1.012e-03 1.687e-03 1.687e-03 6.748e-04 1.350e-03 1.012e-03 2.699e-03 2.699e-03 1.687e-03 3.036e-03 6.748e-04 2.024e-03 3.711e-03 3.711e-03 2.699e-03 3.374e-03 3.374e-03 1.687e-03 3.374e-03
3.374e-04 3.374e-04 1.012e-03 1.687e-03 2.024e-03 2.362e-03 2.024e-03 2.024e-03 3.711e-03 3.374e-04 1.687e-03 3.036e-03 2.024e-03 2.699e-03 2.024e-03 3.036e-03 3.711e-03 2.362e-03 1.687e-03 2.024e-03
1.350e-03 1.350e-03 1.012e-03 1.012e-03 3.036e-03 1.687e-03 2.024e-03 1.012e-03 1.350e-03 2.024e-03 1.687e-03 6.748e-04 2.024e-03 1.687e-03 1.687e-03 3.036e-03 2.362e-03 6.748e-04 1.687e-03 1.012e-03
1.687e-03 1.012e-03 1.012e-03 1.350e-03 2.024e-03 2.362e-03 1.687e-03 2.362e-03 2.362e-03 2.699e-03 2.362e-03 1.350e-03 1.687e-03 1.687e-03 1.012e-03 6.748e-04 0.000e+00 1.012e-03 1.687e-03 2.024e-03
1.012e-03 6.748e-04 6.748e-04 3.374e-04 2.699e-03 2.362e-03 1.012e-03 1.350e-03 2.699e-03 1.012e-03 1.687e-03 1.350e-03 1.350e-03 2.024e-03 1.687e-03 1.350e-03 6.748e-04 6.748e-04 1.687e-03 2.362e-03
6.748e-04 1.012e-03 1.012e-03 1.012e-03 6.748e-04 1.350e-03 1.350e-03 0.000e+00 1.350e-03 2.362e-03 1.687e-03 1.350e-03 6.748e-04 1.012e-03 2.024e-03 6.748e-04 2.024e-03 6.748e-04 6.748e-04 1.012e-03
6.748e-04 1.012e-03 6.748e-04 1.012e-03 6.748e-04 1.687e-03 1.012e-03 1.012e-03 6.748e-04 3.374e-04 3.374e-04 1.350e-03 2.699e-03 1.687e-03 6.748e-04 6.748e-04 6.748e-04 1.012e-03 2.699e-03 6.748e-04
6.748e-04 1.012e-03 6.748e-04 6.748e-04 3.374e-04 1.350e-03 6.748e-04 1.012e-03 2.362e-03 0.000e+00 1.687e-03 1.350e-03 1.687e-03 6.748e-04 1.350e-03 1.012e-03 3.374e-04 1.012e-03 2.024e-03 1.012e-03
# 2D Marginal for parameters ycen and depth with ranges 4.5150e+06 4.5250e+06 and 2.0001e+03 6.9977e+03
4.671e-09 2.002e-09 6.006e-09 3.337e-09 2.669e-09 5.338e-09 5.338e-09 3.337e-09 5.338e-09 8.675e-09 9.342e-09 8.008e-09 1.602e-08 5.338e-09 1.001e-08 8.008e-09 1.001e-08 1.001e-08 4.004e-09 7.340e-09
0.000e+00 6.673e-09 5.338e-09 5.338e-09 6.673e-10 8.675e-09 7.340e-09 9.342e-09 9.342e-09 1.335e-08 1.468e-08 1.335e-08 7.340e-09 1.268e-08 9.342e-09 6.006e-09 6.006e-09 4.004e-09 6.673e-09 7.340e-09
3.337e-09 4.004e-09 4.004e-09 4.671e-09 6.673e-09 1.201e-08 7.340e-09 2.669e-09 4.004e-09 1.068e-08 1.201e-08 1.268e-08 9.342e-09 1.268e-08 1.134e-08 8.675e-09 8.675e-09 7.340e-09 8.675e-09 1.068e-08
4.671e-09 8.008e-09 6.006e-09 4.671e-09 4.671e-09 7.340e-09 1.201e-08 1.201e-08 1.001e-08 1.468e-08 1.134e-08 1.535e-08 1.068e-08 1.935e-08 1.068e-08 8.008e-09 8.675e-09 8.008e-09 4.671e-09 1.268e-08
8.008e-09 8.675e-09 5.338e-09 1.201e-08 7.340e-09 1.134e-08 1.802e-08 1.668e-08 1.802e-08 1.668e-08 1.335e-08 2.469e-08 1.602e-08 2.002e-08 2.069e-08 1.068e-08 1.068e-08 8.008e-09 7.340e-09 1.001e-08
8.675e-09 1.268e-08 1.668e-08 1.935e-08 2.202e-08 3.070e-08 4.404e-08 3.937e-08 3.737e-08 3.537e-08 2.869e-08 2.002e-08 2.069e-08 1.401e-08 2.069e-08 1.868e-08 1.068e-08 6.006e-09 9.342e-09 1.335e-08
2.936e-08 4.671e-08 5.739e-08 8.742e-08 8.208e-08 8.008e-08 1.315e-07 9.609e-08 7.140e-08 6.473e-08 4.671e-08 2.602e-08 2.002e-08 1.602e-08 2.803e-08 1.268e-08 7.340e-09 5.338e-09 8.675e-09 3.337e-09
1.929e-07 5.746e-07 2.073e-06 1.059e-06 2.776e-07 9.676e-08 1.081e-07 7.474e-08 6.740e-08 4.738e-08 4.071e-08 2.069e-08 1.735e-08 1.401e-08 1.468e-08 7.340e-09 6.673e-09 5.338e-09 6.673e-09 1.134e-08
5.605e-08 9.609e-08 6.339e-08 4.404e-08 5.205e-08 2.869e-08 1.935e-08 1.268e-08 1.535e-08 2.002e-08 2.336e-08 9.342e-09 1.068e-08 1.201e-08 6.673e-09 7.340e-09 6.673e-09 4.671e-09 7.340e-09 2.669e-09
1.001e-08 8.675e-09 5.338e-09 8.675e-09 1.468e-08 7.340e-09 8.008e-09 4.671e-09 8.008e-09 3.337e-09 6.673e-09 5.338e-09 6.673e-09 6.673e-09 7.340e-09 4.671e-09 4.671e-09 8.008e-09 4.671e-09 4.671e-09
4.004e-09 4.671e-09 4.671e-09 4.671e-09 4.671e-09 4.671e-09 4.671e-09 2.669e-09 7.340e-09 4.004e-09 3.337e-09 4.004e-09 5.338e-09 4.004e-09 4.004e-09 6.673e-10 1.335e-09 6.006e-09 1.335e-09 4.004e-09
1.335e-09 4.004e-09 6.673e-10 3.337e-09 6.673e-10 1.335e-09 6.673e-10 4.004e-09 2.002e-09 6.673e-10 2.002e-09 2.669e-09 2.669e-09 4.004e-09 1.335e-09 3.337e-09 6.673e-10 6.673e-10 4.004e-09 2.669e-09
1.335e-09 1.335e-09 1.335e-09 2.669e-09 2.002e-09 2.669e-09 4.671e-09 5.338e-09 0.000e+00 1.335e-09 1.335e-09 2.002e-09 3.337e-09 2.002e-09 1.335e-09 4.671e-09 2.002e-09 3.337e-09 0.000e+00 3.337e-09
2.669e-09 2.002e-09 2.002e-09 4.004e-09 4.004e-09 2.002e-09 2.002e-09 6.673e-10 6.673e-10 1.335e-09 0.000e+00 1.335e-09 2.669e-09 2.669e-09 1.335e-09 6.673e-10 2.669e-09 0.000e+00 6.673e-10 2.002e-09
2.002e-09 3.337e-09 0.000e+00 6.673e-10 2.002e-09 1.335e-09 1.335e-09 2.002e-09 1.335e-09 2.002e-09 2.002e-09 2.002e-09 2.002e-09 3.337e-09 1.335e-09 1.335e-09 2.669e-09 0.000e+00 1.335e-09 2.002e-09
6.673e-10 6.673e-10 2.002e-09 1.335e-09 1.335e-09 6.673e-10 3.337e-09 6.673e-10 1.335e-09 0.000e+00 6.673e-10 2.669e-09 6.673e-10 2.002e-09 0.000e+00 2.669e-09 2.002e-09 0.000e+00 1.335e-09 1.335e-09
2.002e-09 2.002e-09 3.337e-09 6.673e-10 1.335e-09 6.673e-10 2.002e-09 1.335e-09 1.335e-09 2.669e-09 1.335e-09 0.000e+00 6.673e-10 0.000e+00 2.669e-09 2.669e-09 2.002e-09 2.669e-09 2.002e-09 2.669e-09
1.335e-09 2.002e-09 6.673e-10 1.335e-09 8.675e-09 2.002e-09 1.335e-09 1.335e-09 6.673e-10 1.335e-09 2.002e-09 2.002e-09 2.669e-09 2.002e-09 3.337e-09 6.673e-10 2.002e-09 2.669e-09 2.002e-09 6.673e-10
2.002e-09 2.669e-09 2.669e-09 6.673e-10 0.000e+00 6.673e-10 6.673e-10 1.335e-09 2.002e-09 2.002e-09 2.002e-09 1.335e-09 0.000e+00 1.335e-09 0.000e+00 1.335e-09 2.002e-09 2.002e-09 1.335e-09 1.335e-09
2.002e-09 2.669e-09 4.004e-09 0.000e+00 1.335e-09 0.000e+00 6.673e-10 6.673e-10 1.335e-09 1.335e-09 1.335e-09 1.335e-09 3.337e-09 6.673e-10 2.669e-09 3.337e-09 2.002e-09 2.002e-09 1.335e-09 1.335e-09
# 2D Marginal for parameters ycen and dP_mu with ranges 4.5150e+06 4.5250e+06 and 1.1204e-04 9.9993e-03
6.746e-04 0.000e+00 1.349e-03 1.687e-03 3.373e-03 1.687e-03 2.024e-03 5.397e-03 6.071e-03 2.698e-03 7.083e-03 6.409e-03 6.071e-03 2.024e-03 3.036e-03 2.361e-03 2.698e-03 2.698e-03 4.722e-03 6.071e-03
1.349e-03 2.024e-03 3.373e-03 3.373e-03 1.687e-03 3.710e-03 5.060e-03 3.036e-03 5.397e-03 6.409e-03 5.397e-03 6.071e-03 4.385e-03 2.361e-03 3.373e-03 3.036e-03 2.361e-03 4.048e-03 5.060e-03 6.071e-03
1.349e-03 2.024e-03 2.024e-03 1.349e-03 3.036e-03 3.036e-03 3.373e-03 4.385e-03 6.746e-03 3.710e-03 5.734e-03 4.722e-03 6.409e-03 4.722e-03 3.710e-03 4.722e-03 3.373e-03 5.397e-03 5.734e-03 6.071e-03
6.746e-04 1.012e-03 1.349e-03 2.698e-03 5.060e-03 5.397e-03 3.710e-03 4.385e-03 5.734e-03 7.083e-03 5.734e-03 5.060e-03 5.397e-03 5.734e-03 5.734e-03 6.409e-03 5.734e-03 4.722e-03 7.421e-03 8.770e-03
1.012e-03 6.746e-04 4.385e-03 4.385e-03 5.734e-03 7.421e-03 5.397e-03 6.409e-03 8.770e-03 9.107e-03 9.444e-03 5.397e-03 7.421e-03 8.770e-03 8.433e-03 8.433e-03 7.758e-03 1.012e-02 5.060e-03 9.107e-03
1.012e-03 2.024e-03 2.361e-03 4.048e-03 8.433e-03 8.433e-03 1.687e-02 1.687e-02 1.619e-02 1.956e-02 1.720e-02 1.315e-02 1.012e-02 1.113e-02 1.754e-02 1.383e-02 1.046e-02 9.444e-03 8.770e-03 9.107e-03
1.687e-03 1.012e-03 2.024e-03 6.409e-03 1.282e-02 3.778e-02 4.048e-02 4.722e-02 3.710e-02 5.060e-02 5.127e-02 3.306e-02 2.260e-02 3.879e-02 2.327e-02 2.159e-02 1.248e-02 1.046e-02 7.421e-03 7.421e-03
3.373e-04 1.349e-03 2.698e-03 1.450e-02 9.613e-02 3.747e-01 1.037e+00 5.019e-01 1.100e-01 5.700e-02 5.903e-02 2.327e-02 1.956e-02 2.294e-02 2.226e-02 1.619e-02 9.782e-03 5.060e-03 6.409e-03 4.048e-03
1.349e-03 3.373e-04 2.024e-03 6.071e-03 2.800e-02 4.621e-02 4.250e-02 3.137e-02 1.619e-02 1.079e-02 1.181e-02 5.734e-03 1.046e-02 7.083e-03 8.095e-03 7.421e-03 5.397e-03 4.385e-03 3.373e-03 3.373e-03
6.746e-04 1.687e-03 2.361e-03 2.024e-03 4.048e-03 5.060e-03 5.734e-03 7.421e-03 5.060e-03 4.722e-03 4.385e-03 3.036e-03 2.698e-03 3.373e-03 5.060e-03 2.361e-03 2.698e-03 2.024e-03 2.698e-03 2.698e-03
1.349e-03 1.687e-03 2.361e-03 1.687e-03 1.012e-03 2.024e-03 1.349e-03 2.361e-03 2.698e-03 2.024e-03 6.746e-04 2.361e-03 2.024e-03 1.687e-03 3.036e-03 2.361e-03 3.710e-03 2.698e-03 2.024e-03 1.349e-03
1.349e-03 1.012e-03 6.746e-04 1.012e-03 3.373e-04 1.012e-03 1.012e-03 1.349e-03 4.048e-03 6.746e-04 3.373e-04 6.746e-04 6.746e-04 6.746e-04 6.746e-04 1.012e-03 1.349e-03 1.012e-03 2.024e-03 6.746e-04
1.349e-03 6.746e-04 3.373e-04 1.012e-03 6.746e-04 1.349e-03 6.746e-04 1.349e-03 1.012e-03 1.012e-03 2.698e-03 6.746e-04 2.024e-03 2.361e-03 1.687e-03 0.000e+00 1.349e-03 2.024e-03 1.012e-03 0.000e+00
1.687e-03 1.012e-03 6.746e-04 1.349e-03 6.746e-04 1.012e-03 3.373e-04 6.746e-04 0.000e+00 0.000e+00 1.349e-03 1.687e-03 1.687e-03 6.746e-04 6.746e-04 1.349e-03 1.012e-03 1.012e-03 6.746e-04 3.373e-04
1.012e-03 1.349e-03 1.349e-03 6.746e-04 1.012e-03 1.012e-03 1.349e-03 0.000e+00 1.012e-03 0.000e+00 0.000e+00 6.746e-04 1.012e-03 1.687e-03 6.746e-04 0.000e+00 1.012e-03 1.012e-03 1.349e-03 1.012e-03
3.373e-04 6.746e-04 3.373e-04 3.373e-04 6.746e-04 3.373e-04 3.373e-04 3.373e-04 1.012e-03 1.012e-03 1.012e-03 3.373e-04 1.012e-03 3.373e-04 1.349e-03 1.012e-03 6.746e-04 3.373e-04 6.746e-04 6.746e-04
6.746e-04 1.349e-03 3.373e-04 1.687e-03 6.746e-04 6.746e-04 1.012e-03 1.012e-03 1.012e-03 1.012e-03 6.746e-04 1.012e-03 6.746e-04 1.012e-03 6.746e-04 6.746e-04 1.012e-03 1.349e-03 3.373e-04 3.373e-04
1.012e-03 1.349e-03 1.687e-03 6.746e-04 1.349e-03 3.373e-04 3.373e-04 1.687e-03 1.012e-03 3.373e-04 1.012e-03 1.349e-03 6.746e-04 1.687e-03 3.373e-04 1.012e-03 1.687e-03 6.746e-04 1.687e-03 6.746e-04
0.000e+00 1.012e-03 6.746e-04 3.373e-04 0.000e+00 1.012e-03 3.373e-04 3.373e-04 1.012e-03 6.746e-04 1.687e-03 6.746e-04 6.746e-04 1.012e-03 0.000e+00 6.746e-04 1.012e-03 3.373e-04 3.373e-04 2.024e-03
1.012e-03 3.373e-04 1.012e-03 6.746e-04 1.012e-03 0.000e+00 2.361e-03 1.687e-03 1.012e-03 6.746e-04 1.012e-03 6.746e-04 3.373e-04 1.012e-03 6.746e-04 3.373e-04 1.349e-03 3.373e-04 3.373e-04 1.012e-03
# 2D Marginal for parameters depth and dP_mu with ranges 2.0001e+03 6.9977e+03 and 1.1204e-04 9.9993e-03
4.047e-03 2.698e-03 8.770e-03 3.508e-02 1.504e-01 9.377e-02 1.956e-02 8.095e-03 4.047e-03 0.000e+00 0.000e+00 1.349e-03 0.000e+00 1.349e-03 1.349e-03 1.349e-03 2.024e-03 2.024e-03 1.349e-03 3.373e-03
3.373e-03 4.722e-03 7.420e-03 1.619e-02 1.039e-01 5.100e-01 1.025e-01 1.619e-02 8.095e-03 4.722e-03 4.047e-03 1.349e-03 2.698e-03 2.698e-03 2.698e-03 6.746e-04 1.349e-03 4.722e-03 1.349e-03 3.373e-03
4.047e-03 2.024e-03 3.373e-03 8.770e-03 2.226e-02 2.820e-01 1.720e+00 1.990e-01 1.754e-02 4.722e-03 5.397e-03 2.024e-03 2.698e-03 3.373e-03 1.349e-03 3.373e-03 2.698e-03 2.024e-03 6.746e-04 6.746e-04
2.698e-03 3.373e-03 2.024e-03 5.397e-03 1.214e-02 3.036e-02 3.494e-01 7.569e-01 7.218e-02 1.686e-02 1.012e-02 4.722e-03 0.000e+00 3.373e-03 3.373e-03 2.024e-03 6.746e-04 4.047e-03 6.746e-04 1.349e-03
3.373e-03 3.373e-03 4.722e-03 3.373e-03 7.420e-03 1.417e-02 5.801e-02 1.552e-01 1.592e-01 4.924e-02 1.686e-02 6.746e-03 4.047e-03 7.420e-03 1.349e-03 0.000e+00 6.746e-04 2.024e-03 2.024e-03 2.698e-03
1.349e-03 4.047e-03 2.024e-03 8.095e-03 7.420e-03 1.012e-02 2.226e-02 4.452e-02 6.004e-02 7.488e-02 3.710e-02 1.214e-02 4.722e-03 2.024e-03 4.722e-03 2.698e-03 2.024e-03 2.698e-03 3.373e-03 1.349e-03
1.349e-03 2.024e-03 6.746e-03 4.047e-03 3.373e-03 6.746e-03 1.282e-02 2.563e-02 4.655e-02 7.488e-02 1.154e-01 4.452e-02 1.214e-02 7.420e-03 6.071e-03 3.373e-03 6.746e-03 2.698e-03 2.024e-03 2.024e-03
2.024e-03 4.722e-03 2.698e-03 2.698e-03 2.698e-03 8.770e-03 6.071e-03 1.754e-02 2.159e-02 4.655e-02 5.059e-02 4.047e-02 1.956e-02 2.631e-02 1.686e-02 1.079e-02 7.420e-03 4.722e-03 1.349e-03 1.349e-03
2.698e-03 1.349e-03 5.397e-03 0.000e+00 4.722e-03 7.420e-03 5.397e-03 8.095e-03 8.095e-03 1.349e-02 2.901e-02 2.091e-02 4.182e-02 3.980e-02 3.373e-02 2.631e-02 6.071e-03 3.373e-03 6.746e-03 2.698e-03
2.024e-03 1.349e-03 2.024e-03 0.000e+00 2.024e-03 2.024e-03 3.373e-03 7.420e-03 8.095e-03 1.349e-02 2.698e-02 2.563e-02 2.968e-02 3.508e-02 3.575e-02 2.833e-02 1.282e-02 9.444e-03 4.047e-03 4.722e-03
1.349e-03 1.349e-03 4.722e-03 2.024e-03 2.698e-03 4.047e-03 4.047e-03 2.698e-03 8.095e-03 1.012e-02 1.552e-02 1.349e-02 2.361e-02 3.238e-02 2.563e-02 2.563e-02 2.226e-02 1.484e-02 4.047e-03 6.746e-03
6.746e-04 1.349e-03 4.722e-03 2.698e-03 3.373e-03 5.397e-03 2.024e-03 4.047e-03 8.095e-03 7.420e-03 1.012e-02 1.147e-02 2.226e-02 2.091e-02 1.889e-02 1.754e-02 9.444e-03 8.095e-03 8.770e-03 9.444e-03
6.746e-04 2.024e-03 1.349e-03 5.397e-03 4.047e-03 3.373e-03 4.722e-03 5.397e-03 7.420e-03 3.373e-03 1.079e-02 1.214e-02 1.282e-02 1.282e-02 1.349e-02 1.282e-02 1.214e-02 1.282e-02 1.484e-02 7.420e-03
1.349e-03 6.071e-03 1.349e-03 2.698e-03 3.373e-03 4.722e-03 3.373e-03 7.420e-03 9.444e-03 1.012e-02 6.746e-03 5.397e-03 7.420e-03 6.071e-03 1.349e-02 1.214e-02 1.619e-02 1.349e-02 1.417e-02 1.147e-02
1.349e-03 2.024e-03 1.349e-03 2.024e-03 3.373e-03 4.722e-03 5.397e-03 3.373e-03 4.047e-03 1.012e-02 8.095e-03 6.746e-03 9.444e-03 7.420e-03 1.147e-02 1.079e-02 1.754e-02 1.147e-02 1.552e-02 2.294e-02
2.024e-03 6.746e-04 2.698e-03 3.373e-03 3.373e-03 5.397e-03 4.047e-03 3.373e-03 2.024e-03 6.071e-03 7.420e-03 7.420e-03 3.373e-03 5.397e-03 8.095e-03 6.071e-03 7.420e-03 1.012e-02 1.417e-02 1.214e-02
2.024e-03 0.000e+00 6.746e-04 3.373e-03 4.722e-03 4.047e-03 4.047e-03 4.047e-03 1.349e-03 2.024e-03 6.746e-03 4.047e-03 4.047e-03 6.746e-03 6.071e-03 5.397e-03 9.444e-03 1.079e-02 8.095e-03 1.282e-02
6.746e-04 0.000e+00 6.746e-04 0.000e+00 3.373e-03 2.698e-03 4.047e-03 3.373e-03 3.373e-03 2.024e-03 5.397e-03 3.373e-03 6.746e-04 9.444e-03 8.770e-03 6.071e-03 8.095e-03 7.420e-03 9.444e-03 8.095e-03
1.349e-03 6.746e-04 2.024e-03 2.698e-03 3.373e-03 4.047e-03 6.746e-03 1.349e-03 4.722e-03 2.024e-03 5.397e-03 4.047e-03 4.722e-03 4.722e-03 4.047e-03 5.397e-03 3.373e-03 4.722e-03 9.444e-03 9.444e-03
1.349e-03 1.349e-03 2.024e-03 4.047e-03 3.373e-03 6.746e-04 3.373e-03 4.722e-03 8.095e-03 6.071e-03 3.373e-03 4.047e-03 6.071e-03 3.373e-03 3.373e-03 8.770e-03 5.397e-03 6.746e-03 1.214e-02 1.754e-02
