# 2D Marginal for parameters xcen and ycen with ranges 4.2200e+05 4.3200e+05 and 4.5150e+06 4.5250e+06
1.401e-09 1.401e-09 1.801e-09 8.006e-10 1.401e-09 2.001e-09 1.401e-09 8.006e-10 1.001e-09 1.001e-09 6.004e-10 2.001e-10 1.401e-09 6.004e-10 6.004e-10 4.003e-10 1.201e-09 4.003e-10 6.004e-10 8.006e-10
1.201e-09 1.601e-09 1.001e-09 1.601e-09 2.402e-09 1.201e-09 1.801e-09 2.602e-09 1.201e-09 1.401e-09 1.601e-09 1.201e-09 1.201e-09 6.004e-10 1.201e-09 4.003e-10 0.000e+00 1.401e-09 1.001e-09 1.001e-09
2.202e-09 2.602e-09 1.801e-09 1.601e-09 2.402e-09 2.602e-09 1.401e-09 2.001e-09 2.202e-09 1.401e-09 1.401e-09 1.801e-09 1.001e-09 1.001e-09 1.001e-09 6.004e-10 4.003e-10 1.201e-09 8.006e-10 1.401e-09
2.402e-09 1.801e-09 2.602e-09 2.802e-09 2.602e-09 3.803e-09 2.402e-09 2.602e-09 2.602e-09 1.401e-09 2.802e-09 1.201e-09 6.004e-10 1.401e-09 1.601e-09 6.004e-10 1.201e-09 8.006e-10 6.004e-10 1.201e-09
1.601e-09 3.002e-09 3.202e-09 3.803e-09 5.204e-09 5.404e-09 4.203e-09 5.404e-09 5.004e-09 2.402e-09 1.601e-09 1.801e-09 1.201e-09 1.001e-09 2.001e-10 2.001e-10 2.001e-10 2.001e-10 2.001e-10 1.401e-09
2.602e-09 2.602e-09 4.203e-09 4.403e-09 1.001e-08 9.007e-09 1.041e-08 8.406e-09 6.805e-09 4.003e-09 2.602e-09 1.601e-09 1.201e-09 8.006e-10 6.004e-10 1.001e-09 8.006e-10 8.006e-10 1.201e-09 6.004e-10
3.603e-09 4.003e-09 7.005e-09 8.206e-09 1.101e-08 1.841e-08 3.002e-08 2.242e-08 1.421e-08 6.205e-09 6.004e-09 1.401e-09 1.201e-09 8.006e-10 1.601e-09 6.004e-10 1.001e-09 1.401e-09 1.001e-09 8.006e-10
4.603e-09 3.803e-09 7.806e-09 1.081e-08 1.701e-08 3.723e-08 1.179e-07 1.261e-07 2.742e-08 7.005e-09 2.802e-09 2.802e-09 1.601e-09 1.201e-09 6.004e-10 1.401e-09 6.004e-10 1.601e-09 8.006e-10 1.401e-09
3.403e-09 5.604e-09 6.405e-09 8.606e-09 1.861e-08 5.504e-08 3.663e-07 2.057e-06 4.523e-08 8.406e-09 3.002e-09 1.801e-09 1.201e-09 1.201e-09 1.401e-09 8.006e-10 8.006e-10 4.003e-10 1.401e-09 4.003e-10
3.403e-09 3.202e-09 6.004e-09 7.406e-09 1.281e-08 3.523e-08 8.706e-08 1.055e-07 2.562e-08 9.007e-09 3.603e-09 1.801e-09 1.201e-09 1.401e-09 4.003e-10 4.003e-10 8.006e-10 1.001e-09 8.006e-10 8.006e-10
2.602e-09 4.804e-09 3.002e-09 4.403e-09 8.406e-09 1.221e-08 1.681e-08 1.841e-08 1.021e-08 4.403e-09 2.402e-09 2.001e-09 1.201e-09 1.201e-09 1.201e-09 1.201e-09 2.001e-10 1.001e-09 1.001e-09 1.201e-09
2.602e-09 2.001e-09 5.004e-09 4.203e-09 3.002e-09 6.205e-09 7.606e-09 5.004e-09 5.404e-09 2.602e-09 3.002e-09 1.401e-09 6.004e-10 1.001e-09 6.004e-10 6.004e-10 8.006e-10 8.006e-10 8.006e-10 6.004e-10
1.601e-09 2.402e-09 2.802e-09 3.603e-09 3.002e-09 2.001e-09 3.202e-09 3.202e-09 3.002e-09 2.001e-09 1.201e-09 6.004e-10 8.006e-10 1.401e-09 2.001e-09 2.001e-10 1.001e-09 8.006e-10 1.001e-09 1.401e-09
2.602e-09 2.602e-09 2.802e-09 1.801e-09 5.604e-09 3.403e-09 3.603e-09 2.001e-09 1.601e-09 1.801e-09 1.401e-09 6.004e-10 8.006e-10 1.601e-09 6.004e-10 8.006e-10 8.006e-10 6.004e-10 8.006e-10 1.801e-09
1.201e-09 1.001e-09 2.402e-09 1.201e-09 1.001e-09 2.202e-09 2.402e-09 2.202e-09 8.006e-10 1.201e-09 1.001e-09 1.401e-09 1.001e-09 1.001e-09 2.001e-10 1.001e-09 4.003e-10 8.006e-10 6.004e-10 6.004e-10
1.201e-09 1.001e-09 8.006e-10 2.001e-09 1.401e-09 1.201e-09 1.601e-09 6.004e-10 1.601e-09 1.001e-09 1.801e-09 1.601e-09 1.201e-09 1.401e-09 6.004e-10 6.004e-10 8.006e-10 1.201e-09 4.003e-10 8.006e-10
1.801e-09 1.601e-09 2.602e-09 1.201e-09 1.801e-09 1.801e-09 1.601e-09 6.004e-10 4.003e-10 1.201e-09 1.201e-09 4.003e-10 1.001e-09 2.001e-10 1.401e-09 1.401e-09 1.401e-09 1.001e-09 1.001e-09 1.201e-09
1.601e-09 6.004e-10 1.001e-09 1.401e-09 2.202e-09 2.001e-09 8.006e-10 1.001e-09 1.601e-09 6.004e-10 1.401e-09 1.601e-09 1.001e-09 2.001e-10 8.006e-10 1.001e-09 8.006e-10 1.001e-09 1.801e-09 8.006e-10
1.801e-09 1.401e-09 1.201e-09 1.001e-09 1.601e-09 1.401e-09 8.006e-10 8.006e-10 4.003e-10 2.001e-10 1.001e-09 1.001e-09 1.201e-09 6.004e-10 6.004e-10 4.003e-10 1.401e-09 1.001e-09 1.201e-09 1.201e-09
4.003e-10 1.601e-09 1.401e-09 1.801e-09 4.003e-10 8.006e-10 8.006e-10 8.006e-10 6.004e-10 1.001e-09 8.006e-10 8.006e-10 1.201e-09 4.003e-10 6.004e-10 1.601e-09 1.001e-09 6.004e-10 4.003e-10 1.001e-09
# 2D Marginal for parameters xcen and depth with ranges 4.2200e+05 4.3200e+05 and 2.0001e+03 6.9999e+03
2.802e-09 1.201e-09 1.201e-09 1.201e-09 1.601e-09 2.001e-09 1.601e-09 4.003e-10 8.006e-10 1.201e-09 2.001e-09 1.201e-09 3.202e-09 2.802e-09 3.202e-09 2.001e-09 3.603e-09 2.802e-09 2.402e-09 2.402e-09
8.006e-10 2.001e-09 3.202e-09 8.006e-10 2.402e-09 1.201e-09 1.601e-09 2.802e-09 1.601e-09 4.403e-09 2.001e-09 4.003e-09 3.202e-09 1.201e-09 1.201e-09 3.603e-09 4.804e-09 2.802e-09 4.804e-09 2.802e-09
1.601e-09 2.802e-09 8.006e-10 1.601e-09 2.802e-09 2.001e-09 2.402e-09 2.001e-09 2.001e-09 2.802e-09 3.603e-09 3.603e-09 5.204e-09 2.402e-09 3.202e-09 5.604e-09 6.004e-09 3.202e-09 4.003e-09 4.003e-09
2.802e-09 2.802e-09 2.001e-09 2.402e-09 4.804e-09 2.402e-09 1.601e-09 1.601e-09 4.804e-09 4.804e-09 4.804e-09 4.003e-09 3.202e-09 4.403e-09 4.804e-09 6.004e-09 4.003e-09 4.003e-09 4.003e-09 4.804e-09
1.201e-09 2.001e-09 2.802e-09 5.204e-09 3.202e-09 3.603e-09 1.601e-09 2.402e-09 2.802e-09 4.003e-09 3.603e-09 6.405e-09 6.805e-09 6.405e-09 9.207e-09 8.806e-09 6.405e-09 7.606e-09 5.204e-09 5.204e-09
3.603e-09 2.802e-09 2.001e-09 2.802e-09 3.603e-09 5.204e-09 5.204e-09 5.604e-09 6.004e-09 6.004e-09 8.406e-09 8.406e-09 7.606e-09 1.081e-08 9.607e-09 1.401e-08 1.201e-08 8.806e-09 1.321e-08 1.161e-08
4.403e-09 6.805e-09 5.204e-09 6.004e-09 9.207e-09 1.441e-08 1.561e-08 1.521e-08 2.042e-08 1.641e-08 1.761e-08 1.641e-08 1.401e-08 2.042e-08 2.402e-08 1.561e-08 2.042e-08 1.361e-08 1.241e-08 1.361e-08
3.603e-09 8.806e-09 5.604e-09 1.001e-08 1.481e-08 2.962e-08 5.964e-08 8.046e-08 9.167e-08 8.606e-08 6.205e-08 5.764e-08 4.163e-08 4.523e-08 4.163e-08 3.763e-08 2.522e-08 1.921e-08 1.841e-08 1.001e-08
5.604e-09 7.205e-09 9.207e-09 1.801e-08 1.921e-08 4.323e-08 3.479e-07 2.767e-06 1.004e-06 3.495e-07 1.677e-07 1.041e-07 6.525e-08 5.604e-08 6.084e-08 4.523e-08 4.563e-08 2.442e-08 1.881e-08 1.441e-08
4.403e-09 4.403e-09 4.403e-09 7.205e-09 1.441e-08 1.801e-08 4.163e-08 6.285e-08 7.405e-08 7.806e-08 5.324e-08 4.083e-08 3.683e-08 3.042e-08 3.923e-08 3.242e-08 2.642e-08 2.282e-08 1.241e-08 1.081e-08
4.403e-09 3.202e-09 5.204e-09 4.403e-09 6.004e-09 9.207e-09 9.207e-09 1.441e-08 6.405e-09 1.401e-08 1.681e-08 8.406e-09 9.607e-09 1.241e-08 1.281e-08 1.281e-08 1.681e-08 1.241e-08 8.806e-09 8.406e-09
1.601e-09 4.003e-09 2.402e-09 2.802e-09 2.802e-09 6.004e-09 2.402e-09 5.604e-09 4.403e-09 4.403e-09 5.204e-09 4.403e-09 8.406e-09 6.405e-09 8.806e-09 1.081e-08 8.406e-09 6.805e-09 4.804e-09 7.205e-09
2.001e-09 3.202e-09 3.202e-09 4.003e-09 4.003e-09 2.402e-09 2.402e-09 1.201e-09 2.402e-09 3.603e-09 4.003e-09 4.804e-09 5.604e-09 3.603e-09 8.806e-09 3.603e-09 3.603e-09 3.202e-09 3.603e-09 5.204e-09
2.402e-09 2.402e-09 2.802e-09 3.202e-09 3.202e-09 5.204e-09 3.202e-09 2.001e-09 3.202e-09 3.603e-09 5.604e-09 4.403e-09 5.604e-09 3.202e-09 5.204e-09 5.204e-09 3.603e-09 3.202e-09 4.003e-09 4.003e-09
2.402e-09 2.802e-09 2.402e-09 1.201e-09 1.601e-09 4.003e-10 2.402e-09 2.402e-09 8.006e-10 1.201e-09 2.402e-09 3.202e-09 3.202e-09 3.603e-09 3.202e-09 3.603e-09 2.802e-09 2.802e-09 2.402e-09 2.402e-09
3.202e-09 2.402e-09 3.202e-09 1.601e-09 1.201e-09 2.402e-09 1.601e-09 4.003e-10 2.802e-09 2.402e-09 4.003e-09 2.001e-09 2.802e-09 3.603e-09 1.601e-09 2.802e-09 2.402e-09 2.402e-09 2.001e-09 8.006e-10
1.201e-09 1.201e-09 1.601e-09 2.802e-09 4.403e-09 1.601e-09 2.802e-09 8.006e-10 8.006e-10 3.603e-09 2.802e-09 2.802e-09 1.601e-09 2.402e-09 4.003e-09 2.802e-09 3.603e-09 2.001e-09 2.001e-09 4.804e-09
1.201e-09 4.003e-10 2.001e-09 2.001e-09 2.402e-09 2.001e-09 3.202e-09 3.202e-09 2.402e-09 3.603e-09 3.603e-09 2.802e-09 1.201e-09 2.001e-09 1.601e-09 3.603e-09 2.001e-09 3.603e-09 2.402e-09 1.201e-09
1.201e-09 2.001e-09 1.201e-09 2.402e-09 2.001e-09 8.006e-10 8.006e-10 8.006e-10 2.802e-09 1.201e-09 1.601e-09 2.001e-09 4.003e-09 2.402e-09 1.601e-09 4.403e-09 2.001e-09 1.201e-09 2.802e-09 3.202e-09
2.802e-09 1.201e-09 2.001e-09 4.003e-10 1.601e-09 1.201e-09 3.603e-09 2.001e-09 1.601e-09 1.601e-09 1.201e-09 2.802e-09 2.001e-09 2.402e-09 4.003e-10 2.402e-09 2.802e-09 2.001e-09 1.201e-09 8.006e-10
# 2D Marginal for parameters xcen and radius with ranges 4.2200e+05 4.3200e+05 and 5.0003e+02 3.9872e+03
8.035e-09 5.165e-09 5.165e-09 5.739e-09 5.739e-09 4.592e-09 2.296e-09 2.296e-09 1.722e-09 2.296e-09 2.296e-09 0.000e+00 1.722e-09 1.148e-09 1.722e-09 5.739e-10 5.739e-10 2.296e-09 1.148e-09 2.296e-09
5.165e-09 7.461e-09 5.739e-09 6.887e-09 7.461e-09 3.444e-09 4.018e-09 5.165e-09 4.592e-09 2.870e-09 2.296e-09 2.296e-09 4.592e-09 0.000e+00 2.870e-09 5.739e-10 3.444e-09 1.722e-09 1.722e-09 1.148e-09
1.263e-08 7.461e-09 9.757e-09 8.035e-09 6.887e-09 5.165e-09 5.739e-09 5.739e-09 4.018e-09 1.722e-09 2.296e-09 3.444e-09 2.296e-09 4.018e-09 2.296e-09 1.148e-09 1.722e-09 2.296e-09 1.148e-09 5.739e-10
1.090e-08 2.124e-08 1.205e-08 1.090e-08 5.165e-09 6.313e-09 2.296e-09 6.887e-09 5.165e-09 5.165e-09 4.018e-09 1.722e-09 2.296e-09 2.296e-09 2.870e-09 5.739e-10 5.739e-10 5.739e-10 2.870e-09 2.296e-09
1.779e-08 1.492e-08 2.181e-08 1.951e-08 1.492e-08 9.757e-09 8.609e-09 4.592e-09 5.165e-09 4.018e-09 2.296e-09 2.296e-09 1.722e-09 2.296e-09 1.148e-09 5.739e-10 5.739e-10 1.148e-09 0.000e+00 2.296e-09
1.722e-08 2.870e-08 3.099e-08 2.468e-08 2.181e-08 1.837e-08 1.607e-08 7.461e-09 8.609e-09 5.739e-09 5.165e-09 3.444e-09 4.592e-09 2.296e-09 5.165e-09 2.870e-09 4.018e-09 1.722e-09 1.148e-09 1.148e-09
2.583e-08 5.969e-08 7.002e-08 5.854e-08 4.649e-08 3.788e-08 3.386e-08 1.894e-08 1.492e-08 6.887e-09 6.313e-09 5.739e-09 3.444e-09 2.296e-09 1.722e-09 5.739e-10 4.018e-09 2.870e-09 1.148e-09 2.870e-09
4.419e-08 1.131e-07 2.032e-07 2.256e-07 1.555e-07 9.585e-08 8.035e-08 5.567e-08 3.903e-08 1.492e-08 1.205e-08 1.205e-08 6.887e-09 4.018e-09 1.722e-09 4.018e-09 2.870e-09 0.000e+00 5.739e-10 2.296e-09
3.788e-08 3.340e-07 2.263e-06 3.175e-06 1.050e-06 1.687e-07 1.418e-07 1.022e-07 6.830e-08 2.812e-08 1.951e-08 8.609e-09 5.165e-09 3.444e-09 0.000e+00 4.018e-09 4.592e-09 5.739e-10 5.739e-10 1.722e-09
4.075e-08 8.953e-08 1.613e-07 1.865e-07 1.383e-07 7.519e-08 5.280e-08 4.477e-08 3.558e-08 1.837e-08 1.033e-08 8.035e-09 6.887e-09 2.296e-09 2.296e-09 2.296e-09 1.148e-09 2.296e-09 5.739e-10 2.296e-09
2.583e-08 3.329e-08 3.444e-08 4.419e-08 3.673e-08 2.812e-08 1.492e-08 2.525e-08 9.183e-09 4.592e-09 2.296e-09 5.165e-09 6.313e-09 5.739e-10 3.444e-09 4.018e-09 1.722e-09 0.000e+00 5.739e-10 0.000e+00
1.722e-08 2.124e-08 2.755e-08 1.951e-08 1.320e-08 1.607e-08 9.757e-09 5.739e-09 4.592e-09 2.870e-09 1.722e-09 3.444e-09 2.296e-09 5.739e-10 1.148e-09 1.148e-09 2.296e-09 1.722e-09 1.148e-09 1.148e-09
8.609e-09 1.550e-08 1.435e-08 1.664e-08 8.609e-09 6.887e-09 3.444e-09 5.165e-09 4.018e-09 2.870e-09 4.592e-09 2.870e-09 2.296e-09 1.148e-09 0.000e+00 0.000e+00 5.739e-10 4.592e-09 2.296e-09 2.296e-09
1.779e-08 1.492e-08 1.090e-08 1.377e-08 9.183e-09 7.461e-09 6.887e-09 4.592e-09 1.722e-09 2.870e-09 1.722e-09 1.722e-09 2.296e-09 1.148e-09 1.722e-09 5.739e-10 2.296e-09 2.296e-09 2.296e-09 1.722e-09
1.033e-08 7.461e-09 6.313e-09 7.461e-09 5.165e-09 7.461e-09 5.739e-10 4.592e-09 1.722e-09 2.870e-09 1.722e-09 5.739e-10 1.722e-09 1.722e-09 5.739e-10 1.722e-09 5.739e-10 1.148e-09 1.722e-09 2.296e-09
8.609e-09 6.313e-09 8.609e-09 9.183e-09 2.870e-09 6.313e-09 1.722e-09 2.296e-09 2.870e-09 1.148e-09 1.148e-09 2.870e-09 0.000e+00 5.739e-10 5.739e-10 1.722e-09 1.722e-09 2.870e-09 1.148e-09 2.870e-09
1.205e-08 4.018e-09 4.018e-09 4.592e-09 7.461e-09 5.165e-09 6.887e-09 1.148e-09 3.444e-09 2.870e-09 6.313e-09 1.722e-09 1.148e-09 4.592e-09 2.296e-09 1.148e-09 1.148e-09 0.000e+00 5.739e-10 5.739e-10
1.033e-08 5.739e-09 7.461e-09 6.887e-09 4.018e-09 3.444e-09 3.444e-09 1.148e-09 4.018e-09 2.296e-09 2.870e-09 1.722e-09 2.296e-09 2.296e-09 5.739e-10 1.148e-09 2.870e-09 1.148e-09 1.148e-09 1.722e-09
9.183e-09 5.739e-09 5.165e-09 4.592e-09 3.444e-09 2.870e-09 4.018e-09 2.296e-09 1.148e-09 2.870e-09 5.739e-10 2.296e-09 1.722e-09 2.296e-09 1.148e-09 3.444e-09 1.722e-09 1.722e-09 5.739e-10 1.148e-09
5.739e-09 5.739e-09 4.592e-09 4.018e-09 4.592e-09 1.148e-09 2.870e-09 5.739e-10 2.296e-09 2.296e-09 1.148e-09 1.722e-09 1.722e-09 2.870e-09 2.296e-09 2.296e-09 5.739e-10 1.722e-09 1.722e-09 1.722e-09
# 2D Marginal for parameters xcen and dP_mu with ranges 4.2200e+05 4.3200e+05 and 1.0056e-04 9.9956e-03
4.045e-04 1.416e-03 1.618e-03 2.023e-03 1.011e-03 1.416e-03 1.416e-03 2.023e-04 8.091e-04 8.091e-04 1.820e-03 1.416e-03 4.045e-04 1.011e-03 6.068e-04 4.045e-04 6.068e-04 6.068e-04 8.091e-04 1.214e-03
2.629e-03 2.023e-03 8.091e-04 1.214e-03 1.416e-03 1.618e-03 1.416e-03 1.618e-03 1.011e-03 1.618e-03 2.023e-03 1.214e-03 8.091e-04 1.416e-03 8.091e-04 8.091e-04 1.214e-03 1.011e-03 4.045e-04 8.091e-04
2.832e-03 3.236e-03 2.023e-03 2.225e-03 1.618e-03 1.618e-03 1.214e-03 6.068e-04 1.618e-03 1.214e-03 1.416e-03 2.225e-03 1.618e-03 1.214e-03 1.618e-03 8.091e-04 6.068e-04 1.416e-03 8.091e-04 1.214e-03
3.438e-03 3.034e-03 2.023e-03 2.023e-03 1.618e-03 2.225e-03 1.214e-03 2.225e-03 1.618e-03 1.618e-03 1.820e-03 1.416e-03 2.427e-03 1.214e-03 2.427e-03 2.225e-03 1.011e-03 2.023e-03 8.091e-04 1.011e-03
3.843e-03 4.248e-03 3.843e-03 3.641e-03 2.427e-03 2.225e-03 2.023e-03 1.416e-03 1.011e-03 1.214e-03 2.023e-03 2.225e-03 2.832e-03 1.618e-03 2.427e-03 2.225e-03 2.225e-03 2.225e-03 1.618e-03 2.427e-03
8.293e-03 5.259e-03 7.686e-03 4.248e-03 3.843e-03 3.641e-03 3.236e-03 4.248e-03 2.023e-03 3.034e-03 3.438e-03 4.248e-03 3.236e-03 2.629e-03 2.832e-03 2.225e-03 2.225e-03 3.236e-03 2.427e-03 2.427e-03
1.092e-02 1.355e-02 1.497e-02 8.293e-03 8.091e-03 6.675e-03 7.888e-03 6.068e-03 5.461e-03 7.686e-03 3.843e-03 6.068e-03 5.866e-03 6.472e-03 6.877e-03 5.663e-03 3.843e-03 5.259e-03 4.045e-03 4.854e-03
2.670e-02 3.236e-02 3.600e-02 3.115e-02 3.823e-02 3.701e-02 2.407e-02 1.456e-02 1.294e-02 1.557e-02 1.679e-02 1.254e-02 1.618e-02 1.294e-02 1.294e-02 8.900e-03 1.214e-02 7.888e-03 4.450e-03 5.057e-03
4.025e-02 5.805e-02 6.129e-02 1.390e-01 5.518e-01 4.905e-01 3.145e-01 7.221e-02 3.040e-01 2.803e-01 1.106e-01 1.922e-02 3.722e-02 3.459e-02 2.023e-02 2.933e-02 2.892e-02 8.900e-03 5.057e-03 8.091e-03
1.739e-02 2.933e-02 2.164e-02 2.488e-02 3.782e-02 3.095e-02 2.508e-02 1.133e-02 1.355e-02 1.638e-02 1.537e-02 9.304e-03 1.072e-02 1.112e-02 7.484e-03 5.663e-03 5.866e-03 4.854e-03 4.854e-03 7.079e-03
8.495e-03 9.102e-03 1.011e-02 8.293e-03 6.270e-03 7.079e-03 4.248e-03 6.270e-03 3.641e-03 5.057e-03 4.854e-03 3.641e-03 3.236e-03 2.629e-03 2.832e-03 2.225e-03 2.629e-03 2.832e-03 2.427e-03 3.034e-03
5.259e-03 5.461e-03 3.438e-03 4.045e-03 3.236e-03 3.034e-03 4.450e-03 2.629e-03 3.641e-03 3.034e-03 2.427e-03 1.416e-03 1.618e-03 2.023e-03 1.214e-03 1.618e-03 1.416e-03 1.011e-03 1.214e-03 2.225e-03
3.438e-03 3.438e-03 1.214e-03 2.023e-03 1.214e-03 2.427e-03 2.629e-03 1.011e-03 2.225e-03 2.832e-03 1.214e-03 1.820e-03 3.641e-03 8.091e-04 2.023e-03 4.045e-04 1.416e-03 1.214e-03 6.068e-04 2.023e-03
3.843e-03 2.832e-03 1.820e-03 3.236e-03 2.427e-03 1.820e-03 1.820e-03 1.820e-03 2.225e-03 2.225e-03 2.023e-03 1.416e-03 1.214e-03 1.214e-03 1.618e-03 1.416e-03 1.214e-03 8.091e-04 1.618e-03 1.416e-03
3.438e-03 2.629e-03 1.011e-03 1.618e-03 2.023e-03 1.214e-03 1.214e-03 6.068e-04 1.214e-03 8.091e-04 1.011e-03 1.011e-03 8.091e-04 1.214e-03 6.068e-04 8.091e-04 8.091e-04 6.068e-04 8.091e-04 4.045e-04
3.438e-03 1.416e-03 1.214e-03 1.011e-03 6.068e-04 2.023e-04 1.618e-03 2.225e-03 1.011e-03 8.091e-04 6.068e-04 8.091e-04 1.011e-03 1.618e-03 1.214e-03 1.011e-03 6.068e-04 6.068e-04 8.091e-04 1.214e-03
4.045e-03 6.068e-04 2.832e-03 1.618e-03 1.416e-03 2.023e-03 8.091e-04 1.011e-03 1.011e-03 6.068e-04 1.416e-03 1.214e-03 8.091e-04 8.091e-04 8.091e-04 1.214e-03 1.416e-03 4.045e-04 8.091e-04 2.023e-04
2.225e-03 6.068e-04 1.618e-03 8.091e-04 1.618e-03 8.091e-04 1.416e-03 1.214e-03 1.416e-03 1.011e-03 1.214e-03 1.214e-03 6.068e-04 1.618e-03 6.068e-04 1.416e-03 1.214e-03 1.214e-03 6.068e-04 1.011e-03
8.091e-04 1.011e-03 8.091e-04 6.068e-04 1.011e-03 1.214e-03 2.225e-03 8.091e-04 1.214e-03 8.091e-04 4.045e-04 1.011e-03 0.000e+00 1.011e-03 2.225e-03 1.416e-03 1.214e-03 1.011e-03 8.091e-04 8.091e-04
1.011e-03 1.416e-03 8.091e-04 4.045e-04 1.011e-03 1.011e-03 1.416e-03 1.214e-03 1.214e-03 8.091e-04 8.091e-04 8.091e-04 1.011e-03 6.068e-04 1.214e-03 0.000e+00 1.416e-03 1.618e-03 0.000e+00 4.045e-04
# 2D Marginal for parameters ycen and depth with ranges 4.5150e+06 4.5250e+06 and 2.0001e+03 6.9999e+03
4.000e-10 1.600e-09 2.800e-09 2.400e-09 2.000e-09 4.000e-09 4.000e-09 2.000e-09 3.200e-09 6.400e-09 3.200e-09 4.000e-09 5.600e-09 5.600e-09 6.400e-09 7.200e-09 8.001e-09 5.200e-09 4.400e-09 9.201e-09
1.200e-09 3.600e-09 2.800e-09 3.200e-09 2.400e-09 2.000e-09 2.800e-09 2.400e-09 4.000e-09 6.000e-09 4.000e-09 5.600e-09 8.001e-09 3.600e-09 8.801e-09 1.000e-08 5.200e-09 6.400e-09 8.801e-09 6.400e-09
4.000e-09 4.800e-09 2.000e-09 4.000e-09 3.200e-09 5.200e-09 6.800e-09 5.200e-09 6.000e-09 5.600e-09 8.401e-09 7.600e-09 7.200e-09 8.401e-09 8.401e-09 1.000e-08 9.201e-09 6.400e-09 8.001e-09 9.201e-09
3.600e-09 2.800e-09 4.000e-09 3.600e-09 1.600e-09 3.200e-09 4.400e-09 3.600e-09 8.401e-09 6.400e-09 1.080e-08 1.360e-08 9.201e-09 9.601e-09 1.400e-08 1.480e-08 8.001e-09 9.601e-09 6.800e-09 7.200e-09
4.000e-09 4.800e-09 4.000e-09 3.600e-09 3.600e-09 8.401e-09 7.600e-09 1.000e-08 8.401e-09 1.240e-08 1.680e-08 1.320e-08 1.720e-08 1.720e-08 2.640e-08 2.120e-08 1.480e-08 1.120e-08 8.801e-09 1.000e-08
2.800e-09 5.600e-09 5.200e-09 8.801e-09 8.001e-09 1.080e-08 2.080e-08 1.960e-08 1.480e-08 3.040e-08 3.000e-08 3.240e-08 2.880e-08 3.040e-08 3.640e-08 3.400e-08 3.320e-08 2.240e-08 1.840e-08 1.320e-08
5.200e-09 4.000e-09 5.200e-09 1.040e-08 1.760e-08 3.000e-08 9.121e-08 1.608e-07 2.232e-07 2.216e-07 1.380e-07 8.961e-08 6.360e-08 5.920e-08 6.240e-08 4.760e-08 4.040e-08 2.360e-08 1.560e-08 1.400e-08
6.400e-09 1.040e-08 8.401e-09 1.760e-08 2.120e-08 5.040e-08 3.212e-07 2.707e-06 9.109e-07 2.556e-07 1.128e-07 7.921e-08 5.160e-08 3.960e-08 3.360e-08 2.800e-08 2.680e-08 2.040e-08 1.600e-08 1.360e-08
4.800e-09 2.000e-09 4.800e-09 8.801e-09 1.600e-08 1.840e-08 3.040e-08 3.280e-08 3.080e-08 2.160e-08 1.880e-08 1.360e-08 1.120e-08 1.520e-08 1.840e-08 1.560e-08 2.560e-08 8.001e-09 1.080e-08 6.000e-09
3.200e-09 3.200e-09 3.600e-09 2.000e-09 8.801e-09 2.800e-09 3.600e-09 7.200e-09 5.200e-09 4.800e-09 6.800e-09 4.400e-09 5.600e-09 8.001e-09 1.120e-08 8.001e-09 7.600e-09 8.801e-09 8.001e-09 3.600e-09
3.200e-09 3.600e-09 2.400e-09 1.600e-09 3.600e-09 4.800e-09 5.200e-09 1.200e-09 6.000e-09 2.800e-09 5.200e-09 3.600e-09 3.200e-09 5.200e-09 4.400e-09 5.200e-09 4.400e-09 8.001e-09 4.800e-09 4.000e-09
8.001e-10 2.400e-09 2.000e-09 2.000e-09 4.000e-10 2.800e-09 1.600e-09 3.200e-09 3.600e-09 2.800e-09 3.600e-09 2.000e-09 3.200e-09 4.000e-09 1.200e-09 2.800e-09 3.200e-09 4.800e-09 2.400e-09 5.200e-09
8.001e-10 2.400e-09 1.600e-09 3.200e-09 3.600e-09 1.600e-09 1.600e-09 2.400e-09 1.200e-09 2.800e-09 2.000e-09 8.001e-10 2.000e-09 2.000e-09 3.200e-09 2.400e-09 1.600e-09 3.200e-09 3.600e-09 1.600e-09
4.000e-10 2.000e-09 2.000e-09 3.200e-09 2.800e-09 1.600e-09 2.000e-09 2.800e-09 2.400e-09 2.000e-09 1.600e-09 1.200e-09 1.600e-09 3.200e-09 2.000e-09 2.000e-09 2.800e-09 1.200e-09 8.001e-10 4.000e-10
2.400e-09 2.000e-09 8.001e-10 8.001e-10 1.600e-09 1.200e-09 1.600e-09 2.400e-09 1.200e-09 1.600e-09 2.000e-09 2.000e-09 1.600e-09 1.600e-09 2.000e-09 2.800e-09 2.000e-09 1.600e-09 1.200e-09 3.200e-09
2.000e-09 8.001e-10 3.200e-09 1.200e-09 8.001e-10 2.000e-09 1.600e-09 1.600e-09 8.001e-10 1.200e-09 4.000e-10 2.000e-09 2.800e-09 2.000e-09 1.200e-09 8.001e-10 1.600e-09 1.600e-09 2.000e-09 8.001e-10
3.200e-09 1.600e-09 1.600e-09 1.600e-09 1.200e-09 1.600e-09 4.000e-10 8.001e-10 0.000e+00 1.600e-09 2.800e-09 2.000e-09 8.001e-10 1.600e-09 4.000e-10 1.600e-09 1.200e-09 2.000e-09 1.200e-09 4.000e-09
1.600e-09 2.000e-09 8.001e-10 8.001e-10 2.400e-09 0.000e+00 8.001e-10 1.200e-09 2.400e-09 1.600e-09 2.400e-09 2.000e-09 1.600e-09 1.200e-09 2.000e-09 2.400e-09 2.400e-09 2.400e-09 3.600e-09 2.400e-09
1.200e-09 1.600e-09 3.200e-09 4.000e-10 1.600e-09 1.600e-09 1.200e-09 1.600e-09 1.600e-09 2.000e-09 4.000e-10 2.000e-09 2.400e-09 2.400e-09 1.200e-09 2.800e-09 2.800e-09 1.200e-09 2.400e-09 1.200e-09
2.000e-09 2.400e-09 2.000e-09 8.001e-10 2.800e-09 4.000e-10 1.200e-09 2.800e-09 1.200e-09 2.800e-09 2.000e-09 3.200e-09 3.600e-09 2.000e-09 1.200e-09 3.600e-09 1.600e-09 8.001e-10 2.000e-09 2.400e-09
# 2D Marginal for parameters ycen and radius with ranges 4.5150e+06 4.5250e+06 and 5.0003e+02 3.9872e+03
1.147e-08 9.750e-09 1.721e-08 1.835e-08 9.750e-09 8.030e-09 6.309e-09 6.309e-09 6.883e-09 5.736e-09 2.868e-09 4.588e-09 4.588e-09 2.868e-09 1.721e-09 2.868e-09 1.147e-09 1.721e-09 1.147e-09 2.294e-09
1.491e-08 1.434e-08 2.065e-08 1.319e-08 1.549e-08 1.032e-08 9.750e-09 5.736e-09 3.441e-09 4.015e-09 5.736e-09 3.441e-09 2.868e-09 2.294e-09 4.015e-09 5.736e-10 1.721e-09 1.721e-09 2.294e-09 2.868e-09
1.778e-08 2.524e-08 2.925e-08 2.868e-08 1.721e-08 1.377e-08 5.162e-09 8.030e-09 7.456e-09 3.441e-09 6.883e-09 4.015e-09 2.294e-09 3.441e-09 1.721e-09 1.721e-09 2.294e-09 2.868e-09 2.294e-09 2.294e-09
2.122e-08 2.696e-08 3.327e-08 3.155e-08 2.065e-08 1.377e-08 1.204e-08 7.456e-09 7.456e-09 8.030e-09 3.441e-09 2.868e-09 5.162e-09 5.736e-10 4.588e-09 5.736e-10 3.441e-09 2.868e-09 1.147e-09 1.147e-09
3.155e-08 4.130e-08 5.162e-08 4.531e-08 3.097e-08 3.155e-08 1.778e-08 1.549e-08 1.491e-08 1.147e-08 5.736e-09 5.736e-09 6.309e-09 0.000e+00 2.868e-09 1.721e-09 2.868e-09 1.721e-09 1.147e-09 5.736e-10
3.384e-08 6.022e-08 9.808e-08 9.808e-08 8.145e-08 6.711e-08 3.728e-08 3.556e-08 2.352e-08 1.204e-08 6.883e-09 9.750e-09 6.309e-09 4.588e-09 5.736e-10 2.868e-09 5.736e-10 1.147e-09 5.736e-10 1.721e-09
4.302e-08 1.566e-07 3.459e-07 5.070e-07 3.751e-07 1.451e-07 1.227e-07 8.259e-08 5.678e-08 2.065e-08 1.434e-08 8.030e-09 6.883e-09 2.294e-09 2.294e-09 3.441e-09 5.736e-10 1.147e-09 1.147e-09 1.721e-09
4.933e-08 3.149e-07 2.137e-06 2.972e-06 8.816e-07 1.193e-07 1.130e-07 8.030e-08 5.678e-08 1.778e-08 1.319e-08 8.030e-09 2.868e-09 4.588e-09 2.294e-09 2.294e-09 3.441e-09 0.000e+00 2.868e-09 2.294e-09
2.925e-08 5.908e-08 8.603e-08 6.940e-08 5.449e-08 4.359e-08 3.556e-08 2.696e-08 1.262e-08 6.883e-09 7.456e-09 4.015e-09 4.015e-09 3.441e-09 5.736e-10 2.868e-09 5.736e-10 5.736e-10 0.000e+00 2.294e-09
1.721e-08 2.466e-08 2.868e-08 1.778e-08 1.549e-08 1.663e-08 1.434e-08 2.868e-09 2.868e-09 4.588e-09 4.015e-09 3.441e-09 4.015e-09 1.721e-09 2.868e-09 1.147e-09 2.868e-09 0.000e+00 1.147e-09 5.736e-10
1.377e-08 1.204e-08 1.721e-08 1.090e-08 1.147e-08 1.090e-08 5.162e-09 9.750e-09 4.588e-09 5.162e-09 2.294e-09 5.736e-10 5.736e-10 2.868e-09 1.721e-09 5.736e-10 3.441e-09 2.294e-09 1.147e-09 1.721e-09
9.177e-09 9.177e-09 9.750e-09 9.750e-09 6.309e-09 5.162e-09 2.294e-09 2.294e-09 3.441e-09 2.294e-09 5.736e-10 5.736e-10 3.441e-09 1.721e-09 1.721e-09 2.294e-09 2.294e-09 1.147e-09 1.721e-09 2.294e-09
7.456e-09 1.434e-08 2.294e-09 4.015e-09 2.868e-09 4.015e-09 1.147e-09 5.736e-09 3.441e-09 5.736e-10 3.441e-09 1.721e-09 1.721e-09 1.721e-09 5.736e-10 5.736e-10 3.441e-09 2.868e-09 0.000e+00 5.736e-10
7.456e-09 4.588e-09 5.162e-09 4.015e-09 2.294e-09 3.441e-09 4.015e-09 2.294e-09 2.294e-09 1.147e-09 2.294e-09 2.294e-09 1.721e-09 1.721e-09 0.000e+00 2.868e-09 1.147e-09 1.721e-09 2.868e-09 1.147e-09
7.456e-09 5.736e-09 2.868e-09 6.883e-09 2.294e-09 4.588e-09 1.721e-09 1.147e-09 5.162e-09 0.000e+00 5.736e-10 4.015e-09 1.721e-09 1.721e-09 5.736e-10 5.736e-10 0.000e+00 2.294e-09 5.736e-10 1.147e-09
8.030e-09 4.588e-09 3.441e-09 1.147e-09 2.868e-09 2.294e-09 2.294e-09 1.147e-09 5.736e-10 3.441e-09 0.000e+00 5.736e-10 2.868e-09 1.721e-09 1.147e-09 5.736e-10 2.868e-09 1.147e-09 0.000e+00 2.868e-09
6.309e-09 4.015e-09 3.441e-09 1.721e-09 3.441e-09 1.147e-09 2.294e-09 2.868e-09 2.294e-09 1.721e-09 3.441e-09 1.147e-09 1.147e-09 1.147e-09 5.736e-10 1.147e-09 1.721e-09 2.294e-09 1.721e-09 1.147e-09
4.588e-09 4.015e-09 4.588e-09 4.588e-09 3.441e-09 3.441e-09 2.868e-09 2.868e-09 2.868e-09 4.015e-09 3.441e-09 2.294e-09 5.736e-10 5.736e-10 2.294e-09 2.294e-09 1.147e-09 5.736e-10 5.736e-10 5.736e-10
4.588e-09 5.162e-09 4.588e-09 1.721e-09 5.162e-09 2.294e-09 2.294e-09 1.721e-09 1.721e-09 2.294e-09 1.721e-09 2.868e-09 1.721e-09 2.294e-09 1.147e-09 2.294e-09 1.721e-09 1.721e-09 5.736e-10 2.294e-09
7.456e-09 4.015e-09 3.441e-09 4.015e-09 4.588e-09 3.441e-09 4.015e-09 5.162e-09 2.868e-09 2.294e-09 2.294e-09 1.721e-09 5.736e-10 5.736e-10 2.294e-09 1.147e-09 1.721e-09 2.868e-09 1.147e-09 2.868e-09
# 2D Marginal for parameters ycen and dP_mu with ranges 4.5150e+06 4.5250e+06 and 1.0056e-04 9.9956e-03
4.245e-03 4.447e-03 2.830e-03 2.426e-03 2.628e-03 2.426e-03 1.617e-03 6.064e-04 1.617e-03 2.628e-03 2.223e-03 3.234e-03 2.426e-03 2.830e-03 2.021e-03 1.617e-03 1.011e-03 1.213e-03 8.085e-04 1.415e-03
4.043e-03 4.245e-03 4.851e-03 3.032e-03 2.830e-03 2.021e-03 2.628e-03 1.415e-03 1.617e-03 2.021e-03 3.032e-03 2.223e-03 2.830e-03 1.415e-03 3.436e-03 1.415e-03 1.415e-03 2.426e-03 1.011e-03 1.213e-03
6.468e-03 3.840e-03 2.830e-03 5.255e-03 2.223e-03 4.245e-03 4.245e-03 3.032e-03 1.617e-03 4.851e-03 2.628e-03 4.245e-03 3.032e-03 3.234e-03 3.032e-03 1.617e-03 2.628e-03 2.021e-03 1.617e-03 2.830e-03
8.692e-03 5.862e-03 3.840e-03 5.457e-03 3.840e-03 3.234e-03 2.830e-03 3.032e-03 2.426e-03 3.638e-03 3.840e-03 2.021e-03 5.660e-03 4.245e-03 4.043e-03 2.426e-03 2.426e-03 1.415e-03 2.628e-03 1.819e-03
9.702e-03 7.883e-03 1.011e-02 6.872e-03 7.681e-03 6.266e-03 6.468e-03 5.862e-03 4.447e-03 6.266e-03 4.851e-03 5.457e-03 6.468e-03 4.851e-03 3.638e-03 3.840e-03 2.628e-03 3.032e-03 2.830e-03 3.840e-03
1.657e-02 1.779e-02 2.062e-02 1.395e-02 1.354e-02 1.536e-02 1.314e-02 8.085e-03 7.277e-03 9.298e-03 1.011e-02 7.883e-03 9.500e-03 8.287e-03 6.872e-03 4.245e-03 6.064e-03 4.447e-03 4.851e-03 7.277e-03
3.214e-02 4.851e-02 4.993e-02 5.599e-02 1.037e-01 8.732e-02 6.407e-02 2.607e-02 3.012e-02 2.385e-02 3.012e-02 1.779e-02 1.455e-02 2.183e-02 1.455e-02 1.698e-02 1.193e-02 6.872e-03 5.255e-03 7.074e-03
3.093e-02 4.851e-02 4.790e-02 1.174e-01 5.047e-01 4.562e-01 2.884e-01 6.509e-02 2.927e-01 2.761e-01 9.884e-02 1.354e-02 3.456e-02 2.607e-02 1.799e-02 2.183e-02 2.870e-02 1.011e-02 4.245e-03 6.670e-03
1.294e-02 1.617e-02 1.354e-02 1.435e-02 1.273e-02 9.096e-03 8.692e-03 6.468e-03 6.872e-03 6.872e-03 7.883e-03 5.660e-03 5.457e-03 4.043e-03 4.447e-03 3.436e-03 5.660e-03 5.660e-03 3.840e-03 4.649e-03
6.468e-03 5.862e-03 5.255e-03 4.447e-03 2.021e-03 2.628e-03 1.819e-03 3.436e-03 2.628e-03 2.830e-03 2.628e-03 2.628e-03 1.415e-03 2.021e-03 2.628e-03 1.415e-03 1.415e-03 3.032e-03 2.223e-03 2.021e-03
4.851e-03 4.649e-03 2.426e-03 2.021e-03 2.223e-03 2.223e-03 1.213e-03 2.021e-03 2.021e-03 1.415e-03 1.011e-03 1.011e-03 1.819e-03 2.021e-03 1.617e-03 2.021e-03 1.617e-03 1.415e-03 1.011e-03 3.032e-03
2.223e-03 2.628e-03 1.819e-03 2.426e-03 1.819e-03 1.415e-03 1.819e-03 6.064e-04 1.213e-03 1.617e-03 1.213e-03 1.415e-03 8.085e-04 8.085e-04 4.043e-04 1.213e-03 8.085e-04 1.011e-03 1.213e-03 8.085e-04
3.032e-03 8.085e-04 1.415e-03 1.415e-03 1.213e-03 8.085e-04 1.213e-03 6.064e-04 1.213e-03 1.213e-03 6.064e-04 1.011e-03 8.085e-04 8.085e-04 4.043e-04 1.819e-03 1.213e-03 8.085e-04 1.213e-03 4.043e-04
2.021e-03 1.617e-03 1.213e-03 1.011e-03 1.415e-03 4.043e-04 4.043e-04 1.011e-03 6.064e-04 4.043e-04 8.085e-04 1.213e-03 2.021e-04 1.011e-03 1.819e-03 6.064e-04 1.011e-03 6.064e-04 1.011e-03 8.085e-04
1.819e-03 1.213e-03 2.021e-04 6.064e-04 1.415e-03 4.043e-04 1.011e-03 1.011e-03 6.064e-04 1.011e-03 1.415e-03 1.213e-03 6.064e-04 6.064e-04 8.085e-04 1.213e-03 1.011e-03 8.085e-04 2.021e-04 8.085e-04
2.021e-03 1.617e-03 1.011e-03 8.085e-04 4.043e-04 0.000e+00 2.021e-04 8.085e-04 2.021e-04 8.085e-04 1.011e-03 1.213e-03 8.085e-04 4.043e-04 1.011e-03 1.213e-03 6.064e-04 8.085e-04 2.021e-04 2.021e-04
1.011e-03 1.011e-03 1.415e-03 8.085e-04 8.085e-04 6.064e-04 6.064e-04 1.011e-03 1.213e-03 4.043e-04 6.064e-04 6.064e-04 4.043e-04 8.085e-04 8.085e-04 6.064e-04 4.043e-04 1.617e-03 2.021e-04 8.085e-04
1.415e-03 1.415e-03 1.819e-03 6.064e-04 1.213e-03 8.085e-04 1.617e-03 1.213e-03 1.011e-03 1.011e-03 0.000e+00 4.043e-04 1.617e-03 1.011e-03 6.064e-04 6.064e-04 4.043e-04 6.064e-04 2.021e-04 6.064e-04
1.213e-03 1.011e-03 2.021e-03 8.085e-04 8.085e-04 1.415e-03 8.085e-04 6.064e-04 1.617e-03 6.064e-04 8.085e-04 6.064e-04 8.085e-04 1.011e-03 1.213e-03 6.064e-04 6.064e-04 4.043e-04 4.043e-04 2.021e-04
8.085e-04 1.819e-03 1.617e-03 2.426e-03 1.011e-03 1.415e-03 8.085e-04 1.213e-03 1.617e-03 4.043e-04 1.415e-03 8.085e-04 1.415e-03 4.043e-04 1.213e-03 1.011e-03 4.043e-04 4.043e-04 0.000e+00 4.043e-04
# 2D Marginal for parameters depth and radius with ranges 2.0001e+03 6.9999e+03 and 5.0003e+02 3.9872e+03
2.982e-08 1.950e-08 1.262e-08 9.177e-09 8.030e-09 5.736e-09 1.147e-08 1.147e-08 4.588e-09 2.294e-09 2.294e-09 8.030e-09 3.441e-09 2.294e-09 3.441e-09 2.294e-09 4.588e-09 3.441e-09 3.441e-09 4.588e-09
1.950e-08 3.671e-08 1.721e-08 1.606e-08 1.032e-08 1.032e-08 1.032e-08 1.606e-08 1.262e-08 9.177e-09 4.588e-09 2.294e-09 2.294e-09 2.294e-09 2.294e-09 0.000e+00 3.441e-09 1.147e-09 0.000e+00 5.736e-09
1.835e-08 3.785e-08 1.950e-08 2.409e-08 6.883e-09 1.032e-08 1.032e-08 1.147e-08 8.030e-09 5.736e-09 3.441e-09 3.441e-09 1.147e-09 4.588e-09 0.000e+00 4.588e-09 1.147e-09 1.147e-09 2.294e-09 4.588e-09
3.556e-08 3.097e-08 1.491e-08 2.753e-08 2.179e-08 2.753e-08 1.262e-08 6.883e-09 8.030e-09 5.736e-09 3.441e-09 3.441e-09 0.000e+00 3.441e-09 1.147e-09 3.441e-09 2.294e-09 9.177e-09 4.588e-09 6.883e-09
4.474e-08 3.212e-08 3.327e-08 2.524e-08 2.868e-08 3.327e-08 1.491e-08 1.377e-08 1.147e-08 1.377e-08 1.721e-08 1.032e-08 4.588e-09 2.294e-09 5.736e-09 1.147e-09 1.147e-09 2.294e-09 1.147e-09 4.588e-09
4.933e-08 8.030e-08 5.162e-08 5.850e-08 4.130e-08 2.638e-08 2.524e-08 2.524e-08 1.606e-08 1.262e-08 2.065e-08 5.736e-09 2.294e-09 2.294e-09 3.441e-09 5.736e-09 3.441e-09 2.294e-09 3.441e-09 2.294e-09
5.506e-08 1.755e-07 3.005e-07 6.194e-07 8.833e-08 3.212e-08 2.179e-08 4.244e-08 6.997e-08 1.950e-08 1.377e-08 1.147e-09 3.441e-09 5.736e-09 4.588e-09 2.294e-09 3.441e-09 1.147e-09 1.147e-09 1.147e-09
5.391e-08 3.395e-07 3.001e-06 4.280e-06 6.561e-07 4.359e-08 1.721e-08 2.868e-08 4.015e-08 1.606e-08 1.032e-08 6.883e-09 4.588e-09 1.147e-09 1.147e-09 4.588e-09 6.883e-09 3.441e-09 2.294e-09 2.294e-09
4.244e-08 1.503e-07 1.118e-06 1.071e-06 8.936e-07 5.621e-08 3.327e-08 4.818e-08 4.703e-08 2.868e-08 1.491e-08 3.441e-09 8.030e-09 6.883e-09 2.294e-09 2.294e-09 3.441e-09 5.736e-09 4.588e-09 1.147e-09
3.556e-08 1.411e-07 2.168e-07 5.770e-07 4.290e-07 6.768e-08 6.424e-08 7.686e-08 3.097e-08 1.032e-08 4.588e-09 1.032e-08 9.177e-09 5.736e-09 3.441e-09 1.147e-09 3.441e-09 3.441e-09 3.441e-09 3.441e-09
2.753e-08 1.124e-07 1.354e-07 2.501e-07 2.260e-07 1.067e-07 6.424e-08 6.194e-08 2.868e-08 1.262e-08 5.736e-09 3.441e-09 1.147e-08 3.441e-09 5.736e-09 3.441e-09 4.588e-09 1.147e-09 1.147e-09 1.147e-09
3.097e-08 5.391e-08 1.721e-07 1.067e-07 1.239e-07 6.424e-08 1.273e-07 4.474e-08 1.835e-08 1.032e-08 9.177e-09 8.030e-09 1.377e-08 5.736e-09 5.736e-09 4.588e-09 1.147e-09 2.294e-09 4.588e-09 6.883e-09
2.982e-08 6.080e-08 1.331e-07 9.636e-08 6.538e-08 7.456e-08 7.915e-08 4.359e-08 1.606e-08 6.883e-09 3.441e-09 1.147e-08 9.177e-09 8.030e-09 5.736e-09 4.588e-09 3.441e-09 5.736e-09 2.294e-09 2.294e-09
3.785e-08 4.130e-08 9.406e-08 9.062e-08 8.374e-08 8.259e-08 7.112e-08 2.753e-08 2.409e-08 1.262e-08 1.147e-08 1.262e-08 1.262e-08 1.147e-08 1.147e-09 6.883e-09 8.030e-09 2.294e-09 3.441e-09 1.147e-09
2.179e-08 6.883e-08 1.216e-07 9.062e-08 1.090e-07 1.101e-07 6.768e-08 2.638e-08 2.294e-08 9.177e-09 2.065e-08 1.147e-08 6.883e-09 4.588e-09 2.294e-09 0.000e+00 3.441e-09 1.147e-09 1.147e-09 2.294e-09
4.015e-08 6.080e-08 9.980e-08 8.718e-08 7.571e-08 9.865e-08 5.506e-08 2.753e-08 2.294e-08 1.835e-08 6.883e-09 1.032e-08 1.032e-08 6.883e-09 5.736e-09 4.588e-09 3.441e-09 0.000e+00 1.147e-09 3.441e-09
2.524e-08 4.818e-08 7.571e-08 7.686e-08 7.686e-08 7.686e-08 5.391e-08 5.850e-08 2.409e-08 1.377e-08 1.147e-08 9.177e-09 4.588e-09 2.294e-09 4.588e-09 2.294e-09 4.588e-09 3.441e-09 2.294e-09 5.736e-09
3.212e-08 3.671e-08 7.227e-08 7.456e-08 4.933e-08 3.900e-08 3.097e-08 1.835e-08 1.606e-08 1.032e-08 4.588e-09 1.032e-08 6.883e-09 0.000e+00 4.588e-09 1.147e-09 8.030e-09 4.588e-09 2.294e-09 4.588e-09
2.524e-08 4.015e-08 5.965e-08 7.341e-08 4.588e-08 3.212e-08 1.835e-08 1.606e-08 1.262e-08 1.147e-08 6.883e-09 5.736e-09 2.294e-09 0.000e+00 4.588e-09 1.147e-09 3.441e-09 6.883e-09 2.294e-09 3.441e-09
3.671e-08 3.441e-08 5.965e-08 4.474e-08 5.391e-08 2.179e-08 1.491e-08 6.883e-09 9.177e-09 5.736e-09 5.736e-09 5.736e-09 5.736e-09 4.588e-09 3.441e-09 1.262e-08 4.588e-09 4.588e-09 1.147e-09 1.147e-09
# 2D Marginal for parameters depth and dP_mu with ranges 2.0001e+03 6.9999e+03 and 1.0056e-04 9.9956e-03
8.489e-03 4.851e-03 2.830e-03 3.234e-03 3.234e-03 2.426e-03 2.021e-03 4.447e-03 8.085e-04 2.830e-03 2.021e-03 0.000e+00 3.234e-03 8.085e-04 2.830e-03 1.213e-03 2.021e-03 4.043e-04 8.085e-04 5.255e-03
1.011e-02 6.064e-03 4.043e-03 5.255e-03 3.638e-03 5.660e-03 3.234e-03 1.213e-03 2.021e-03 3.638e-03 2.021e-03 4.043e-03 1.617e-03 1.213e-03 3.234e-03 8.085e-04 8.085e-04 8.085e-04 2.426e-03 2.426e-03
1.011e-02 3.638e-03 6.064e-03 5.255e-03 1.213e-03 3.234e-03 3.234e-03 2.426e-03 3.638e-03 3.234e-03 3.638e-03 1.617e-03 1.617e-03 2.021e-03 2.426e-03 1.617e-03 1.213e-03 2.021e-03 2.830e-03 2.021e-03
8.489e-03 1.294e-02 7.681e-03 3.638e-03 6.064e-03 2.426e-03 4.851e-03 3.234e-03 4.851e-03 2.426e-03 2.426e-03 2.021e-03 2.426e-03 3.638e-03 4.447e-03 1.617e-03 1.213e-03 2.426e-03 2.426e-03 1.617e-03
2.021e-02 1.496e-02 8.085e-03 4.851e-03 7.277e-03 4.851e-03 3.638e-03 4.851e-03 4.043e-03 3.234e-03 2.830e-03 6.872e-03 4.043e-03 2.830e-03 2.021e-03 8.085e-04 2.426e-03 5.255e-03 1.213e-03 2.021e-03
1.981e-02 1.900e-02 1.577e-02 1.172e-02 8.894e-03 1.091e-02 5.660e-03 6.064e-03 3.638e-03 4.447e-03 4.851e-03 5.255e-03 4.851e-03 8.085e-03 6.872e-03 3.638e-03 5.255e-03 3.638e-03 3.234e-03 2.830e-03
3.517e-02 2.789e-02 1.011e-02 1.657e-02 9.540e-02 1.205e-01 4.123e-02 9.298e-03 2.951e-02 3.638e-02 1.334e-02 9.298e-03 6.468e-03 1.011e-02 1.981e-02 1.011e-02 1.172e-02 8.085e-03 3.234e-03 1.213e-03
2.223e-02 2.062e-02 1.779e-02 1.213e-01 6.278e-01 6.407e-01 3.885e-01 6.104e-02 3.141e-01 4.924e-01 1.431e-01 9.702e-03 3.921e-02 3.517e-02 3.638e-03 1.415e-02 3.315e-02 1.051e-02 4.043e-03 3.234e-03
2.264e-02 3.517e-02 2.143e-02 8.368e-02 3.060e-01 1.528e-01 1.189e-01 7.438e-02 2.753e-01 3.881e-02 2.830e-02 6.872e-03 1.860e-02 7.681e-03 1.051e-02 1.091e-02 1.860e-02 9.702e-03 4.447e-03 3.638e-03
1.860e-02 3.921e-02 2.628e-02 4.972e-02 1.067e-01 9.015e-02 1.055e-01 2.506e-02 1.657e-02 9.298e-03 2.547e-02 1.172e-02 7.277e-03 4.043e-03 1.011e-02 2.830e-02 1.455e-02 4.851e-03 2.426e-03 2.426e-03
1.536e-02 3.679e-02 3.800e-02 2.911e-02 4.326e-02 5.538e-02 4.245e-02 7.681e-03 6.064e-03 1.213e-02 1.334e-02 1.051e-02 9.298e-03 4.043e-03 9.298e-03 2.143e-02 1.172e-02 4.447e-03 3.234e-03 2.426e-03
1.496e-02 2.830e-02 4.447e-02 2.466e-02 1.536e-02 1.900e-02 1.617e-02 7.277e-03 6.064e-03 9.298e-03 2.870e-02 1.334e-02 1.698e-02 1.172e-02 8.489e-03 3.638e-03 5.255e-03 4.447e-03 2.830e-03 6.064e-03
1.455e-02 2.021e-02 3.921e-02 1.455e-02 1.577e-02 8.489e-03 1.011e-02 5.255e-03 7.681e-03 1.455e-02 1.374e-02 1.496e-02 1.011e-02 1.334e-02 9.298e-03 8.894e-03 2.021e-03 2.830e-03 4.043e-04 7.277e-03
1.374e-02 1.981e-02 2.749e-02 2.143e-02 1.536e-02 1.657e-02 1.213e-02 8.489e-03 5.255e-03 1.132e-02 1.213e-02 1.011e-02 9.298e-03 1.455e-02 6.872e-03 4.447e-03 1.617e-03 5.660e-03 3.638e-03 4.447e-03
1.577e-02 1.779e-02 2.385e-02 2.547e-02 2.223e-02 1.981e-02 1.334e-02 8.894e-03 8.489e-03 8.489e-03 1.172e-02 8.894e-03 1.496e-02 1.172e-02 1.294e-02 3.638e-03 4.043e-03 4.851e-03 3.234e-03 7.277e-03
1.051e-02 1.577e-02 1.900e-02 2.345e-02 1.940e-02 1.577e-02 1.011e-02 1.132e-02 6.872e-03 1.091e-02 9.702e-03 5.660e-03 9.298e-03 1.374e-02 1.132e-02 5.660e-03 6.872e-03 6.872e-03 4.447e-03 8.489e-03
1.091e-02 1.779e-02 2.062e-02 1.900e-02 1.940e-02 1.294e-02 1.091e-02 9.702e-03 6.872e-03 9.702e-03 8.489e-03 6.064e-03 7.681e-03 9.298e-03 6.468e-03 5.660e-03 6.872e-03 3.638e-03 5.255e-03 7.277e-03
1.051e-02 1.051e-02 8.894e-03 8.489e-03 9.702e-03 6.064e-03 4.851e-03 7.277e-03 8.894e-03 6.468e-03 6.872e-03 6.872e-03 7.681e-03 1.051e-02 6.872e-03 4.447e-03 4.447e-03 4.851e-03 6.872e-03 9.298e-03
8.489e-03 7.277e-03 7.681e-03 6.872e-03 6.468e-03 6.064e-03 7.277e-03 5.255e-03 5.660e-03 8.894e-03 1.051e-02 6.872e-03 6.872e-03 6.064e-03 4.043e-03 4.447e-03 4.851e-03 3.638e-03 5.255e-03 8.489e-03
1.455e-02 3.234e-03 4.043e-03 6.064e-03 3.234e-03 2.830e-03 3.234e-03 3.234e-03 8.894e-03 6.064e-03 6.872e-03 7.681e-03 8.894e-03 4.851e-03 3.638e-03 4.043e-03 5.255e-03 8.489e-03 7.681e-03 6.064e-03
# 2D Marginal for parameters radius and dP_mu with ranges 5.0003e+02 3.9872e+03 and 1.0056e-04 9.9956e-03
7.535e-03 6.955e-03 1.043e-02 1.507e-02 1.333e-02 1.623e-02 1.333e-02 1.333e-02 1.449e-02 1.797e-02 1.681e-02 2.492e-02 1.623e-02 1.797e-02 2.376e-02 2.434e-02 2.666e-02 2.666e-02 2.029e-02 2.318e-02
1.159e-02 1.333e-02 9.854e-03 1.101e-02 1.391e-02 1.507e-02 2.666e-02 2.145e-02 2.318e-02 4.347e-02 4.753e-02 4.521e-02 7.071e-02 8.636e-02 6.839e-02 8.984e-02 1.026e-01 4.985e-02 2.666e-02 3.246e-02
6.955e-03 1.159e-02 8.694e-03 2.145e-02 2.724e-02 5.159e-02 1.287e-01 1.635e-01 8.880e-01 8.242e-01 3.327e-01 7.303e-02 1.026e-01 7.709e-02 5.970e-02 4.057e-02 3.536e-02 2.376e-02 2.029e-02 3.825e-02
1.159e-02 1.971e-02 1.913e-02 5.506e-02 1.020e+00 1.405e+00 8.857e-01 1.177e-01 5.564e-02 5.796e-02 6.608e-02 3.130e-02 3.478e-02 3.362e-02 2.492e-02 1.333e-02 1.101e-02 9.854e-03 8.694e-03 9.854e-03
1.275e-02 3.420e-02 5.217e-02 3.727e-01 7.106e-01 1.559e-01 6.318e-02 3.304e-02 2.087e-02 2.203e-02 1.681e-02 1.043e-02 1.739e-02 1.101e-02 6.376e-03 4.637e-03 5.796e-03 5.217e-03 2.318e-03 5.796e-03
2.782e-02 4.405e-02 1.235e-01 1.171e-01 7.709e-02 3.710e-02 1.855e-02 1.391e-02 1.043e-02 1.101e-02 4.057e-03 4.637e-03 5.217e-03 5.217e-03 1.159e-03 2.898e-03 2.898e-03 1.739e-03 2.318e-03 4.637e-03
3.362e-02 1.107e-01 1.478e-01 5.043e-02 2.087e-02 8.694e-03 4.637e-03 2.318e-03 1.739e-03 2.898e-03 2.318e-03 2.318e-03 1.739e-03 1.739e-03 3.478e-03 5.796e-04 2.898e-03 3.478e-03 2.898e-03 1.159e-03
6.260e-02 1.188e-01 6.434e-02 1.855e-02 8.115e-03 6.955e-03 1.159e-03 1.739e-03 4.637e-03 2.318e-03 2.318e-03 2.318e-03 2.898e-03 2.318e-03 0.000e+00 3.478e-03 2.898e-03 1.159e-03 1.739e-03 1.159e-03
8.289e-02 6.955e-02 3.304e-02 5.796e-03 4.637e-03 3.478e-03 4.637e-03 1.739e-03 3.478e-03 2.318e-03 1.739e-03 1.159e-03 1.739e-03 5.796e-04 2.898e-03 1.159e-03 1.159e-03 1.159e-03 5.796e-04 5.796e-04
4.811e-02 3.072e-02 1.101e-02 6.955e-03 2.898e-03 1.159e-03 1.159e-03 1.159e-03 2.318e-03 0.000e+00 1.159e-03 2.318e-03 1.739e-03 0.000e+00 1.739e-03 5.796e-04 1.159e-03 0.000e+00 1.739e-03 2.898e-03
4.115e-02 1.449e-02 9.274e-03 5.217e-03 4.637e-03 1.739e-03 5.796e-04 1.159e-03 1.739e-03 0.000e+00 0.000e+00 1.159e-03 5.796e-04 1.159e-03 1.739e-03 1.159e-03 1.159e-03 1.739e-03 1.159e-03 1.739e-03
3.072e-02 1.043e-02 4.637e-03 2.898e-03 2.318e-03 2.318e-03 1.159e-03 2.318e-03 1.739e-03 1.159e-03 0.000e+00 5.796e-04 2.318e-03 5.796e-04 1.159e-03 2.318e-03 1.739e-03 1.739e-03 5.796e-04 1.739e-03
2.203e-02 1.333e-02 5.796e-04 2.318e-03 0.000e+00 2.318e-03 5.796e-04 1.159e-03 2.318e-03 5.796e-04 1.159e-03 3.478e-03 1.159e-03 2.898e-03 2.898e-03 1.739e-03 0.000e+00 1.739e-03 1.159e-03 5.796e-04
9.854e-03 7.535e-03 2.318e-03 1.159e-03 5.796e-04 1.739e-03 5.796e-04 0.000e+00 5.796e-04 1.159e-03 1.159e-03 1.159e-03 3.478e-03 5.796e-04 2.318e-03 1.739e-03 2.898e-03 5.796e-04 1.739e-03 1.159e-03
8.694e-03 4.637e-03 0.000e+00 1.159e-03 5.796e-04 1.159e-03 2.898e-03 1.159e-03 5.796e-04 1.739e-03 1.159e-03 5.796e-04 1.159e-03 1.739e-03 1.159e-03 2.898e-03 1.159e-03 5.796e-04 5.796e-04 2.318e-03
8.694e-03 1.739e-03 2.318e-03 2.318e-03 5.796e-04 5.796e-04 1.159e-03 1.739e-03 5.796e-04 1.739e-03 1.159e-03 1.159e-03 1.739e-03 1.739e-03 1.159e-03 2.318e-03 2.318e-03 1.159e-03 5.796e-04 0.000e+00
2.318e-03 5.796e-04 1.739e-03 1.159e-03 1.159e-03 2.318e-03 1.739e-03 2.318e-03 1.739e-03 1.739e-03 1.159e-03 2.318e-03 2.898e-03 2.898e-03 2.318e-03 2.898e-03 2.898e-03 1.739e-03 2.898e-03 5.796e-04
4.637e-03 2.898e-03 1.739e-03 1.159e-03 2.898e-03 5.796e-04 0.000e+00 5.796e-04 1.159e-03 1.739e-03 1.159e-03 2.318e-03 1.739e-03 2.318e-03 1.159e-03 1.739e-03 5.796e-04 1.739e-03 1.739e-03 1.159e-03
1.739e-03 2.318e-03 2.898e-03 0.000e+00 1.739e-03 1.159e-03 1.159e-03 1.159e-03 1.739e-03 0.000e+00 1.159e-03 1.159e-03 1.739e-03 1.739e-03 0.000e+00 5.796e-04 0.000e+00 1.739e-03 5.796e-04 1.739e-03
2.318e-03 1.159e-03 1.159e-03 2.898e-03 3.478e-03 5.796e-04 0.000e+00 5.796e-04 2.898e-03 1.739e-03 2.318e-03 1.159e-03 1.159e-03 0.000e+00 1.739e-03 1.159e-03 1.159e-03 4.057e-03 1.739e-03 3.478e-03
