# 2D Marginal for parameters xcen and ycen with ranges 4.2200e+05 4.3199e+05 and 4.5150e+06 4.5250e+06
1.402e-09 2.003e-09 2.604e-09 2.604e-09 2.804e-09 2.203e-09 2.804e-09 1.202e-09 1.802e-09 1.001e-09 1.001e-09 1.001e-09 8.011e-10 1.202e-09 6.008e-10 2.003e-10 6.008e-10 2.003e-10 4.005e-10 1.001e-09
1.402e-09 1.802e-09 1.602e-09 1.602e-09 1.402e-09 2.203e-09 2.203e-09 3.204e-09 2.003e-09 1.402e-09 2.203e-09 1.602e-09 4.005e-10 0.000e+00 6.008e-10 6.008e-10 4.005e-10 4.005e-10 6.008e-10 1.202e-09
3.405e-09 1.602e-09 1.802e-09 3.405e-09 3.204e-09 3.805e-09 4.606e-09 2.604e-09 2.604e-09 2.003e-09 1.602e-09 2.403e-09 6.008e-10 1.001e-09 6.008e-10 4.005e-10 4.005e-10 6.008e-10 2.003e-10 6.008e-10
1.402e-09 4.406e-09 1.802e-09 7.010e-09 5.407e-09 6.609e-09 8.812e-09 6.008e-09 4.406e-09 3.004e-09 1.602e-09 2.403e-09 1.802e-09 2.203e-09 1.202e-09 0.000e+00 6.008e-10 2.003e-10 6.008e-10 6.008e-10
3.204e-09 4.206e-09 7.410e-09 7.410e-09 8.411e-09 1.342e-08 1.202e-08 9.813e-09 7.010e-09 4.406e-09 3.405e-09 2.003e-09 1.402e-09 1.602e-09 6.008e-10 6.008e-10 4.005e-10 4.005e-10 6.008e-10 4.005e-10
3.605e-09 4.807e-09 6.809e-09 1.162e-08 1.702e-08 2.263e-08 2.784e-08 3.024e-08 1.863e-08 7.610e-09 3.004e-09 4.406e-09 2.604e-09 6.008e-10 6.008e-10 1.001e-09 4.005e-10 6.008e-10 1.001e-09 2.003e-10
3.405e-09 6.809e-09 1.081e-08 1.242e-08 2.343e-08 4.807e-08 6.769e-08 7.791e-08 3.284e-08 1.903e-08 8.011e-09 3.405e-09 1.602e-09 1.402e-09 1.202e-09 4.005e-10 6.008e-10 6.008e-10 8.011e-10 2.003e-10
4.606e-09 7.811e-09 9.613e-09 2.183e-08 3.805e-08 8.371e-08 1.834e-07 2.255e-07 1.093e-07 2.724e-08 1.081e-08 5.207e-09 3.004e-09 1.802e-09 8.011e-10 1.602e-09 2.003e-10 2.003e-10 1.202e-09 8.011e-10
8.411e-09 7.210e-09 1.122e-08 1.722e-08 3.945e-08 1.029e-07 2.684e-07 3.741e-07 1.620e-07 4.426e-08 1.222e-08 5.608e-09 1.802e-09 8.011e-10 1.202e-09 6.008e-10 8.011e-10 4.005e-10 8.011e-10 0.000e+00
5.808e-09 7.210e-09 1.362e-08 1.362e-08 3.965e-08 7.450e-08 1.644e-07 2.345e-07 1.136e-07 3.244e-08 1.122e-08 3.805e-09 2.804e-09 1.001e-09 4.005e-10 1.402e-09 6.008e-10 6.008e-10 2.003e-10 2.003e-10
4.005e-09 7.410e-09 9.413e-09 1.602e-08 2.363e-08 4.106e-08 6.909e-08 7.250e-08 4.266e-08 1.883e-08 8.812e-09 4.606e-09 2.604e-09 1.602e-09 8.011e-10 4.005e-10 2.003e-10 8.011e-10 8.011e-10 1.001e-09
5.407e-09 3.805e-09 8.011e-09 6.208e-09 1.282e-08 2.243e-08 2.503e-08 2.704e-08 1.782e-08 7.811e-09 4.406e-09 3.605e-09 2.403e-09 6.008e-10 8.011e-10 1.402e-09 4.005e-10 6.008e-10 1.001e-09 4.005e-10
3.004e-09 4.406e-09 4.406e-09 6.409e-09 7.410e-09 9.413e-09 1.081e-08 1.202e-08 8.812e-09 4.406e-09 3.204e-09 2.003e-09 1.202e-09 1.602e-09 1.202e-09 6.008e-10 4.005e-10 1.001e-09 6.008e-10 4.005e-10
3.004e-09 4.606e-09 2.804e-09 3.605e-09 7.610e-09 4.807e-09 6.208e-09 5.407e-09 4.206e-09 3.004e-09 1.402e-09 8.011e-10 8.011e-10 1.001e-09 6.008e-10 2.003e-10 4.005e-10 6.008e-10 1.001e-09 4.005e-10
2.604e-09 2.403e-09 2.203e-09 1.202e-09 2.804e-09 4.406e-09 3.204e-09 3.204e-09 3.805e-09 2.604e-09 1.802e-09 1.402e-09 1.202e-09 8.011e-10 8.011e-10 4.005e-10 6.008e-10 6.008e-10 8.011e-10 1.202e-09
2.604e-09 1.001e-09 2.604e-09 2.203e-09 2.403e-09 1.402e-09 1.402e-09 1.802e-09 1.402e-09 1.802e-09 1.001e-09 6.008e-10 1.202e-09 4.005e-10 8.011e-10 1.402e-09 4.005e-10 2.003e-10 4.005e-10 0.000e+00
1.602e-09 1.602e-09 1.602e-09 2.003e-09 2.003e-09 1.802e-09 2.403e-09 2.003e-09 1.202e-09 2.003e-09 4.005e-10 8.011e-10 6.008e-10 6.008e-10 0.000e+00 8.011e-10 1.001e-09 6.008e-10 4.005e-10 1.001e-09
8.011e-10 1.802e-09 6.008e-10 2.604e-09 1.202e-09 1.602e-09 1.602e-09 1.802e-09 2.003e-09 6.008e-10 4.005e-10 8.011e-10 1.802e-09 8.011e-10 1.402e-09 1.001e-09 6.008e-10 4.005e-10 1.001e-09 1.001e-09
6.008e-10 8.011e-10 8.011e-10 8.011e-10 4.005e-10 6.008e-10 1.001e-09 1.202e-09 1.402e-09 6.008e-10 1.001e-09 4.005e-10 4.005e-10 1.001e-09 4.005e-10 1.402e-09 1.001e-09 6.008e-10 6.008e-10 6.008e-10
1.602e-09 1.802e-09 1.402e-09 1.202e-09 1.402e-09 1.202e-09 6.008e-10 2.003e-09 1.202e-09 1.202e-09 1.602e-09 1.202e-09 1.001e-09 6.008e-10 2.003e-10 4.005e-10 2.003e-10 2.003e-10 8.011e-10 4.005e-10
# 2D Marginal for parameters xcen and depth with ranges 4.2200e+05 4.3199e+05 and 2.0001e+03 6.9990e+03
2.803e-09 1.602e-09 1.201e-09 2.803e-09 2.402e-09 3.603e-09 3.203e-09 2.402e-09 3.203e-09 2.803e-09 2.803e-09 1.602e-09 3.203e-09 3.203e-09 4.805e-09 1.602e-09 4.404e-09 2.803e-09 2.803e-09 1.602e-09
3.203e-09 8.008e-10 1.602e-09 1.602e-09 8.008e-10 2.002e-09 3.203e-09 2.002e-09 3.203e-09 2.803e-09 3.203e-09 3.203e-09 1.602e-09 4.805e-09 2.402e-09 2.402e-09 5.205e-09 2.002e-09 2.402e-09 5.205e-09
8.008e-10 2.002e-09 4.004e-09 2.803e-09 2.402e-09 2.402e-09 3.603e-09 3.203e-09 3.203e-09 4.404e-09 5.205e-09 4.404e-09 4.404e-09 3.203e-09 4.004e-09 4.805e-09 2.803e-09 5.605e-09 4.404e-09 7.207e-09
4.805e-09 4.004e-09 2.002e-09 4.004e-09 7.207e-09 7.607e-09 7.207e-09 6.406e-09 9.209e-09 8.408e-09 9.209e-09 5.605e-09 4.404e-09 4.404e-09 6.806e-09 4.805e-09 6.806e-09 5.205e-09 5.205e-09 6.806e-09
6.006e-09 6.406e-09 8.008e-09 9.609e-09 1.041e-08 8.408e-09 1.121e-08 1.281e-08 9.209e-09 1.201e-08 9.209e-09 9.209e-09 8.808e-09 7.607e-09 9.209e-09 1.121e-08 7.207e-09 1.041e-08 4.404e-09 6.006e-09
5.205e-09 1.081e-08 1.081e-08 1.722e-08 1.561e-08 2.122e-08 2.923e-08 3.483e-08 2.642e-08 2.122e-08 2.202e-08 2.162e-08 1.882e-08 1.561e-08 1.041e-08 1.161e-08 1.281e-08 8.808e-09 6.406e-09 9.609e-09
1.521e-08 1.561e-08 2.763e-08 4.604e-08 5.485e-08 7.047e-08 6.126e-08 6.006e-08 5.685e-08 4.324e-08 3.243e-08 3.804e-08 2.122e-08 1.762e-08 1.882e-08 1.401e-08 1.361e-08 1.361e-08 1.081e-08 9.609e-09
2.202e-08 4.444e-08 7.727e-08 1.505e-07 2.042e-07 2.194e-07 1.842e-07 1.453e-07 9.649e-08 8.088e-08 6.206e-08 4.044e-08 2.442e-08 2.883e-08 1.962e-08 2.042e-08 1.602e-08 1.361e-08 9.609e-09 1.321e-08
2.122e-08 5.926e-08 1.261e-07 2.394e-07 3.635e-07 3.792e-07 2.723e-07 1.838e-07 1.229e-07 8.248e-08 6.046e-08 4.164e-08 3.563e-08 3.043e-08 2.242e-08 2.162e-08 1.321e-08 1.481e-08 1.401e-08 1.361e-08
2.162e-08 4.324e-08 8.288e-08 1.553e-07 2.114e-07 2.126e-07 1.810e-07 1.433e-07 9.969e-08 6.286e-08 5.365e-08 3.163e-08 2.843e-08 2.562e-08 2.282e-08 2.002e-08 1.241e-08 1.121e-08 1.161e-08 1.121e-08
1.521e-08 2.402e-08 3.123e-08 3.964e-08 6.126e-08 6.286e-08 6.486e-08 6.246e-08 5.005e-08 4.444e-08 3.483e-08 2.442e-08 2.883e-08 2.763e-08 1.642e-08 1.281e-08 1.161e-08 1.361e-08 1.241e-08 1.361e-08
7.607e-09 7.607e-09 9.609e-09 1.802e-08 2.002e-08 1.642e-08 2.963e-08 2.082e-08 2.202e-08 2.642e-08 1.642e-08 1.842e-08 1.521e-08 1.361e-08 1.241e-08 1.241e-08 1.161e-08 1.361e-08 5.205e-09 6.806e-09
4.805e-09 5.605e-09 7.207e-09 6.006e-09 7.207e-09 8.008e-09 1.041e-08 1.321e-08 7.207e-09 1.201e-08 1.121e-08 8.408e-09 1.041e-08 1.081e-08 1.001e-08 6.806e-09 6.806e-09 7.207e-09 6.406e-09 6.806e-09
3.603e-09 2.002e-09 2.402e-09 2.803e-09 3.603e-09 6.006e-09 5.605e-09 4.805e-09 6.406e-09 2.002e-09 8.008e-09 6.006e-09 5.605e-09 5.605e-09 8.008e-09 6.806e-09 6.406e-09 8.008e-09 5.205e-09 6.006e-09
1.602e-09 3.203e-09 2.803e-09 3.603e-09 2.002e-09 1.602e-09 3.603e-09 4.004e-09 4.004e-09 4.805e-09 4.004e-09 4.404e-09 4.805e-09 4.404e-09 3.203e-09 4.004e-09 3.603e-09 5.205e-09 5.205e-09 6.006e-09
2.002e-09 1.201e-09 4.004e-10 1.602e-09 0.000e+00 2.402e-09 2.002e-09 2.002e-09 3.603e-09 2.002e-09 4.404e-09 2.803e-09 2.402e-09 2.803e-09 8.008e-10 4.805e-09 2.803e-09 3.603e-09 3.203e-09 5.205e-09
4.004e-10 2.803e-09 2.803e-09 3.203e-09 2.803e-09 2.002e-09 2.002e-09 3.203e-09 2.402e-09 1.201e-09 2.402e-09 2.402e-09 1.602e-09 2.402e-09 3.203e-09 2.002e-09 2.803e-09 3.603e-09 2.002e-09 3.603e-09
1.201e-09 2.402e-09 1.602e-09 3.203e-09 1.602e-09 1.602e-09 1.602e-09 2.402e-09 2.402e-09 2.002e-09 2.002e-09 1.602e-09 1.201e-09 1.602e-09 4.805e-09 2.002e-09 4.004e-09 5.605e-09 2.803e-09 2.002e-09
1.201e-09 8.008e-10 2.402e-09 2.002e-09 0.000e+00 1.201e-09 8.008e-10 1.201e-09 8.008e-10 4.004e-10 1.201e-09 2.402e-09 2.402e-09 2.002e-09 1.602e-09 1.602e-09 1.201e-09 2.002e-09 2.803e-09 3.203e-09
1.602e-09 8.008e-10 1.201e-09 8.008e-10 8.008e-10 2.402e-09 2.402e-09 2.402e-09 1.201e-09 2.002e-09 2.402e-09 1.602e-09 1.201e-09 4.004e-09 2.002e-09 2.002e-09 2.803e-09 2.402e-09 3.603e-09 2.803e-09
# 2D Marginal for parameters xcen and s_axis_max with ranges 4.2200e+05 4.3199e+05 and 5.0144e+02 3.9975e+03
7.442e-09 7.442e-09 4.007e-09 6.870e-09 2.290e-09 5.152e-09 5.152e-09 6.297e-09 2.862e-09 4.007e-09 4.007e-09 1.717e-09 4.580e-09 5.152e-09 1.145e-09 5.152e-09 2.290e-09 1.717e-09 5.725e-10 5.725e-10
3.435e-09 4.580e-09 4.580e-09 2.862e-09 4.580e-09 6.870e-09 5.725e-09 3.435e-09 6.870e-09 6.870e-09 2.862e-09 4.580e-09 5.152e-09 2.862e-09 1.717e-09 2.862e-09 2.290e-09 1.145e-09 1.145e-09 2.290e-09
1.145e-09 5.725e-09 3.435e-09 4.580e-09 9.160e-09 1.088e-08 6.297e-09 5.725e-09 8.015e-09 7.442e-09 6.870e-09 5.725e-09 8.587e-09 3.435e-09 6.297e-09 1.717e-09 5.152e-09 3.435e-09 2.862e-09 5.725e-10
5.725e-09 5.725e-09 8.015e-09 7.442e-09 1.202e-08 1.832e-08 9.732e-09 1.775e-08 1.317e-08 1.202e-08 1.030e-08 8.587e-09 6.297e-09 6.870e-09 5.152e-09 7.442e-09 2.290e-09 2.862e-09 9.160e-09 2.862e-09
5.725e-09 9.160e-09 8.015e-09 1.145e-08 2.004e-08 2.233e-08 2.862e-08 2.519e-08 2.748e-08 2.004e-08 1.259e-08 1.088e-08 1.030e-08 5.152e-09 6.297e-09 5.725e-09 5.725e-09 6.870e-09 5.725e-09 6.297e-09
8.587e-09 9.160e-09 9.732e-09 1.832e-08 3.149e-08 4.981e-08 5.954e-08 5.553e-08 4.637e-08 3.836e-08 3.664e-08 2.862e-08 1.660e-08 1.546e-08 1.546e-08 5.725e-09 7.442e-09 8.015e-09 7.442e-09 4.007e-09
8.015e-09 1.030e-08 1.431e-08 3.607e-08 6.698e-08 1.248e-07 1.271e-07 9.332e-08 9.790e-08 7.843e-08 6.240e-08 6.240e-08 4.408e-08 2.633e-08 1.889e-08 1.145e-08 1.088e-08 8.015e-09 6.870e-09 8.015e-09
5.152e-09 1.259e-08 2.519e-08 5.839e-08 1.523e-07 3.452e-07 4.139e-07 2.754e-07 1.895e-07 1.322e-07 1.151e-07 1.305e-07 1.008e-07 6.183e-08 2.004e-08 2.061e-08 1.603e-08 1.488e-08 1.088e-08 5.725e-09
8.015e-09 1.317e-08 2.004e-08 6.755e-08 2.015e-07 5.387e-07 7.030e-07 4.076e-07 2.307e-07 1.752e-07 1.614e-07 1.889e-07 1.322e-07 7.729e-08 3.149e-08 1.660e-08 1.889e-08 1.374e-08 9.160e-09 1.317e-08
6.297e-09 8.587e-09 1.317e-08 5.610e-08 1.443e-07 3.412e-07 4.185e-07 2.914e-07 1.763e-07 1.391e-07 1.116e-07 1.076e-07 9.503e-08 5.954e-08 3.435e-08 1.603e-08 9.732e-09 1.145e-08 7.442e-09 1.488e-08
6.870e-09 1.488e-08 2.118e-08 3.435e-08 6.984e-08 1.328e-07 1.237e-07 1.088e-07 8.301e-08 7.500e-08 6.813e-08 4.923e-08 4.523e-08 2.633e-08 2.004e-08 1.660e-08 1.546e-08 6.870e-09 6.297e-09 8.015e-09
7.442e-09 7.442e-09 1.145e-08 1.832e-08 3.549e-08 3.549e-08 4.637e-08 4.981e-08 4.179e-08 3.836e-08 3.263e-08 2.576e-08 1.775e-08 1.374e-08 1.259e-08 1.259e-08 1.145e-08 4.007e-09 2.290e-09 9.732e-09
5.152e-09 7.442e-09 8.015e-09 1.546e-08 1.717e-08 2.175e-08 2.576e-08 2.061e-08 1.946e-08 2.118e-08 2.061e-08 8.587e-09 1.088e-08 7.442e-09 7.442e-09 3.435e-09 3.435e-09 5.152e-09 2.862e-09 6.297e-09
2.862e-09 3.435e-09 5.152e-09 9.160e-09 7.442e-09 1.202e-08 1.145e-08 1.088e-08 1.374e-08 1.202e-08 1.088e-08 6.297e-09 9.732e-09 6.297e-09 9.160e-09 3.435e-09 8.587e-09 2.862e-09 3.435e-09 1.145e-09
5.725e-09 5.152e-09 3.435e-09 3.435e-09 6.297e-09 8.587e-09 1.030e-08 1.088e-08 5.152e-09 5.725e-09 7.442e-09 7.442e-09 4.007e-09 6.870e-09 3.435e-09 3.435e-09 3.435e-09 2.290e-09 2.862e-09 2.862e-09
2.290e-09 3.435e-09 3.435e-09 4.007e-09 4.580e-09 6.870e-09 1.717e-09 6.297e-09 4.007e-09 8.587e-09 3.435e-09 1.717e-09 3.435e-09 2.290e-09 2.290e-09 3.435e-09 2.862e-09 1.145e-09 2.862e-09 2.862e-09
2.290e-09 5.725e-09 4.580e-09 4.007e-09 4.007e-09 4.580e-09 4.007e-09 5.725e-09 6.297e-09 2.862e-09 5.152e-09 1.717e-09 3.435e-09 4.007e-09 3.435e-09 2.290e-09 1.145e-09 1.717e-09 2.290e-09 5.725e-10
2.862e-09 6.870e-09 4.007e-09 5.152e-09 4.007e-09 2.862e-09 6.870e-09 3.435e-09 3.435e-09 3.435e-09 1.717e-09 2.862e-09 2.862e-09 2.290e-09 4.007e-09 1.145e-09 1.717e-09 4.007e-09 1.717e-09 2.862e-09
2.290e-09 2.290e-09 2.290e-09 1.145e-09 1.145e-09 4.580e-09 1.145e-09 1.717e-09 2.290e-09 2.862e-09 2.290e-09 1.145e-09 1.145e-09 3.435e-09 3.435e-09 2.862e-09 1.717e-09 2.862e-09 2.862e-09 1.145e-09
4.007e-09 4.007e-09 3.435e-09 2.290e-09 4.007e-09 2.290e-09 2.862e-09 4.580e-09 1.145e-09 3.435e-09 3.435e-09 5.152e-09 2.290e-09 1.717e-09 2.290e-09 2.290e-09 2.862e-09 1.717e-09 1.717e-09 2.290e-09
# 2D Marginal for parameters xcen and dP_mu with ranges 4.2200e+05 4.3199e+05 and 1.0012e-04 9.9960e-03
1.011e-03 2.023e-03 1.416e-03 1.214e-03 2.023e-03 1.416e-03 1.618e-03 8.090e-04 1.011e-03 1.416e-03 1.416e-03 1.214e-03 1.011e-03 1.214e-03 1.416e-03 1.416e-03 1.416e-03 1.011e-03 1.011e-03 2.629e-03
1.214e-03 6.068e-04 1.416e-03 1.214e-03 1.820e-03 2.023e-03 1.214e-03 1.214e-03 1.214e-03 4.045e-04 1.820e-03 1.011e-03 1.618e-03 1.011e-03 1.618e-03 1.416e-03 1.214e-03 1.011e-03 1.820e-03 2.225e-03
2.427e-03 2.629e-03 3.236e-03 1.416e-03 1.618e-03 1.416e-03 2.023e-03 1.820e-03 8.090e-04 2.225e-03 1.416e-03 1.214e-03 1.416e-03 2.427e-03 1.820e-03 3.641e-03 1.416e-03 1.416e-03 2.427e-03 1.011e-03
3.236e-03 4.854e-03 3.843e-03 3.843e-03 3.438e-03 3.236e-03 3.641e-03 4.247e-03 2.225e-03 2.225e-03 3.034e-03 2.832e-03 2.427e-03 2.832e-03 2.629e-03 1.820e-03 2.629e-03 1.618e-03 2.629e-03 3.438e-03
5.056e-03 6.068e-03 5.056e-03 4.450e-03 7.686e-03 3.438e-03 4.247e-03 4.854e-03 5.056e-03 5.663e-03 3.034e-03 3.843e-03 4.652e-03 3.843e-03 3.843e-03 3.641e-03 3.843e-03 6.068e-03 2.832e-03 2.427e-03
8.292e-03 7.281e-03 1.052e-02 1.072e-02 1.173e-02 8.495e-03 1.112e-02 1.173e-02 9.506e-03 8.899e-03 9.506e-03 8.292e-03 7.281e-03 6.472e-03 7.483e-03 5.663e-03 4.652e-03 5.461e-03 5.663e-03 8.090e-03
1.214e-02 1.719e-02 1.942e-02 2.427e-02 2.245e-02 2.002e-02 2.063e-02 2.427e-02 1.901e-02 1.557e-02 1.578e-02 1.436e-02 1.638e-02 1.456e-02 1.638e-02 8.495e-03 1.072e-02 1.112e-02 1.092e-02 1.011e-02
1.921e-02 3.479e-02 6.250e-02 5.218e-02 4.571e-02 3.560e-02 4.632e-02 6.472e-02 6.432e-02 6.209e-02 4.470e-02 3.337e-02 3.034e-02 3.155e-02 2.993e-02 1.800e-02 1.982e-02 1.618e-02 1.618e-02 1.658e-02
2.205e-02 5.441e-02 8.717e-02 6.512e-02 5.279e-02 4.369e-02 6.836e-02 1.025e-01 1.256e-01 1.187e-01 7.281e-02 4.652e-02 3.681e-02 3.721e-02 3.054e-02 2.548e-02 2.609e-02 1.901e-02 1.618e-02 1.881e-02
1.578e-02 3.378e-02 5.623e-02 5.299e-02 4.288e-02 3.479e-02 5.319e-02 6.330e-02 7.524e-02 6.148e-02 4.005e-02 2.973e-02 2.791e-02 2.730e-02 2.569e-02 2.184e-02 1.800e-02 1.901e-02 1.436e-02 1.517e-02
1.092e-02 1.436e-02 2.225e-02 2.609e-02 2.326e-02 2.306e-02 2.023e-02 2.407e-02 2.285e-02 1.881e-02 1.557e-02 1.375e-02 1.355e-02 1.173e-02 1.476e-02 1.052e-02 1.375e-02 1.092e-02 8.090e-03 1.092e-02
7.686e-03 8.495e-03 9.506e-03 1.011e-02 1.011e-02 1.133e-02 1.011e-02 9.506e-03 7.281e-03 6.270e-03 7.483e-03 6.068e-03 7.686e-03 7.079e-03 7.079e-03 4.854e-03 7.888e-03 5.056e-03 3.843e-03 6.068e-03
4.045e-03 4.247e-03 4.247e-03 5.461e-03 4.854e-03 5.056e-03 5.865e-03 5.259e-03 4.247e-03 5.259e-03 2.225e-03 4.045e-03 3.641e-03 2.629e-03 2.832e-03 4.652e-03 3.438e-03 3.034e-03 4.450e-03 4.652e-03
2.427e-03 4.450e-03 2.629e-03 6.270e-03 3.438e-03 4.450e-03 1.214e-03 1.820e-03 2.832e-03 2.629e-03 1.618e-03 2.629e-03 2.832e-03 2.629e-03 2.225e-03 2.427e-03 1.618e-03 1.416e-03 2.225e-03 1.214e-03
1.618e-03 3.236e-03 2.832e-03 1.618e-03 2.427e-03 2.023e-03 2.225e-03 2.023e-03 2.023e-03 2.427e-03 2.832e-03 1.820e-03 1.416e-03 1.416e-03 2.023e-03 1.214e-03 6.068e-04 1.011e-03 1.618e-03 2.023e-03
2.832e-03 1.011e-03 1.820e-03 8.090e-04 1.214e-03 2.427e-03 8.090e-04 8.090e-04 1.214e-03 2.023e-03 1.214e-03 1.416e-03 6.068e-04 1.214e-03 8.090e-04 1.214e-03 6.068e-04 6.068e-04 1.416e-03 1.214e-03
1.820e-03 1.214e-03 2.023e-03 1.618e-03 1.416e-03 1.416e-03 1.214e-03 1.011e-03 2.427e-03 8.090e-04 1.214e-03 6.068e-04 1.011e-03 1.618e-03 6.068e-04 6.068e-04 1.214e-03 1.214e-03 8.090e-04 8.090e-04
1.416e-03 1.416e-03 1.618e-03 2.225e-03 4.045e-04 8.090e-04 1.214e-03 8.090e-04 1.416e-03 2.225e-03 8.090e-04 8.090e-04 1.416e-03 1.416e-03 1.416e-03 8.090e-04 2.023e-04 1.011e-03 1.011e-03 1.618e-03
1.214e-03 1.618e-03 4.045e-04 1.214e-03 6.068e-04 1.416e-03 4.045e-04 4.045e-04 1.416e-03 8.090e-04 4.045e-04 4.045e-04 6.068e-04 6.068e-04 6.068e-04 8.090e-04 6.068e-04 1.011e-03 4.045e-04 8.090e-04
1.011e-03 1.618e-03 1.618e-03 2.023e-04 1.820e-03 1.011e-03 1.416e-03 1.011e-03 4.045e-04 6.068e-04 1.011e-03 1.214e-03 1.011e-03 1.214e-03 8.090e-04 8.090e-04 4.045e-04 1.214e-03 6.068e-04 1.416e-03
# 2D Marginal for parameters xcen and strike with ranges 4.2200e+05 4.3199e+05 and -4.9988e+01 1.2999e+02
6.672e-08 5.560e-08 5.560e-08 4.448e-08 6.672e-08 6.672e-08 1.223e-07 8.896e-08 1.001e-07 8.896e-08 7.784e-08 8.896e-08 6.672e-08 8.896e-08 2.224e-08 1.557e-07 5.560e-08 5.560e-08 8.896e-08 6.672e-08
4.448e-08 7.784e-08 6.672e-08 4.448e-08 1.223e-07 1.001e-07 1.223e-07 7.784e-08 5.560e-08 6.672e-08 3.336e-08 7.784e-08 1.557e-07 4.448e-08 5.560e-08 5.560e-08 1.001e-07 6.672e-08 6.672e-08 5.560e-08
1.223e-07 8.896e-08 1.334e-07 8.896e-08 8.896e-08 5.560e-08 1.334e-07 1.223e-07 1.001e-07 7.784e-08 8.896e-08 1.557e-07 1.890e-07 8.896e-08 5.560e-08 6.672e-08 8.896e-08 6.672e-08 1.446e-07 1.223e-07
1.668e-07 7.784e-08 1.334e-07 1.334e-07 1.890e-07 1.223e-07 1.223e-07 2.891e-07 1.890e-07 1.779e-07 1.779e-07 2.558e-07 2.113e-07 2.224e-07 1.334e-07 2.002e-07 1.223e-07 8.896e-08 1.890e-07 1.334e-07
1.668e-07 1.446e-07 1.223e-07 1.446e-07 2.335e-07 2.002e-07 2.447e-07 2.558e-07 1.446e-07 2.558e-07 3.114e-07 3.003e-07 3.003e-07 4.782e-07 2.335e-07 2.891e-07 3.003e-07 3.447e-07 2.335e-07 2.224e-07
3.447e-07 2.447e-07 3.559e-07 3.114e-07 3.781e-07 4.337e-07 2.558e-07 4.226e-07 5.004e-07 5.560e-07 5.449e-07 7.006e-07 7.673e-07 5.115e-07 5.783e-07 5.783e-07 4.671e-07 4.671e-07 3.670e-07 3.892e-07
3.670e-07 3.447e-07 3.225e-07 4.003e-07 5.783e-07 5.227e-07 6.561e-07 6.561e-07 8.229e-07 8.896e-07 1.212e-06 1.368e-06 1.601e-06 1.490e-06 1.346e-06 1.457e-06 1.257e-06 8.118e-07 9.675e-07 7.340e-07
4.337e-07 3.892e-07 5.115e-07 4.559e-07 6.116e-07 9.675e-07 8.674e-07 1.268e-06 1.168e-06 1.412e-06 1.846e-06 2.702e-06 4.548e-06 6.016e-06 4.704e-06 4.648e-06 3.547e-06 2.335e-06 1.457e-06 1.023e-06
5.560e-07 5.115e-07 4.448e-07 6.672e-07 9.230e-07 9.452e-07 9.341e-07 1.234e-06 9.564e-07 1.435e-06 2.380e-06 3.425e-06 7.073e-06 9.986e-06 8.229e-06 7.117e-06 5.260e-06 3.147e-06 2.102e-06 1.501e-06
4.671e-07 3.559e-07 6.228e-07 5.115e-07 8.229e-07 8.452e-07 8.674e-07 1.045e-06 1.034e-06 1.257e-06 1.802e-06 2.558e-06 3.959e-06 5.805e-06 5.249e-06 4.248e-06 3.336e-06 2.224e-06 1.657e-06 1.401e-06
6.672e-07 4.782e-07 3.781e-07 4.115e-07 6.561e-07 5.894e-07 6.450e-07 5.560e-07 6.561e-07 9.230e-07 1.012e-06 1.190e-06 1.390e-06 1.724e-06 1.490e-06 1.468e-06 1.301e-06 8.785e-07 9.786e-07 7.228e-07
2.113e-07 3.114e-07 2.891e-07 3.336e-07 4.003e-07 4.115e-07 4.115e-07 4.893e-07 3.892e-07 3.336e-07 5.449e-07 4.226e-07 6.228e-07 6.672e-07 5.227e-07 6.450e-07 3.559e-07 3.892e-07 2.669e-07 4.226e-07
2.669e-07 2.224e-07 2.113e-07 6.672e-08 2.002e-07 2.669e-07 2.335e-07 2.669e-07 2.224e-07 2.447e-07 2.669e-07 3.225e-07 2.447e-07 1.557e-07 2.447e-07 2.780e-07 1.446e-07 2.558e-07 2.224e-07 2.891e-07
1.890e-07 1.112e-07 8.896e-08 7.784e-08 1.223e-07 1.446e-07 1.001e-07 1.334e-07 1.112e-07 1.446e-07 2.113e-07 1.890e-07 1.668e-07 1.779e-07 1.890e-07 1.557e-07 1.668e-07 1.668e-07 1.112e-07 1.557e-07
1.446e-07 1.112e-07 8.896e-08 1.112e-07 8.896e-08 1.668e-07 6.672e-08 7.784e-08 1.334e-07 1.223e-07 1.668e-07 8.896e-08 7.784e-08 7.784e-08 1.223e-07 1.223e-07 5.560e-08 1.334e-07 1.112e-07 4.448e-08
7.784e-08 6.672e-08 6.672e-08 2.224e-08 6.672e-08 5.560e-08 5.560e-08 1.223e-07 1.112e-07 2.224e-08 1.001e-07 2.224e-08 6.672e-08 1.001e-07 6.672e-08 7.784e-08 4.448e-08 6.672e-08 7.784e-08 1.001e-07
1.223e-07 6.672e-08 6.672e-08 1.001e-07 7.784e-08 6.672e-08 3.336e-08 3.336e-08 4.448e-08 1.001e-07 3.336e-08 7.784e-08 8.896e-08 7.784e-08 1.001e-07 7.784e-08 4.448e-08 3.336e-08 5.560e-08 5.560e-08
1.001e-07 7.784e-08 5.560e-08 6.672e-08 4.448e-08 6.672e-08 3.336e-08 8.896e-08 3.336e-08 4.448e-08 8.896e-08 8.896e-08 4.448e-08 1.001e-07 0.000e+00 6.672e-08 1.112e-07 5.560e-08 1.112e-07 4.448e-08
5.560e-08 4.448e-08 1.112e-08 4.448e-08 3.336e-08 7.784e-08 7.784e-08 2.224e-08 2.224e-08 7.784e-08 3.336e-08 6.672e-08 2.224e-08 3.336e-08 2.224e-08 8.896e-08 4.448e-08 3.336e-08 2.224e-08 3.336e-08
6.672e-08 8.896e-08 8.896e-08 4.448e-08 6.672e-08 8.896e-08 3.336e-08 6.672e-08 4.448e-08 2.224e-08 1.112e-08 7.784e-08 7.784e-08 4.448e-08 2.224e-08 4.448e-08 6.672e-08 5.560e-08 3.336e-08 7.784e-08
# 2D Marginal for parameters xcen and dip with ranges 4.2200e+05 4.3199e+05 and 1.0093e-01 2.9999e+01
4.686e-07 7.364e-07 2.678e-07 2.008e-07 4.017e-07 2.008e-07 5.355e-07 3.347e-07 3.347e-07 2.678e-07 6.694e-07 8.033e-07 4.686e-07 2.678e-07 5.355e-07 2.008e-07 5.355e-07 8.033e-07 5.355e-07 6.025e-07
4.017e-07 4.017e-07 4.686e-07 3.347e-07 2.008e-07 2.678e-07 8.033e-07 4.017e-07 2.678e-07 4.686e-07 6.694e-07 2.008e-07 4.686e-07 7.364e-07 4.686e-07 1.339e-07 8.702e-07 2.678e-07 4.017e-07 7.364e-07
8.702e-07 7.364e-07 7.364e-07 4.686e-07 1.071e-06 4.686e-07 4.686e-07 5.355e-07 6.025e-07 7.364e-07 8.033e-07 4.686e-07 4.017e-07 8.033e-07 6.694e-07 3.347e-07 4.017e-07 6.025e-07 6.025e-07 7.364e-07
1.339e-06 4.686e-07 8.033e-07 7.364e-07 1.071e-06 8.702e-07 5.355e-07 7.364e-07 1.272e-06 1.205e-06 8.702e-07 1.138e-06 1.205e-06 1.406e-06 9.372e-07 7.364e-07 8.033e-07 1.406e-06 1.071e-06 1.473e-06
1.406e-06 1.071e-06 1.004e-06 1.138e-06 1.473e-06 1.540e-06 1.540e-06 1.205e-06 1.607e-06 1.807e-06 1.607e-06 1.272e-06 1.807e-06 1.272e-06 1.941e-06 1.740e-06 1.339e-06 1.205e-06 1.473e-06 2.209e-06
2.745e-06 1.607e-06 2.276e-06 2.075e-06 2.142e-06 3.213e-06 2.544e-06 3.347e-06 2.945e-06 2.745e-06 3.682e-06 3.883e-06 2.544e-06 3.213e-06 3.012e-06 3.347e-06 2.343e-06 2.745e-06 2.142e-06 2.678e-06
4.083e-06 2.008e-06 2.209e-06 3.079e-06 4.418e-06 3.883e-06 5.757e-06 5.958e-06 4.686e-06 5.422e-06 6.493e-06 5.958e-06 7.163e-06 6.761e-06 6.493e-06 5.891e-06 6.226e-06 6.426e-06 6.092e-06 8.167e-06
4.284e-06 2.945e-06 2.945e-06 4.686e-06 6.025e-06 5.824e-06 8.702e-06 1.058e-05 8.435e-06 1.038e-05 1.225e-05 1.566e-05 1.814e-05 2.176e-05 1.915e-05 1.533e-05 2.182e-05 2.484e-05 1.814e-05 1.439e-05
5.155e-06 3.615e-06 4.217e-06 4.284e-06 6.962e-06 7.163e-06 1.018e-05 1.084e-05 9.707e-06 1.212e-05 1.486e-05 1.901e-05 2.584e-05 3.347e-05 2.718e-05 2.376e-05 3.849e-05 4.572e-05 3.160e-05 1.995e-05
4.083e-06 3.012e-06 3.950e-06 4.150e-06 6.426e-06 6.962e-06 9.640e-06 8.234e-06 7.966e-06 1.111e-05 1.118e-05 1.232e-05 1.714e-05 2.222e-05 1.848e-05 1.640e-05 2.008e-05 2.443e-05 1.955e-05 1.386e-05
3.883e-06 3.213e-06 2.945e-06 3.079e-06 4.083e-06 5.355e-06 5.221e-06 4.686e-06 5.422e-06 6.025e-06 5.221e-06 5.757e-06 7.698e-06 7.431e-06 7.564e-06 5.623e-06 6.627e-06 6.627e-06 6.025e-06 6.560e-06
2.209e-06 1.874e-06 2.008e-06 2.142e-06 2.209e-06 2.209e-06 2.745e-06 3.548e-06 2.544e-06 2.945e-06 2.945e-06 2.209e-06 2.209e-06 3.012e-06 2.879e-06 2.142e-06 2.410e-06 2.611e-06 2.678e-06 3.280e-06
1.607e-06 9.372e-07 1.406e-06 1.807e-06 2.276e-06 1.540e-06 1.138e-06 1.205e-06 1.674e-06 1.807e-06 1.473e-06 1.071e-06 1.071e-06 1.138e-06 1.004e-06 9.372e-07 1.607e-06 1.607e-06 1.540e-06 1.004e-06
1.205e-06 8.033e-07 8.033e-07 7.364e-07 8.702e-07 1.138e-06 7.364e-07 6.694e-07 1.071e-06 6.025e-07 9.372e-07 7.364e-07 1.205e-06 6.025e-07 8.702e-07 6.694e-07 1.004e-06 4.686e-07 1.138e-06 1.272e-06
7.364e-07 2.678e-07 6.025e-07 6.694e-07 5.355e-07 8.033e-07 7.364e-07 1.071e-06 7.364e-07 8.033e-07 8.033e-07 6.025e-07 4.686e-07 3.347e-07 5.355e-07 5.355e-07 8.033e-07 4.686e-07 4.017e-07 8.033e-07
5.355e-07 6.694e-07 6.694e-07 1.339e-07 2.678e-07 2.008e-07 4.686e-07 5.355e-07 2.678e-07 4.686e-07 2.678e-07 5.355e-07 4.017e-07 4.686e-07 6.025e-07 4.017e-07 4.017e-07 2.008e-07 4.017e-07 4.686e-07
4.686e-07 4.686e-07 4.017e-07 2.008e-07 4.686e-07 5.355e-07 4.686e-07 6.025e-07 4.686e-07 3.347e-07 3.347e-07 3.347e-07 4.017e-07 2.678e-07 5.355e-07 2.008e-07 4.017e-07 4.686e-07 4.017e-07 4.017e-07
2.008e-07 1.339e-07 2.678e-07 4.017e-07 7.364e-07 2.008e-07 5.355e-07 7.364e-07 6.694e-08 6.025e-07 2.678e-07 8.033e-07 5.355e-07 2.678e-07 4.017e-07 3.347e-07 4.017e-07 1.339e-07 3.347e-07 6.025e-07
2.008e-07 1.339e-07 2.678e-07 2.008e-07 1.339e-07 3.347e-07 4.017e-07 2.678e-07 1.339e-07 4.686e-07 4.017e-07 1.339e-07 1.339e-07 3.347e-07 3.347e-07 4.686e-07 2.008e-07 4.686e-07 6.694e-08 1.339e-07
4.686e-07 2.008e-07 3.347e-07 2.008e-07 6.025e-07 4.686e-07 4.017e-07 2.008e-07 2.008e-07 2.678e-07 3.347e-07 3.347e-07 2.678e-07 2.678e-07 4.017e-07 5.355e-07 4.686e-07 1.339e-07 6.694e-08 6.025e-07
# 2D Marginal for parameters ycen and depth with ranges 4.5150e+06 4.5250e+06 and 2.0001e+03 6.9990e+03
2.802e-09 5.204e-09 4.404e-09 6.005e-09 4.404e-09 3.603e-09 3.603e-09 4.804e-09 6.405e-09 7.606e-09 6.005e-09 8.808e-09 9.208e-09 5.605e-09 5.605e-09 1.121e-08 6.806e-09 4.404e-09 8.007e-09 9.208e-09
6.405e-09 3.603e-09 3.603e-09 4.404e-09 1.601e-09 3.603e-09 6.005e-09 7.206e-09 8.007e-09 6.005e-09 7.606e-09 8.007e-09 1.001e-08 1.201e-08 1.001e-08 1.281e-08 1.241e-08 1.161e-08 7.606e-09 1.241e-08
2.802e-09 4.404e-09 3.603e-09 4.003e-09 8.007e-09 6.806e-09 1.001e-08 1.041e-08 1.481e-08 1.201e-08 1.161e-08 1.241e-08 1.361e-08 1.521e-08 9.608e-09 1.321e-08 1.201e-08 1.041e-08 1.201e-08 1.521e-08
8.407e-09 7.206e-09 8.007e-09 1.001e-08 1.241e-08 1.121e-08 1.561e-08 1.802e-08 1.721e-08 1.681e-08 2.122e-08 1.521e-08 1.882e-08 1.842e-08 1.441e-08 1.601e-08 1.201e-08 1.401e-08 1.441e-08 1.241e-08
9.208e-09 1.441e-08 1.441e-08 2.482e-08 2.202e-08 3.203e-08 3.643e-08 3.283e-08 4.244e-08 3.563e-08 3.883e-08 2.762e-08 2.682e-08 2.202e-08 2.042e-08 1.882e-08 1.681e-08 2.122e-08 1.281e-08 1.121e-08
1.762e-08 2.162e-08 3.443e-08 4.884e-08 6.606e-08 8.287e-08 1.009e-07 1.037e-07 8.567e-08 6.646e-08 5.204e-08 4.484e-08 3.203e-08 3.363e-08 2.282e-08 2.242e-08 1.922e-08 1.361e-08 1.041e-08 1.802e-08
2.002e-08 4.284e-08 8.247e-08 1.633e-07 2.358e-07 2.610e-07 2.318e-07 1.878e-07 1.165e-07 1.025e-07 7.566e-08 4.484e-08 3.363e-08 3.203e-08 2.642e-08 1.481e-08 1.561e-08 1.842e-08 6.405e-09 1.441e-08
2.402e-08 5.965e-08 1.221e-07 2.566e-07 3.931e-07 3.991e-07 2.922e-07 1.910e-07 1.297e-07 8.567e-08 5.164e-08 3.803e-08 2.722e-08 2.322e-08 2.282e-08 1.842e-08 1.441e-08 1.601e-08 1.041e-08 1.161e-08
1.922e-08 4.043e-08 8.367e-08 1.365e-07 1.649e-07 1.553e-07 1.157e-07 9.248e-08 5.965e-08 4.564e-08 3.203e-08 2.762e-08 1.962e-08 1.561e-08 1.441e-08 1.401e-08 1.121e-08 8.007e-09 1.161e-08 9.208e-09
1.121e-08 1.842e-08 2.522e-08 3.083e-08 3.403e-08 3.963e-08 3.563e-08 3.323e-08 2.242e-08 1.962e-08 1.441e-08 1.601e-08 1.321e-08 1.241e-08 9.208e-09 8.808e-09 6.806e-09 6.806e-09 7.206e-09 5.204e-09
5.204e-09 5.605e-09 7.606e-09 9.608e-09 1.241e-08 1.361e-08 1.481e-08 1.441e-08 8.808e-09 8.007e-09 1.121e-08 5.605e-09 5.204e-09 6.005e-09 8.007e-09 4.404e-09 2.802e-09 5.605e-09 4.404e-09 4.804e-09
3.203e-09 5.605e-09 3.603e-09 4.404e-09 4.804e-09 8.808e-09 4.404e-09 4.804e-09 6.005e-09 3.603e-09 5.204e-09 6.405e-09 4.003e-09 4.404e-09 4.404e-09 2.802e-09 5.204e-09 6.005e-09 5.204e-09 3.203e-09
3.203e-09 1.601e-09 1.201e-09 3.203e-09 3.203e-09 4.404e-09 1.601e-09 3.203e-09 2.402e-09 2.802e-09 6.005e-09 2.002e-09 4.404e-09 3.203e-09 1.601e-09 3.603e-09 4.804e-09 2.402e-09 2.402e-09 2.802e-09
1.201e-09 2.402e-09 2.002e-09 2.802e-09 4.003e-09 2.002e-09 1.201e-09 1.201e-09 2.802e-09 4.003e-10 2.802e-09 2.802e-09 4.003e-10 3.203e-09 3.603e-09 4.003e-10 1.201e-09 2.002e-09 1.601e-09 3.203e-09
8.007e-10 2.002e-09 8.007e-10 1.601e-09 1.601e-09 4.003e-10 1.601e-09 1.601e-09 1.601e-09 1.201e-09 2.002e-09 1.601e-09 8.007e-10 3.203e-09 2.802e-09 1.201e-09 8.007e-10 2.802e-09 8.007e-10 4.003e-10
8.007e-10 4.003e-10 2.802e-09 4.003e-10 8.007e-10 2.002e-09 2.802e-09 1.201e-09 8.007e-10 1.201e-09 2.402e-09 2.002e-09 4.003e-10 2.802e-09 2.002e-09 8.007e-10 2.002e-09 8.007e-10 1.201e-09 2.002e-09
2.802e-09 4.003e-10 1.201e-09 0.000e+00 8.007e-10 1.201e-09 4.003e-10 8.007e-10 1.201e-09 4.003e-10 1.601e-09 1.601e-09 1.601e-09 0.000e+00 8.007e-10 8.007e-10 1.201e-09 2.402e-09 4.003e-10 8.007e-10
8.007e-10 0.000e+00 1.201e-09 0.000e+00 8.007e-10 1.601e-09 4.003e-10 4.003e-10 1.601e-09 8.007e-10 1.201e-09 8.007e-10 1.201e-09 8.007e-10 1.601e-09 8.007e-10 4.003e-10 2.802e-09 8.007e-10 1.601e-09
1.201e-09 8.007e-10 4.003e-10 1.601e-09 0.000e+00 1.601e-09 2.402e-09 8.007e-10 2.002e-09 1.601e-09 2.002e-09 2.802e-09 1.601e-09 4.003e-10 2.002e-09 0.000e+00 8.007e-10 2.402e-09 2.002e-09 1.201e-09
1.201e-09 2.002e-09 4.003e-10 1.201e-09 1.201e-09 4.003e-10 1.601e-09 8.007e-10 4.003e-10 4.003e-10 1.601e-09 8.007e-10 8.007e-10 2.002e-09 1.201e-09 2.402e-09 1.601e-09 1.201e-09 8.007e-10 1.201e-09
# 2D Marginal for parameters ycen and s_axis_max with ranges 4.5150e+06 4.5250e+06 and 5.0144e+02 3.9975e+03
6.869e-09 7.442e-09 5.152e-09 9.159e-09 9.159e-09 1.202e-08 1.946e-08 1.088e-08 1.374e-08 1.259e-08 8.587e-09 1.431e-08 6.869e-09 8.587e-09 5.152e-09 6.297e-09 6.297e-09 3.435e-09 4.007e-09 6.869e-09
5.152e-09 1.030e-08 1.088e-08 6.869e-09 1.145e-08 2.061e-08 1.889e-08 1.717e-08 2.118e-08 1.488e-08 1.374e-08 1.374e-08 1.030e-08 6.297e-09 6.869e-09 5.724e-09 6.297e-09 8.014e-09 5.152e-09 8.014e-09
6.297e-09 5.724e-09 1.030e-08 1.145e-08 1.660e-08 2.690e-08 2.404e-08 2.862e-08 2.805e-08 2.118e-08 2.233e-08 1.660e-08 1.431e-08 1.145e-08 8.014e-09 1.202e-08 8.587e-09 4.580e-09 7.442e-09 4.580e-09
5.724e-09 9.159e-09 1.145e-08 1.889e-08 2.690e-08 3.435e-08 3.606e-08 3.835e-08 3.492e-08 3.721e-08 2.347e-08 3.034e-08 2.061e-08 1.832e-08 1.374e-08 8.014e-09 8.014e-09 8.587e-09 1.088e-08 8.014e-09
6.869e-09 8.014e-09 1.889e-08 2.633e-08 3.950e-08 7.613e-08 8.243e-08 8.243e-08 8.014e-08 5.839e-08 4.179e-08 3.778e-08 4.408e-08 2.175e-08 1.775e-08 1.259e-08 1.030e-08 1.145e-08 2.862e-09 8.014e-09
7.442e-09 1.603e-08 1.374e-08 5.095e-08 8.358e-08 1.803e-07 1.689e-07 1.551e-07 1.248e-07 1.111e-07 8.186e-08 8.243e-08 6.068e-08 4.122e-08 2.919e-08 2.233e-08 1.717e-08 1.546e-08 9.731e-09 1.088e-08
9.731e-09 1.259e-08 2.175e-08 6.526e-08 1.752e-07 4.030e-07 4.786e-07 3.200e-07 2.192e-07 1.706e-07 1.580e-07 1.408e-07 1.168e-07 8.071e-08 3.377e-08 1.832e-08 1.488e-08 1.145e-08 8.014e-09 9.731e-09
8.587e-09 2.290e-08 2.233e-08 7.785e-08 2.089e-07 5.558e-07 7.276e-07 4.316e-07 2.295e-07 1.729e-07 1.729e-07 1.860e-07 1.408e-07 6.869e-08 4.007e-08 1.374e-08 1.603e-08 1.374e-08 1.088e-08 6.297e-09
9.159e-09 9.159e-09 1.717e-08 4.064e-08 1.202e-07 2.553e-07 3.234e-07 2.032e-07 1.334e-07 1.053e-07 8.415e-08 8.129e-08 5.266e-08 3.835e-08 1.546e-08 1.488e-08 1.317e-08 6.297e-09 7.442e-09 9.159e-09
6.869e-09 5.724e-09 1.202e-08 1.889e-08 5.152e-08 6.869e-08 7.785e-08 6.011e-08 4.694e-08 3.492e-08 3.263e-08 2.576e-08 2.461e-08 1.660e-08 1.145e-08 9.159e-09 6.297e-09 9.159e-09 5.724e-09 4.580e-09
3.435e-09 3.435e-09 4.007e-09 1.145e-08 1.775e-08 2.805e-08 1.832e-08 2.633e-08 1.832e-08 2.175e-08 1.775e-08 1.202e-08 8.587e-09 8.014e-09 5.152e-09 2.862e-09 5.152e-09 3.435e-09 5.724e-09 4.580e-09
5.724e-09 5.724e-09 6.297e-09 7.442e-09 1.088e-08 1.145e-08 1.259e-08 1.145e-08 1.202e-08 1.030e-08 8.014e-09 6.297e-09 5.724e-09 4.007e-09 5.724e-09 3.435e-09 3.435e-09 1.145e-09 2.290e-09 3.435e-09
5.724e-09 6.869e-09 7.442e-09 4.580e-09 9.159e-09 5.152e-09 4.580e-09 2.290e-09 5.152e-09 5.152e-09 4.007e-09 3.435e-09 4.007e-09 3.435e-09 5.152e-09 1.717e-09 2.862e-09 1.717e-09 5.724e-10 2.862e-09
2.862e-09 2.290e-09 5.724e-09 4.007e-09 3.435e-09 5.152e-09 5.152e-09 5.724e-09 2.862e-09 5.724e-10 2.862e-09 1.717e-09 2.290e-09 1.145e-09 1.717e-09 2.862e-09 1.145e-09 2.290e-09 2.862e-09 2.290e-09
4.007e-09 5.152e-09 1.145e-09 2.290e-09 5.724e-09 3.435e-09 2.290e-09 1.717e-09 5.724e-10 2.290e-09 1.717e-09 0.000e+00 4.580e-09 5.724e-10 5.724e-10 1.145e-09 3.435e-09 5.724e-10 5.724e-10 5.724e-10
2.290e-09 4.007e-09 2.862e-09 2.290e-09 3.435e-09 2.862e-09 2.290e-09 2.862e-09 1.145e-09 2.290e-09 0.000e+00 2.290e-09 1.717e-09 1.145e-09 1.145e-09 2.862e-09 3.435e-09 1.145e-09 1.145e-09 1.145e-09
2.290e-09 2.290e-09 1.145e-09 1.717e-09 1.717e-09 1.145e-09 2.862e-09 5.724e-10 1.145e-09 1.145e-09 1.145e-09 1.717e-09 0.000e+00 1.145e-09 2.862e-09 2.290e-09 0.000e+00 5.724e-10 2.290e-09 1.145e-09
5.724e-10 2.290e-09 2.290e-09 1.717e-09 1.145e-09 0.000e+00 5.724e-10 5.724e-10 1.717e-09 1.145e-09 2.290e-09 1.145e-09 2.290e-09 2.290e-09 2.290e-09 2.290e-09 1.717e-09 1.145e-09 5.724e-10 0.000e+00
5.724e-10 5.152e-09 2.290e-09 3.435e-09 0.000e+00 1.717e-09 2.862e-09 2.290e-09 2.862e-09 1.717e-09 2.290e-09 1.145e-09 1.145e-09 1.717e-09 2.290e-09 1.717e-09 2.862e-09 5.724e-10 5.724e-10 2.290e-09
1.145e-09 2.862e-09 5.724e-10 1.717e-09 2.290e-09 2.862e-09 2.862e-09 2.862e-09 1.717e-09 1.717e-09 0.000e+00 5.724e-10 2.290e-09 2.862e-09 5.724e-10 5.724e-10 2.290e-09 0.000e+00 1.717e-09 1.717e-09
# 2D Marginal for parameters ycen and dP_mu with ranges 4.5150e+06 4.5250e+06 and 1.0012e-04 9.9960e-03
3.034e-03 5.258e-03 5.258e-03 4.247e-03 4.045e-03 2.427e-03 3.640e-03 2.831e-03 1.618e-03 4.045e-03 2.629e-03 2.022e-03 2.831e-03 1.820e-03 2.022e-03 2.427e-03 2.831e-03 3.438e-03 3.034e-03 3.034e-03
4.854e-03 3.640e-03 5.056e-03 4.247e-03 5.056e-03 4.045e-03 3.640e-03 2.831e-03 4.045e-03 4.651e-03 3.842e-03 3.236e-03 4.247e-03 2.022e-03 3.438e-03 2.225e-03 4.247e-03 4.247e-03 4.854e-03 3.842e-03
6.269e-03 6.269e-03 7.078e-03 7.280e-03 5.663e-03 6.067e-03 5.663e-03 6.674e-03 5.258e-03 4.449e-03 4.449e-03 4.651e-03 4.045e-03 3.438e-03 4.651e-03 4.045e-03 3.438e-03 2.225e-03 3.236e-03 7.280e-03
7.280e-03 7.685e-03 8.494e-03 9.101e-03 9.101e-03 1.072e-02 9.707e-03 1.011e-02 9.505e-03 6.471e-03 6.067e-03 5.460e-03 4.247e-03 6.876e-03 7.078e-03 3.438e-03 5.258e-03 3.640e-03 5.460e-03 6.674e-03
8.898e-03 1.193e-02 1.618e-02 1.598e-02 1.416e-02 1.476e-02 1.861e-02 1.395e-02 1.658e-02 1.112e-02 1.112e-02 1.092e-02 1.315e-02 9.101e-03 1.213e-02 8.696e-03 7.280e-03 7.887e-03 7.887e-03 1.254e-02
1.618e-02 2.589e-02 3.357e-02 3.458e-02 3.013e-02 2.366e-02 3.013e-02 2.932e-02 2.791e-02 2.528e-02 2.083e-02 2.103e-02 2.285e-02 2.245e-02 2.063e-02 1.517e-02 1.254e-02 1.436e-02 1.173e-02 1.497e-02
1.921e-02 4.672e-02 7.119e-02 6.047e-02 5.076e-02 4.247e-02 5.319e-02 7.584e-02 7.523e-02 7.402e-02 5.521e-02 4.186e-02 3.155e-02 3.660e-02 3.519e-02 2.103e-02 2.609e-02 2.144e-02 1.739e-02 1.658e-02
2.103e-02 5.177e-02 8.939e-02 6.916e-02 5.925e-02 4.550e-02 6.714e-02 1.094e-01 1.296e-01 1.228e-01 6.734e-02 4.247e-02 4.085e-02 4.348e-02 2.932e-02 2.932e-02 2.346e-02 2.386e-02 2.083e-02 1.881e-02
1.436e-02 2.245e-02 3.741e-02 4.105e-02 3.539e-02 3.013e-02 3.863e-02 4.874e-02 5.501e-02 4.651e-02 3.175e-02 2.467e-02 1.962e-02 1.658e-02 1.780e-02 1.476e-02 1.780e-02 1.072e-02 1.092e-02 9.707e-03
8.898e-03 9.909e-03 1.254e-02 1.213e-02 1.335e-02 9.909e-03 1.294e-02 1.355e-02 1.375e-02 9.909e-03 1.133e-02 7.078e-03 7.483e-03 5.258e-03 8.898e-03 6.471e-03 5.663e-03 6.067e-03 5.056e-03 6.876e-03
5.056e-03 4.247e-03 4.651e-03 5.056e-03 6.269e-03 4.854e-03 3.842e-03 4.854e-03 5.056e-03 3.842e-03 4.854e-03 2.831e-03 3.640e-03 4.449e-03 3.438e-03 2.831e-03 4.247e-03 1.820e-03 1.820e-03 2.225e-03
2.629e-03 2.427e-03 3.236e-03 3.236e-03 2.629e-03 2.629e-03 3.640e-03 1.820e-03 1.618e-03 2.022e-03 2.225e-03 2.427e-03 2.427e-03 2.225e-03 2.225e-03 2.022e-03 1.820e-03 3.236e-03 8.089e-04 3.236e-03
1.213e-03 1.618e-03 8.089e-04 2.022e-03 1.213e-03 3.236e-03 2.225e-03 2.022e-03 8.089e-04 1.820e-03 1.618e-03 1.618e-03 1.618e-03 1.618e-03 1.213e-03 6.067e-04 1.820e-03 8.089e-04 1.213e-03 1.213e-03
2.022e-03 8.089e-04 1.011e-03 1.213e-03 6.067e-04 2.225e-03 1.416e-03 8.089e-04 6.067e-04 4.045e-04 8.089e-04 1.011e-03 1.213e-03 4.045e-04 1.213e-03 1.820e-03 0.000e+00 1.416e-03 1.011e-03 8.089e-04
8.089e-04 1.011e-03 6.067e-04 6.067e-04 1.416e-03 4.045e-04 6.067e-04 1.820e-03 4.045e-04 6.067e-04 1.011e-03 8.089e-04 4.045e-04 1.011e-03 4.045e-04 6.067e-04 8.089e-04 6.067e-04 0.000e+00 1.011e-03
1.416e-03 6.067e-04 1.213e-03 1.011e-03 6.067e-04 6.067e-04 0.000e+00 4.045e-04 1.213e-03 8.089e-04 2.022e-04 4.045e-04 6.067e-04 4.045e-04 1.213e-03 6.067e-04 8.089e-04 1.011e-03 1.618e-03 2.022e-04
4.045e-04 4.045e-04 6.067e-04 0.000e+00 4.045e-04 6.067e-04 8.089e-04 2.022e-04 2.022e-04 8.089e-04 4.045e-04 1.011e-03 2.022e-04 1.011e-03 4.045e-04 8.089e-04 6.067e-04 2.022e-04 2.022e-04 1.011e-03
8.089e-04 1.011e-03 6.067e-04 4.045e-04 8.089e-04 4.045e-04 6.067e-04 0.000e+00 4.045e-04 2.022e-04 2.022e-04 2.022e-04 8.089e-04 4.045e-04 8.089e-04 6.067e-04 4.045e-04 2.022e-04 6.067e-04 4.045e-04
8.089e-04 1.011e-03 4.045e-04 6.067e-04 2.022e-04 1.011e-03 2.022e-04 6.067e-04 6.067e-04 6.067e-04 1.416e-03 8.089e-04 1.011e-03 2.022e-04 1.011e-03 1.011e-03 8.089e-04 4.045e-04 8.089e-04 4.045e-04
2.022e-04 6.067e-04 4.045e-04 6.067e-04 6.067e-04 1.416e-03 4.045e-04 4.045e-04 6.067e-04 2.022e-04 6.067e-04 6.067e-04 8.089e-04 6.067e-04 1.416e-03 8.089e-04 2.022e-04 8.089e-04 0.000e+00 4.045e-04
# 2D Marginal for parameters ycen and strike with ranges 4.5150e+06 4.5250e+06 and -4.9988e+01 1.2999e+02
1.557e-07 1.779e-07 1.223e-07 1.112e-07 2.446e-07 1.668e-07 1.557e-07 1.668e-07 2.780e-07 2.224e-07 2.558e-07 1.223e-07 2.113e-07 1.557e-07 1.112e-07 1.112e-07 4.448e-08 2.002e-07 2.446e-07 1.779e-07
2.113e-07 1.557e-07 2.335e-07 1.223e-07 1.890e-07 2.224e-07 2.224e-07 2.446e-07 2.669e-07 2.113e-07 3.225e-07 1.668e-07 3.002e-07 2.780e-07 1.890e-07 2.335e-07 1.779e-07 1.668e-07 1.890e-07 2.002e-07
3.225e-07 1.890e-07 2.446e-07 1.446e-07 2.891e-07 2.446e-07 3.447e-07 2.113e-07 2.891e-07 3.558e-07 4.114e-07 4.114e-07 2.446e-07 3.781e-07 2.669e-07 3.781e-07 1.557e-07 2.669e-07 2.335e-07 2.335e-07
3.447e-07 3.225e-07 3.113e-07 2.780e-07 2.446e-07 3.113e-07 2.780e-07 3.447e-07 3.892e-07 6.338e-07 4.448e-07 4.893e-07 4.448e-07 4.670e-07 4.114e-07 4.893e-07 4.893e-07 3.781e-07 4.559e-07 3.002e-07
4.337e-07 3.781e-07 4.670e-07 4.448e-07 4.893e-07 5.337e-07 5.004e-07 6.449e-07 6.672e-07 5.226e-07 7.895e-07 9.563e-07 1.045e-06 1.090e-06 9.896e-07 7.784e-07 7.784e-07 6.672e-07 5.226e-07 6.561e-07
5.782e-07 5.004e-07 4.893e-07 6.116e-07 7.673e-07 8.784e-07 7.561e-07 1.123e-06 9.340e-07 1.357e-06 1.601e-06 2.079e-06 2.435e-06 2.168e-06 2.068e-06 1.857e-06 1.668e-06 1.245e-06 9.340e-07 8.673e-07
6.561e-07 4.893e-07 5.449e-07 6.672e-07 9.007e-07 9.896e-07 1.090e-06 1.279e-06 1.134e-06 1.457e-06 2.235e-06 3.102e-06 5.349e-06 7.283e-06 5.882e-06 5.148e-06 3.981e-06 2.624e-06 1.990e-06 1.145e-06
6.005e-07 5.004e-07 5.893e-07 6.672e-07 9.340e-07 9.785e-07 8.896e-07 1.279e-06 1.090e-06 1.357e-06 2.213e-06 3.536e-06 7.161e-06 1.055e-05 8.340e-06 7.684e-06 5.360e-06 3.291e-06 2.079e-06 1.646e-06
3.781e-07 3.558e-07 3.336e-07 3.225e-07 6.338e-07 8.006e-07 6.116e-07 8.896e-07 6.449e-07 8.896e-07 1.390e-06 1.812e-06 2.902e-06 3.770e-06 3.692e-06 3.558e-06 2.669e-06 1.568e-06 1.490e-06 1.201e-06
3.447e-07 2.224e-07 1.779e-07 2.224e-07 4.559e-07 4.003e-07 3.558e-07 4.670e-07 4.448e-07 4.670e-07 5.226e-07 7.228e-07 7.895e-07 8.117e-07 8.451e-07 7.784e-07 7.895e-07 5.671e-07 5.004e-07 4.003e-07
1.334e-07 1.223e-07 8.896e-08 1.446e-07 1.001e-07 1.779e-07 2.224e-07 2.224e-07 2.224e-07 2.446e-07 3.002e-07 2.446e-07 1.557e-07 3.336e-07 2.891e-07 3.225e-07 2.669e-07 2.335e-07 2.446e-07 3.225e-07
1.668e-07 7.784e-08 1.001e-07 1.112e-07 1.334e-07 1.223e-07 1.557e-07 1.446e-07 7.784e-08 1.112e-07 1.112e-07 1.557e-07 2.002e-07 2.113e-07 1.334e-07 1.112e-07 1.557e-07 1.446e-07 1.112e-07 1.334e-07
1.001e-07 8.896e-08 7.784e-08 6.672e-08 4.448e-08 6.672e-08 7.784e-08 7.784e-08 8.896e-08 1.334e-07 4.448e-08 8.896e-08 1.112e-07 8.896e-08 4.448e-08 1.112e-07 1.334e-07 5.560e-08 6.672e-08 1.001e-07
4.448e-08 7.784e-08 5.560e-08 3.336e-08 8.896e-08 2.224e-08 1.001e-07 4.448e-08 8.896e-08 8.896e-08 5.560e-08 5.560e-08 5.560e-08 4.448e-08 1.112e-08 5.560e-08 3.336e-08 7.784e-08 5.560e-08 5.560e-08
1.112e-08 5.560e-08 3.336e-08 1.112e-08 6.672e-08 6.672e-08 2.224e-08 4.448e-08 1.112e-08 5.560e-08 7.784e-08 4.448e-08 2.224e-08 5.560e-08 2.224e-08 5.560e-08 4.448e-08 2.224e-08 4.448e-08 5.560e-08
3.336e-08 4.448e-08 6.672e-08 2.224e-08 4.448e-08 3.336e-08 4.448e-08 2.224e-08 6.672e-08 4.448e-08 8.896e-08 6.672e-08 3.336e-08 5.560e-08 1.112e-08 4.448e-08 1.112e-08 3.336e-08 2.224e-08 3.336e-08
1.112e-08 4.448e-08 4.448e-08 3.336e-08 6.672e-08 3.336e-08 4.448e-08 1.112e-08 4.448e-08 2.224e-08 3.336e-08 1.112e-08 3.336e-08 0.000e+00 1.112e-08 3.336e-08 1.112e-08 3.336e-08 2.224e-08 2.224e-08
4.448e-08 3.336e-08 2.224e-08 2.224e-08 2.224e-08 3.336e-08 2.224e-08 1.112e-08 4.448e-08 4.448e-08 2.224e-08 3.336e-08 4.448e-08 6.672e-08 1.112e-08 2.224e-08 1.112e-08 3.336e-08 0.000e+00 0.000e+00
4.448e-08 0.000e+00 5.560e-08 2.224e-08 2.224e-08 4.448e-08 8.896e-08 5.560e-08 4.448e-08 2.224e-08 2.224e-08 3.336e-08 5.560e-08 3.336e-08 5.560e-08 3.336e-08 3.336e-08 2.224e-08 4.448e-08 3.336e-08
2.224e-08 3.336e-08 5.560e-08 2.224e-08 3.336e-08 6.672e-08 3.336e-08 3.336e-08 1.112e-08 1.112e-08 0.000e+00 4.448e-08 7.784e-08 4.448e-08 0.000e+00 3.336e-08 5.560e-08 4.448e-08 1.112e-08 1.112e-08
# 2D Marginal for parameters ycen and dip with ranges 4.5150e+06 4.5250e+06 and 1.0093e-01 2.9999e+01
1.071e-06 9.371e-07 1.406e-06 6.024e-07 1.272e-06 9.371e-07 8.702e-07 1.004e-06 1.272e-06 1.272e-06 6.694e-07 7.363e-07 9.371e-07 1.205e-06 7.363e-07 7.363e-07 8.032e-07 1.071e-06 1.406e-06 1.740e-06
2.008e-06 6.024e-07 1.406e-06 1.540e-06 1.272e-06 1.339e-06 1.406e-06 1.540e-06 1.071e-06 1.339e-06 1.339e-06 1.071e-06 1.473e-06 1.473e-06 9.371e-07 8.032e-07 1.205e-06 1.138e-06 1.406e-06 1.540e-06
2.209e-06 1.406e-06 1.540e-06 1.004e-06 2.075e-06 1.606e-06 1.740e-06 1.740e-06 1.540e-06 1.606e-06 2.209e-06 1.272e-06 1.874e-06 1.740e-06 2.410e-06 1.540e-06 1.473e-06 1.138e-06 1.540e-06 2.142e-06
2.410e-06 1.941e-06 2.008e-06 2.209e-06 2.878e-06 2.945e-06 2.276e-06 2.811e-06 2.142e-06 2.142e-06 2.677e-06 2.677e-06 2.276e-06 2.544e-06 1.606e-06 1.406e-06 2.611e-06 2.744e-06 2.209e-06 2.611e-06
3.481e-06 2.142e-06 2.744e-06 2.611e-06 3.414e-06 3.414e-06 4.418e-06 4.552e-06 3.882e-06 4.686e-06 5.556e-06 4.485e-06 4.619e-06 4.953e-06 3.548e-06 3.548e-06 3.815e-06 5.288e-06 4.284e-06 4.953e-06
4.686e-06 3.481e-06 3.748e-06 4.686e-06 6.024e-06 6.225e-06 7.296e-06 7.028e-06 6.961e-06 8.836e-06 9.438e-06 8.568e-06 1.044e-05 1.011e-05 1.091e-05 8.434e-06 9.036e-06 8.501e-06 6.827e-06 8.769e-06
4.953e-06 3.615e-06 4.686e-06 5.221e-06 7.229e-06 8.434e-06 1.058e-05 1.017e-05 1.011e-05 1.312e-05 1.426e-05 1.908e-05 2.162e-05 2.751e-05 2.068e-05 1.727e-05 2.517e-05 2.691e-05 2.082e-05 1.720e-05
4.886e-06 3.414e-06 4.016e-06 4.351e-06 7.363e-06 7.296e-06 1.245e-05 1.225e-05 1.111e-05 1.372e-05 1.426e-05 1.894e-05 2.577e-05 3.514e-05 2.965e-05 2.289e-05 3.802e-05 4.686e-05 3.313e-05 2.015e-05
3.815e-06 1.941e-06 2.209e-06 2.811e-06 4.284e-06 4.886e-06 5.288e-06 7.765e-06 5.957e-06 6.827e-06 8.166e-06 8.300e-06 1.218e-05 1.453e-05 1.486e-05 1.439e-05 1.653e-05 1.881e-05 1.479e-05 1.171e-05
2.410e-06 1.473e-06 1.071e-06 1.941e-06 2.744e-06 2.343e-06 2.744e-06 3.146e-06 2.611e-06 3.146e-06 2.945e-06 4.016e-06 3.882e-06 3.280e-06 4.418e-06 3.280e-06 4.351e-06 4.686e-06 3.548e-06 3.882e-06
1.606e-06 8.032e-07 8.032e-07 7.363e-07 8.702e-07 1.540e-06 1.606e-06 1.272e-06 1.272e-06 9.371e-07 1.540e-06 1.473e-06 1.540e-06 1.205e-06 1.540e-06 2.142e-06 1.406e-06 1.272e-06 1.339e-06 1.540e-06
6.024e-07 8.702e-07 1.138e-06 3.347e-07 6.694e-07 4.686e-07 4.686e-07 8.702e-07 4.016e-07 8.702e-07 6.694e-07 9.371e-07 8.032e-07 8.032e-07 8.032e-07 8.032e-07 1.339e-06 9.371e-07 1.138e-06 1.138e-06
5.355e-07 5.355e-07 3.347e-07 8.032e-07 6.694e-07 4.686e-07 4.016e-07 4.686e-07 4.686e-07 6.024e-07 4.686e-07 4.016e-07 5.355e-07 6.694e-08 6.694e-07 6.024e-07 2.008e-07 8.702e-07 4.686e-07 4.686e-07
3.347e-07 6.024e-07 2.677e-07 2.008e-07 5.355e-07 2.677e-07 4.016e-07 6.694e-08 2.677e-07 2.677e-07 6.694e-07 3.347e-07 3.347e-07 4.016e-07 2.008e-07 3.347e-07 1.339e-07 4.016e-07 4.016e-07 4.686e-07
3.347e-07 3.347e-07 3.347e-07 4.686e-07 3.347e-07 2.008e-07 4.686e-07 2.677e-07 0.000e+00 3.347e-07 6.694e-08 2.677e-07 1.339e-07 1.339e-07 1.339e-07 2.008e-07 2.008e-07 4.016e-07 6.694e-08 2.677e-07
2.008e-07 2.008e-07 1.339e-07 6.694e-08 1.339e-07 2.008e-07 4.016e-07 2.008e-07 3.347e-07 2.677e-07 4.016e-07 0.000e+00 1.339e-07 5.355e-07 3.347e-07 6.024e-07 6.694e-08 6.694e-08 2.008e-07 4.686e-07
6.694e-08 1.339e-07 2.677e-07 2.008e-07 2.008e-07 6.694e-08 2.008e-07 1.339e-07 2.677e-07 0.000e+00 2.008e-07 2.677e-07 2.677e-07 2.677e-07 2.008e-07 6.694e-08 1.339e-07 1.339e-07 1.339e-07 2.008e-07
2.677e-07 1.339e-07 2.677e-07 1.339e-07 0.000e+00 2.677e-07 1.339e-07 1.339e-07 2.677e-07 1.339e-07 2.677e-07 0.000e+00 4.016e-07 6.694e-08 2.008e-07 1.339e-07 1.339e-07 6.694e-08 6.694e-08 2.008e-07
3.347e-07 4.016e-07 6.694e-08 5.355e-07 2.008e-07 6.694e-08 2.008e-07 2.008e-07 2.008e-07 3.347e-07 2.677e-07 6.694e-08 3.347e-07 0.000e+00 1.339e-07 1.339e-07 4.016e-07 1.339e-07 2.677e-07 3.347e-07
1.339e-07 3.347e-07 1.339e-07 2.677e-07 2.008e-07 2.008e-07 2.008e-07 6.694e-08 2.677e-07 1.339e-07 0.000e+00 3.347e-07 0.000e+00 6.694e-08 0.000e+00 4.016e-07 2.008e-07 2.008e-07 6.024e-07 1.339e-07
# 2D Marginal for parameters depth and s_axis_max with ranges 2.0001e+03 6.9990e+03 and 5.0144e+02 3.9975e+03
9.155e-09 1.945e-08 1.831e-08 3.891e-08 4.005e-08 3.090e-08 4.806e-08 2.861e-08 4.349e-08 2.747e-08 1.602e-08 1.717e-08 1.144e-08 6.866e-09 1.259e-08 8.011e-09 1.030e-08 4.578e-09 6.866e-09 8.011e-09
9.155e-09 2.060e-08 1.488e-08 3.548e-08 8.011e-08 1.007e-07 1.133e-07 9.842e-08 4.921e-08 2.975e-08 2.518e-08 2.632e-08 1.259e-08 1.259e-08 8.011e-09 5.722e-09 1.373e-08 1.144e-08 8.011e-09 6.866e-09
1.259e-08 1.259e-08 1.488e-08 4.806e-08 9.613e-08 2.254e-07 1.957e-07 1.453e-07 1.156e-07 7.210e-08 6.294e-08 5.035e-08 2.861e-08 1.488e-08 1.144e-08 1.602e-08 8.011e-09 8.011e-09 5.722e-09 8.011e-09
1.144e-08 2.174e-08 3.776e-08 6.981e-08 1.911e-07 4.555e-07 4.211e-07 2.083e-07 1.659e-07 1.076e-07 1.087e-07 8.011e-08 5.722e-08 3.662e-08 1.488e-08 1.373e-08 6.866e-09 8.011e-09 5.722e-09 8.011e-09
1.030e-08 1.717e-08 2.518e-08 6.866e-08 2.014e-07 6.088e-07 7.347e-07 3.159e-07 1.408e-07 1.270e-07 1.213e-07 1.499e-07 1.247e-07 5.951e-08 2.289e-08 1.602e-08 1.030e-08 6.866e-09 4.578e-09 1.259e-08
1.030e-08 9.155e-09 1.945e-08 8.468e-08 2.117e-07 5.127e-07 7.702e-07 4.372e-07 1.968e-07 1.293e-07 1.202e-07 1.614e-07 1.144e-07 9.613e-08 2.975e-08 1.259e-08 1.144e-08 8.011e-09 3.433e-09 9.155e-09
1.373e-08 1.259e-08 2.975e-08 7.553e-08 1.820e-07 3.628e-07 5.058e-07 3.616e-07 1.980e-07 1.476e-07 1.522e-07 1.568e-07 1.350e-07 8.812e-08 4.005e-08 2.403e-08 9.155e-09 8.011e-09 5.722e-09 4.578e-09
1.259e-08 2.632e-08 2.403e-08 6.981e-08 1.396e-07 3.410e-07 3.204e-07 2.529e-07 1.820e-07 1.488e-07 1.270e-07 1.270e-07 1.019e-07 6.866e-08 3.662e-08 1.259e-08 1.488e-08 1.030e-08 8.011e-09 6.866e-09
1.373e-08 2.060e-08 2.518e-08 4.806e-08 1.213e-07 2.140e-07 2.220e-07 1.865e-07 1.282e-07 1.224e-07 9.270e-08 8.468e-08 9.727e-08 4.578e-08 2.518e-08 1.717e-08 1.717e-08 1.259e-08 5.722e-09 1.602e-08
1.144e-08 1.144e-08 2.289e-08 3.891e-08 7.782e-08 1.499e-07 1.762e-07 1.671e-07 1.293e-07 9.270e-08 7.553e-08 7.210e-08 5.951e-08 2.518e-08 2.403e-08 1.488e-08 1.717e-08 8.011e-09 1.259e-08 9.155e-09
1.030e-08 1.945e-08 2.403e-08 2.518e-08 6.866e-08 8.697e-08 1.259e-07 1.293e-07 1.122e-07 9.613e-08 6.409e-08 6.065e-08 4.005e-08 3.548e-08 2.747e-08 1.831e-08 1.144e-08 6.866e-09 1.259e-08 1.717e-08
5.722e-09 1.144e-08 1.717e-08 2.632e-08 3.433e-08 5.951e-08 8.125e-08 1.167e-07 9.498e-08 8.354e-08 6.409e-08 4.120e-08 3.662e-08 2.289e-08 2.174e-08 1.831e-08 1.144e-08 9.155e-09 3.433e-09 1.144e-08
1.030e-08 1.717e-08 5.722e-09 1.831e-08 1.831e-08 5.836e-08 7.553e-08 8.125e-08 6.752e-08 6.637e-08 5.951e-08 4.463e-08 3.319e-08 2.060e-08 2.289e-08 5.722e-09 1.259e-08 9.155e-09 5.722e-09 9.155e-09
1.144e-08 8.011e-09 9.155e-09 1.373e-08 3.662e-08 4.349e-08 4.349e-08 6.752e-08 6.981e-08 7.324e-08 5.493e-08 5.493e-08 3.090e-08 1.945e-08 1.602e-08 1.373e-08 1.945e-08 1.144e-08 8.011e-09 1.259e-08
5.722e-09 1.144e-08 1.373e-08 8.011e-09 1.488e-08 2.861e-08 3.662e-08 5.379e-08 6.294e-08 5.722e-08 4.921e-08 3.891e-08 2.975e-08 2.975e-08 1.259e-08 5.722e-09 1.945e-08 1.945e-08 1.488e-08 1.259e-08
9.155e-09 1.373e-08 1.259e-08 1.602e-08 2.174e-08 2.060e-08 3.319e-08 3.776e-08 5.035e-08 4.921e-08 4.578e-08 3.776e-08 2.518e-08 1.602e-08 1.831e-08 1.831e-08 1.945e-08 1.602e-08 1.488e-08 3.433e-09
6.866e-09 6.866e-09 8.011e-09 1.030e-08 1.717e-08 2.174e-08 3.090e-08 3.090e-08 5.379e-08 4.806e-08 3.090e-08 2.747e-08 1.717e-08 2.060e-08 2.632e-08 2.060e-08 1.602e-08 1.030e-08 8.011e-09 1.144e-08
9.155e-09 1.602e-08 8.011e-09 1.259e-08 1.717e-08 1.831e-08 3.090e-08 2.861e-08 3.891e-08 3.662e-08 3.319e-08 3.204e-08 3.776e-08 2.060e-08 1.602e-08 1.717e-08 1.717e-08 1.717e-08 1.602e-08 1.373e-08
9.155e-09 1.030e-08 9.155e-09 9.155e-09 1.030e-08 2.289e-08 2.861e-08 2.289e-08 2.975e-08 2.747e-08 2.518e-08 2.403e-08 2.747e-08 2.060e-08 1.030e-08 1.373e-08 1.030e-08 1.717e-08 1.144e-08 4.578e-09
1.030e-08 8.011e-09 1.488e-08 1.602e-08 1.602e-08 2.632e-08 2.747e-08 3.662e-08 2.861e-08 3.090e-08 2.975e-08 3.090e-08 2.747e-08 1.602e-08 2.060e-08 1.717e-08 1.030e-08 6.866e-09 1.945e-08 6.866e-09
# 2D Marginal for parameters depth and dP_mu with ranges 2.0001e+03 6.9990e+03 and 1.0012e-04 9.9960e-03
1.294e-02 1.375e-02 1.092e-02 1.375e-02 9.299e-03 1.213e-02 9.703e-03 6.469e-03 8.490e-03 6.064e-03 4.852e-03 4.447e-03 2.830e-03 8.895e-03 5.256e-03 3.234e-03 2.021e-03 2.021e-03 2.021e-03 4.447e-03
1.617e-02 1.981e-02 2.264e-02 2.426e-02 2.264e-02 1.779e-02 1.617e-02 1.455e-02 1.415e-02 1.455e-02 1.132e-02 1.496e-02 6.469e-03 5.660e-03 7.277e-03 2.021e-03 2.830e-03 2.021e-03 2.830e-03 2.830e-03
1.819e-02 2.466e-02 4.205e-02 4.407e-02 3.881e-02 2.385e-02 3.437e-02 2.951e-02 3.558e-02 2.951e-02 1.698e-02 1.455e-02 1.577e-02 8.895e-03 7.277e-03 6.064e-03 4.447e-03 4.043e-03 4.043e-03 4.447e-03
2.102e-02 4.003e-02 5.741e-02 4.852e-02 4.447e-02 3.760e-02 5.175e-02 5.984e-02 8.369e-02 7.641e-02 5.296e-02 3.315e-02 3.073e-02 2.264e-02 1.455e-02 8.086e-03 1.051e-02 5.256e-03 1.051e-02 8.086e-03
2.102e-02 6.064e-02 7.439e-02 5.458e-02 4.447e-02 4.245e-02 5.903e-02 1.031e-01 1.431e-01 1.367e-01 5.903e-02 2.951e-02 3.477e-02 3.194e-02 3.073e-02 1.455e-02 1.294e-02 8.086e-03 1.132e-02 9.299e-03
1.415e-02 5.660e-02 8.531e-02 4.932e-02 4.892e-02 3.760e-02 6.145e-02 1.152e-01 1.480e-01 1.197e-01 6.469e-02 3.881e-02 4.083e-02 3.841e-02 3.437e-02 2.062e-02 2.102e-02 1.941e-02 1.375e-02 1.334e-02
1.779e-02 4.932e-02 7.884e-02 6.792e-02 5.539e-02 3.113e-02 4.569e-02 8.369e-02 7.156e-02 6.792e-02 4.811e-02 3.841e-02 2.628e-02 3.720e-02 3.841e-02 3.639e-02 2.709e-02 2.709e-02 1.819e-02 2.143e-02
1.779e-02 3.073e-02 5.741e-02 5.498e-02 5.215e-02 3.356e-02 4.124e-02 4.488e-02 3.598e-02 3.315e-02 3.234e-02 3.315e-02 3.598e-02 3.881e-02 4.205e-02 3.194e-02 3.396e-02 2.830e-02 2.102e-02 1.819e-02
1.577e-02 2.224e-02 3.922e-02 3.962e-02 3.315e-02 2.668e-02 2.709e-02 3.477e-02 2.385e-02 2.385e-02 2.830e-02 2.264e-02 2.587e-02 2.992e-02 2.790e-02 2.668e-02 2.345e-02 2.587e-02 1.617e-02 2.264e-02
9.299e-03 1.334e-02 2.547e-02 3.113e-02 2.507e-02 1.981e-02 3.194e-02 2.466e-02 1.819e-02 1.819e-02 2.304e-02 2.709e-02 2.426e-02 2.102e-02 2.183e-02 1.819e-02 2.183e-02 1.455e-02 1.536e-02 1.819e-02
1.577e-02 9.299e-03 1.941e-02 2.224e-02 1.860e-02 2.021e-02 2.385e-02 2.062e-02 1.819e-02 1.941e-02 2.021e-02 1.819e-02 1.779e-02 1.738e-02 1.698e-02 9.299e-03 1.617e-02 1.172e-02 1.455e-02 2.062e-02
7.277e-03 1.213e-02 1.253e-02 1.496e-02 1.334e-02 2.062e-02 1.658e-02 2.143e-02 1.779e-02 1.577e-02 1.860e-02 1.132e-02 1.213e-02 1.294e-02 1.375e-02 9.703e-03 8.086e-03 1.294e-02 8.490e-03 1.213e-02
6.873e-03 6.873e-03 1.011e-02 1.132e-02 1.051e-02 1.819e-02 1.658e-02 1.941e-02 1.617e-02 1.455e-02 1.496e-02 9.703e-03 9.703e-03 1.051e-02 9.703e-03 5.256e-03 1.132e-02 6.469e-03 6.064e-03 1.253e-02
8.086e-03 7.277e-03 1.294e-02 1.294e-02 1.375e-02 1.496e-02 1.375e-02 1.900e-02 1.092e-02 1.294e-02 1.172e-02 1.132e-02 7.682e-03 7.277e-03 8.086e-03 1.092e-02 6.469e-03 8.086e-03 1.132e-02 8.895e-03
1.011e-02 1.011e-02 7.682e-03 1.253e-02 1.294e-02 1.334e-02 1.294e-02 1.294e-02 9.299e-03 1.213e-02 6.873e-03 7.277e-03 6.469e-03 7.682e-03 9.299e-03 5.660e-03 6.064e-03 9.703e-03 4.447e-03 8.086e-03
1.011e-02 6.873e-03 1.051e-02 8.895e-03 1.051e-02 1.132e-02 1.213e-02 1.253e-02 1.092e-02 9.299e-03 9.703e-03 6.064e-03 6.873e-03 3.234e-03 4.447e-03 5.256e-03 6.469e-03 8.490e-03 6.469e-03 9.299e-03
5.256e-03 6.873e-03 8.086e-03 1.011e-02 8.086e-03 7.682e-03 8.086e-03 8.086e-03 1.132e-02 6.873e-03 1.213e-02 8.490e-03 5.660e-03 4.447e-03 4.852e-03 4.852e-03 4.447e-03 7.277e-03 9.703e-03 7.277e-03
1.092e-02 6.064e-03 9.299e-03 1.011e-02 8.490e-03 6.469e-03 1.496e-02 8.490e-03 6.064e-03 9.703e-03 7.277e-03 8.895e-03 5.660e-03 3.639e-03 6.064e-03 6.064e-03 7.682e-03 4.852e-03 7.277e-03 6.469e-03
5.660e-03 7.277e-03 7.277e-03 5.256e-03 6.064e-03 6.873e-03 8.895e-03 4.447e-03 8.895e-03 6.873e-03 6.064e-03 4.852e-03 4.447e-03 4.043e-03 2.830e-03 5.660e-03 5.660e-03 5.660e-03 6.873e-03 8.086e-03
6.469e-03 6.469e-03 7.682e-03 9.299e-03 6.469e-03 1.172e-02 7.682e-03 8.490e-03 7.682e-03 7.277e-03 6.469e-03 7.277e-03 6.873e-03 5.256e-03 3.234e-03 8.086e-03 7.682e-03 4.852e-03 6.469e-03 6.064e-03
# 2D Marginal for parameters depth and strike with ranges 2.0001e+03 6.9990e+03 and -4.9988e+01 1.2999e+02
1.778e-07 1.334e-07 2.223e-07 1.111e-07 2.001e-07 3.779e-07 2.890e-07 4.891e-07 5.113e-07 5.113e-07 7.114e-07 7.558e-07 7.780e-07 7.558e-07 4.891e-07 2.223e-07 3.557e-07 2.890e-07 2.223e-07 2.890e-07
1.778e-07 2.668e-07 1.556e-07 1.778e-07 2.001e-07 2.001e-07 4.668e-07 6.669e-07 5.113e-07 6.669e-07 8.225e-07 1.534e-06 1.423e-06 1.378e-06 1.045e-06 1.178e-06 7.558e-07 3.779e-07 5.335e-07 7.114e-07
2.668e-07 8.892e-08 2.001e-07 1.778e-07 3.334e-07 4.446e-07 4.891e-07 8.225e-07 6.224e-07 8.892e-07 1.156e-06 2.379e-06 2.223e-06 3.090e-06 2.468e-06 2.312e-06 1.801e-06 9.559e-07 8.892e-07 7.780e-07
2.445e-07 1.778e-07 1.334e-07 3.779e-07 5.113e-07 4.224e-07 4.891e-07 9.781e-07 9.559e-07 1.000e-06 1.845e-06 2.534e-06 4.913e-06 6.024e-06 5.113e-06 5.113e-06 3.912e-06 1.867e-06 1.400e-06 1.423e-06
2.001e-07 3.334e-07 2.668e-07 4.446e-07 8.447e-07 6.669e-07 7.558e-07 1.000e-06 8.447e-07 1.312e-06 1.667e-06 2.934e-06 6.224e-06 1.091e-05 8.625e-06 6.936e-06 4.690e-06 2.379e-06 1.623e-06 1.312e-06
4.001e-07 3.779e-07 3.779e-07 2.223e-07 8.003e-07 1.156e-06 1.000e-06 7.780e-07 8.670e-07 1.089e-06 2.001e-06 2.712e-06 7.291e-06 1.071e-05 8.514e-06 7.736e-06 4.891e-06 3.179e-06 2.023e-06 1.134e-06
5.780e-07 6.224e-07 6.447e-07 7.558e-07 6.891e-07 1.089e-06 8.670e-07 1.400e-06 1.134e-06 1.378e-06 2.067e-06 2.556e-06 5.313e-06 7.958e-06 6.380e-06 5.157e-06 3.868e-06 3.157e-06 2.045e-06 1.156e-06
9.337e-07 5.335e-07 4.224e-07 7.114e-07 9.114e-07 1.045e-06 1.312e-06 9.337e-07 9.337e-07 1.089e-06 2.334e-06 2.556e-06 3.779e-06 3.935e-06 4.535e-06 3.801e-06 3.423e-06 2.979e-06 2.223e-06 1.067e-06
8.225e-07 4.891e-07 6.002e-07 6.224e-07 6.002e-07 9.559e-07 1.178e-06 1.156e-06 1.045e-06 1.178e-06 1.534e-06 2.179e-06 2.623e-06 2.890e-06 2.356e-06 2.823e-06 2.534e-06 1.912e-06 1.245e-06 7.114e-07
5.780e-07 5.113e-07 6.447e-07 6.891e-07 7.336e-07 7.780e-07 8.892e-07 1.111e-06 6.224e-07 1.067e-06 1.356e-06 1.734e-06 1.734e-06 2.045e-06 1.978e-06 1.978e-06 1.712e-06 1.312e-06 1.000e-06 7.558e-07
7.780e-07 4.668e-07 6.669e-07 5.113e-07 9.114e-07 1.134e-06 7.336e-07 9.559e-07 8.225e-07 9.559e-07 1.067e-06 1.156e-06 1.512e-06 1.289e-06 1.156e-06 1.267e-06 1.312e-06 8.670e-07 8.892e-07 8.225e-07
3.779e-07 4.891e-07 6.891e-07 5.113e-07 8.892e-07 8.003e-07 4.891e-07 6.891e-07 8.447e-07 8.225e-07 8.225e-07 8.670e-07 1.023e-06 1.023e-06 8.225e-07 1.023e-06 7.780e-07 4.668e-07 7.336e-07 8.225e-07
5.557e-07 4.224e-07 5.780e-07 4.446e-07 8.003e-07 5.113e-07 4.224e-07 4.224e-07 6.447e-07 6.447e-07 9.114e-07 8.003e-07 7.114e-07 4.668e-07 6.447e-07 7.780e-07 7.336e-07 5.780e-07 7.336e-07 6.669e-07
5.557e-07 4.891e-07 6.669e-07 2.890e-07 6.224e-07 4.891e-07 5.557e-07 6.447e-07 4.446e-07 6.224e-07 7.780e-07 5.780e-07 9.114e-07 6.224e-07 7.558e-07 7.558e-07 4.891e-07 5.335e-07 5.335e-07 6.669e-07
4.446e-07 4.001e-07 3.112e-07 5.113e-07 4.224e-07 5.557e-07 3.112e-07 4.224e-07 6.002e-07 6.891e-07 6.224e-07 5.780e-07 6.002e-07 4.668e-07 3.557e-07 6.669e-07 6.669e-07 5.335e-07 4.001e-07 6.447e-07
5.335e-07 3.112e-07 2.890e-07 4.224e-07 5.113e-07 4.446e-07 3.334e-07 6.002e-07 5.113e-07 5.113e-07 6.002e-07 7.114e-07 4.668e-07 4.446e-07 4.001e-07 4.668e-07 3.557e-07 4.891e-07 4.446e-07 4.668e-07
2.223e-07 5.780e-07 2.445e-07 2.223e-07 5.557e-07 4.224e-07 3.112e-07 4.891e-07 3.112e-07 7.336e-07 4.446e-07 4.891e-07 3.779e-07 4.224e-07 3.334e-07 4.001e-07 4.446e-07 4.668e-07 4.001e-07 3.557e-07
3.334e-07 5.113e-07 2.890e-07 4.001e-07 3.557e-07 4.224e-07 4.001e-07 3.557e-07 4.891e-07 6.224e-07 5.335e-07 5.780e-07 4.224e-07 5.780e-07 3.112e-07 4.446e-07 4.668e-07 3.334e-07 3.779e-07 2.668e-07
5.557e-07 1.556e-07 2.890e-07 2.668e-07 2.445e-07 1.556e-07 3.112e-07 2.445e-07 4.668e-07 3.334e-07 3.112e-07 4.224e-07 4.668e-07 2.445e-07 2.001e-07 3.779e-07 2.890e-07 2.890e-07 4.001e-07 6.669e-07
5.335e-07 3.779e-07 5.335e-07 2.890e-07 4.001e-07 3.112e-07 4.224e-07 4.668e-07 4.891e-07 3.779e-07 2.890e-07 2.890e-07 5.335e-07 4.891e-07 2.668e-07 2.223e-07 2.445e-07 3.779e-07 4.001e-07 4.668e-07
# 2D Marginal for parameters depth and dip with ranges 2.0001e+03 6.9990e+03 and 1.0093e-01 2.9999e+01
1.071e-06 1.071e-06 2.676e-07 1.873e-06 2.409e-06 1.071e-06 2.007e-06 1.338e-06 1.071e-06 1.204e-06 2.275e-06 2.275e-06 3.078e-06 2.141e-06 2.944e-06 4.148e-06 3.747e-06 4.817e-06 3.881e-06 4.817e-06
1.740e-06 1.338e-06 1.071e-06 1.204e-06 2.944e-06 1.740e-06 2.810e-06 2.141e-06 2.409e-06 3.345e-06 2.141e-06 2.409e-06 4.550e-06 6.691e-06 7.761e-06 7.360e-06 6.958e-06 6.022e-06 7.226e-06 7.895e-06
2.275e-06 1.204e-06 1.873e-06 1.472e-06 2.810e-06 3.212e-06 3.881e-06 3.078e-06 2.676e-06 3.078e-06 4.014e-06 5.486e-06 1.137e-05 1.338e-05 1.231e-05 1.525e-05 1.057e-05 1.338e-05 1.071e-05 1.271e-05
1.338e-06 2.810e-06 1.740e-06 2.542e-06 2.944e-06 5.219e-06 7.226e-06 5.353e-06 4.684e-06 5.219e-06 6.825e-06 1.004e-05 1.713e-05 2.409e-05 1.887e-05 2.141e-05 2.810e-05 3.506e-05 2.369e-05 1.311e-05
2.542e-06 3.078e-06 1.740e-06 3.078e-06 5.486e-06 5.888e-06 8.297e-06 9.501e-06 6.423e-06 5.620e-06 1.111e-05 1.365e-05 2.369e-05 3.372e-05 2.663e-05 2.395e-05 3.827e-05 4.724e-05 3.613e-05 1.887e-05
4.148e-06 2.275e-06 3.078e-06 4.550e-06 5.888e-06 7.761e-06 9.367e-06 1.137e-05 8.966e-06 1.057e-05 1.445e-05 1.673e-05 2.409e-05 3.519e-05 3.225e-05 1.873e-05 4.081e-05 5.058e-05 2.890e-05 1.499e-05
6.557e-06 2.409e-06 4.684e-06 4.282e-06 8.564e-06 7.895e-06 1.044e-05 1.298e-05 1.204e-05 1.445e-05 1.378e-05 1.887e-05 2.208e-05 2.997e-05 2.221e-05 1.633e-05 2.730e-05 2.676e-05 1.994e-05 1.231e-05
5.620e-06 3.345e-06 6.022e-06 5.353e-06 9.501e-06 8.966e-06 1.285e-05 1.084e-05 9.902e-06 1.459e-05 1.539e-05 1.860e-05 1.512e-05 1.592e-05 1.873e-05 1.298e-05 1.271e-05 1.378e-05 1.472e-05 1.258e-05
5.219e-06 2.810e-06 3.345e-06 4.550e-06 6.423e-06 6.691e-06 9.501e-06 1.137e-05 9.367e-06 1.472e-05 1.619e-05 1.352e-05 9.367e-06 9.367e-06 8.029e-06 7.360e-06 8.698e-06 9.501e-06 9.099e-06 1.218e-05
5.620e-06 2.141e-06 2.944e-06 5.085e-06 5.754e-06 6.958e-06 8.698e-06 6.289e-06 8.698e-06 9.902e-06 1.004e-05 9.233e-06 7.761e-06 6.691e-06 6.691e-06 4.817e-06 6.289e-06 7.895e-06 6.691e-06 1.164e-05
5.085e-06 3.479e-06 2.141e-06 3.479e-06 7.092e-06 4.951e-06 5.486e-06 8.163e-06 7.092e-06 6.825e-06 7.627e-06 6.825e-06 7.360e-06 5.353e-06 4.684e-06 4.282e-06 5.219e-06 5.754e-06 7.092e-06 8.029e-06
4.282e-06 3.078e-06 4.014e-06 3.747e-06 3.479e-06 3.747e-06 3.345e-06 4.550e-06 5.620e-06 7.226e-06 6.958e-06 5.219e-06 6.156e-06 5.085e-06 4.148e-06 3.078e-06 5.085e-06 3.212e-06 3.479e-06 4.684e-06
4.148e-06 3.479e-06 3.078e-06 2.141e-06 3.078e-06 3.613e-06 3.212e-06 3.881e-06 3.881e-06 6.022e-06 3.881e-06 4.951e-06 4.148e-06 3.613e-06 4.282e-06 2.007e-06 3.212e-06 4.148e-06 2.810e-06 5.486e-06
3.747e-06 2.676e-06 4.014e-06 3.212e-06 2.944e-06 3.212e-06 3.613e-06 2.944e-06 4.282e-06 5.219e-06 4.817e-06 3.479e-06 4.951e-06 4.550e-06 4.282e-06 3.212e-06 2.676e-06 2.810e-06 1.873e-06 3.747e-06
5.085e-06 3.078e-06 3.479e-06 2.676e-06 2.275e-06 3.613e-06 3.345e-06 3.747e-06 2.542e-06 3.212e-06 3.613e-06 3.212e-06 3.345e-06 2.810e-06 2.409e-06 2.409e-06 2.542e-06 1.472e-06 2.409e-06 4.148e-06
2.676e-06 3.078e-06 4.282e-06 2.676e-06 2.944e-06 2.810e-06 3.881e-06 3.078e-06 2.542e-06 2.542e-06 2.275e-06 1.606e-06 3.078e-06 1.873e-06 2.810e-06 3.212e-06 2.944e-06 1.873e-06 3.479e-06 2.409e-06
2.542e-06 2.944e-06 3.345e-06 2.409e-06 2.409e-06 2.409e-06 3.078e-06 3.212e-06 2.409e-06 1.472e-06 1.606e-06 3.479e-06 3.212e-06 3.345e-06 1.873e-06 2.007e-06 2.409e-06 1.873e-06 1.873e-06 1.606e-06
2.542e-06 2.810e-06 2.007e-06 1.606e-06 2.944e-06 2.141e-06 2.141e-06 2.944e-06 2.141e-06 1.873e-06 1.873e-06 2.944e-06 3.479e-06 2.275e-06 2.409e-06 2.275e-06 2.944e-06 3.613e-06 2.676e-06 3.479e-06
2.676e-06 1.204e-06 1.204e-06 3.078e-06 2.409e-06 1.873e-06 1.606e-06 1.873e-06 1.472e-06 2.275e-06 1.740e-06 1.740e-06 2.542e-06 2.810e-06 2.409e-06 2.542e-06 1.472e-06 1.740e-06 1.338e-06 2.275e-06
3.747e-06 2.275e-06 2.810e-06 2.409e-06 2.409e-06 2.542e-06 2.275e-06 2.676e-06 2.542e-06 1.740e-06 1.472e-06 2.141e-06 2.542e-06 3.078e-06 2.141e-06 2.007e-06 2.409e-06 1.606e-06 1.204e-06 2.810e-06
# 2D Marginal for parameters s_axis_max and dP_mu with ranges 5.0144e+02 3.9975e+03 and 1.0012e-04 9.9960e-03
5.781e-03 3.469e-03 1.734e-03 4.047e-03 2.312e-03 6.937e-03 2.890e-03 4.625e-03 5.203e-03 3.469e-03 5.203e-03 4.047e-03 6.359e-03 3.469e-03 4.047e-03 8.671e-03 5.781e-03 4.625e-03 9.828e-03 9.828e-03
2.890e-03 4.625e-03 3.469e-03 4.047e-03 5.781e-03 6.937e-03 4.047e-03 6.937e-03 6.359e-03 6.937e-03 6.359e-03 7.515e-03 1.214e-02 1.098e-02 1.041e-02 8.671e-03 1.098e-02 9.828e-03 9.828e-03 9.828e-03
4.047e-03 4.625e-03 2.890e-03 3.469e-03 2.890e-03 5.203e-03 5.203e-03 7.515e-03 7.515e-03 6.937e-03 1.330e-02 8.671e-03 8.671e-03 1.041e-02 1.156e-02 1.041e-02 1.214e-02 1.734e-02 1.734e-02 1.908e-02
2.890e-03 6.359e-03 3.469e-03 4.047e-03 5.781e-03 6.937e-03 4.625e-03 1.156e-02 1.619e-02 1.445e-02 2.197e-02 2.544e-02 2.601e-02 3.931e-02 4.104e-02 2.081e-02 3.353e-02 2.370e-02 3.411e-02 2.833e-02
1.734e-03 7.515e-03 8.093e-03 5.781e-03 1.156e-02 1.272e-02 2.023e-02 2.197e-02 4.336e-02 5.261e-02 5.781e-02 6.475e-02 7.400e-02 6.706e-02 7.111e-02 6.012e-02 5.550e-02 6.128e-02 4.856e-02 6.070e-02
5.781e-03 4.047e-03 1.156e-02 1.156e-02 1.503e-02 2.486e-02 5.434e-02 9.249e-02 1.821e-01 2.584e-01 1.630e-01 1.162e-01 1.359e-01 1.295e-01 1.231e-01 9.307e-02 9.365e-02 7.400e-02 5.723e-02 6.590e-02
5.781e-03 1.214e-02 1.387e-02 2.486e-02 4.220e-02 6.879e-02 1.428e-01 2.503e-01 3.607e-01 3.081e-01 1.792e-01 1.168e-01 8.903e-02 9.307e-02 7.804e-02 5.492e-02 5.781e-02 4.972e-02 4.220e-02 4.104e-02
6.359e-03 1.041e-02 2.139e-02 5.318e-02 8.903e-02 9.770e-02 1.763e-01 2.399e-01 1.827e-01 1.197e-01 9.192e-02 5.839e-02 4.798e-02 4.856e-02 4.220e-02 3.180e-02 2.833e-02 2.428e-02 1.734e-02 3.064e-02
1.156e-02 1.966e-02 5.029e-02 1.064e-01 1.139e-01 8.614e-02 1.127e-01 1.139e-01 8.093e-02 5.376e-02 4.914e-02 4.509e-02 2.197e-02 1.561e-02 2.428e-02 1.908e-02 1.966e-02 1.503e-02 1.387e-02 1.619e-02
1.272e-02 3.411e-02 7.400e-02 1.162e-01 1.254e-01 8.903e-02 6.995e-02 6.937e-02 4.278e-02 3.411e-02 2.428e-02 2.023e-02 1.619e-02 1.272e-02 8.093e-03 1.156e-02 5.781e-03 1.041e-02 9.828e-03 8.093e-03
2.312e-02 5.145e-02 1.243e-01 1.220e-01 9.770e-02 6.879e-02 4.856e-02 3.526e-02 2.255e-02 1.908e-02 1.387e-02 9.828e-03 6.359e-03 6.359e-03 6.359e-03 8.093e-03 4.047e-03 4.625e-03 4.047e-03 9.828e-03
3.353e-02 1.017e-01 1.815e-01 1.093e-01 6.012e-02 3.411e-02 3.006e-02 3.006e-02 2.023e-02 1.445e-02 9.249e-03 4.625e-03 7.515e-03 6.937e-03 4.625e-03 1.156e-03 4.047e-03 4.047e-03 5.203e-03 3.469e-03
3.642e-02 1.122e-01 1.520e-01 7.342e-02 3.873e-02 2.775e-02 2.659e-02 1.676e-02 1.156e-02 5.781e-03 4.625e-03 6.359e-03 3.469e-03 1.734e-03 2.890e-03 2.890e-03 2.312e-03 5.781e-04 1.734e-03 1.734e-03
4.162e-02 8.325e-02 7.573e-02 4.162e-02 2.717e-02 1.445e-02 1.387e-02 1.041e-02 6.359e-03 4.625e-03 3.469e-03 1.156e-03 2.312e-03 1.734e-03 2.312e-03 2.890e-03 2.312e-03 5.781e-04 3.469e-03 2.312e-03
3.353e-02 3.642e-02 3.931e-02 3.064e-02 1.330e-02 1.561e-02 9.249e-03 9.249e-03 4.047e-03 3.469e-03 3.469e-03 2.890e-03 0.000e+00 2.312e-03 1.156e-03 2.312e-03 1.156e-03 0.000e+00 0.000e+00 2.890e-03
3.411e-02 2.428e-02 2.370e-02 1.850e-02 9.828e-03 6.937e-03 5.203e-03 2.312e-03 2.312e-03 2.312e-03 1.734e-03 2.890e-03 2.312e-03 1.156e-03 2.312e-03 1.156e-03 1.734e-03 1.734e-03 1.156e-03 5.781e-04
2.833e-02 1.792e-02 2.486e-02 1.387e-02 1.272e-02 5.203e-03 2.890e-03 5.203e-03 1.734e-03 2.890e-03 5.781e-04 1.156e-03 1.156e-03 2.890e-03 2.890e-03 1.734e-03 1.734e-03 2.890e-03 5.781e-04 3.469e-03
2.139e-02 2.081e-02 2.081e-02 1.676e-02 5.781e-03 1.156e-03 2.312e-03 0.000e+00 1.156e-03 2.890e-03 0.000e+00 2.312e-03 1.156e-03 2.312e-03 2.312e-03 0.000e+00 5.781e-04 1.734e-03 1.734e-03 5.781e-04
2.139e-02 1.734e-02 1.098e-02 1.041e-02 5.781e-03 5.781e-03 2.890e-03 2.312e-03 1.156e-03 1.734e-03 5.781e-04 1.156e-03 1.156e-03 5.781e-04 1.156e-03 1.156e-03 2.312e-03 1.156e-03 1.156e-03 1.156e-03
2.544e-02 1.445e-02 1.272e-02 1.041e-02 5.781e-03 6.937e-03 0.000e+00 2.312e-03 1.734e-03 5.781e-04 1.734e-03 1.156e-03 4.047e-03 5.781e-04 1.734e-03 5.781e-04 0.000e+00 2.312e-03 2.312e-03 2.312e-03
# 2D Marginal for parameters s_axis_max and strike with ranges 5.0144e+02 3.9975e+03 and -4.9988e+01 1.2999e+02
2.543e-07 1.589e-07 2.225e-07 1.589e-07 4.450e-07 2.225e-07 1.589e-07 3.179e-07 3.179e-07 2.543e-07 4.132e-07 5.086e-07 3.496e-07 4.132e-07 2.225e-07 2.861e-07 2.861e-07 1.589e-07 2.861e-07 1.907e-07
3.496e-07 2.225e-07 3.496e-07 2.861e-07 4.132e-07 5.086e-07 4.132e-07 3.814e-07 4.768e-07 5.721e-07 4.450e-07 5.086e-07 5.086e-07 3.814e-07 3.179e-07 5.086e-07 4.450e-07 1.907e-07 2.543e-07 6.357e-07
6.357e-07 3.496e-07 3.496e-07 1.907e-07 4.132e-07 3.179e-07 4.450e-07 5.721e-07 6.039e-07 4.768e-07 7.629e-07 5.721e-07 6.039e-07 5.721e-07 5.404e-07 5.086e-07 4.132e-07 4.450e-07 5.404e-07 5.404e-07
4.450e-07 4.132e-07 5.404e-07 5.721e-07 4.768e-07 6.675e-07 5.086e-07 6.039e-07 6.675e-07 9.854e-07 1.240e-06 1.685e-06 2.034e-06 1.907e-06 1.462e-06 1.716e-06 1.462e-06 1.081e-06 1.081e-06 8.264e-07
6.039e-07 5.404e-07 7.629e-07 6.357e-07 8.264e-07 9.854e-07 1.144e-06 9.536e-07 1.081e-06 1.844e-06 2.384e-06 3.051e-06 5.245e-06 5.245e-06 3.687e-06 4.132e-06 4.259e-06 3.115e-06 2.225e-06 1.621e-06
8.264e-07 7.311e-07 7.311e-07 9.854e-07 1.240e-06 1.208e-06 1.526e-06 1.558e-06 1.971e-06 2.384e-06 4.736e-06 6.166e-06 1.151e-05 1.440e-05 1.227e-05 9.663e-06 9.981e-06 4.927e-06 4.736e-06 2.575e-06
1.208e-06 8.264e-07 9.536e-07 1.335e-06 1.875e-06 2.098e-06 1.653e-06 2.384e-06 1.685e-06 2.924e-06 4.228e-06 6.643e-06 1.313e-05 1.983e-05 1.462e-05 1.424e-05 9.027e-06 5.118e-06 4.069e-06 3.846e-06
7.629e-07 9.218e-07 9.218e-07 1.526e-06 1.939e-06 1.780e-06 1.653e-06 2.066e-06 2.161e-06 2.956e-06 3.465e-06 5.213e-06 7.533e-06 9.790e-06 7.978e-06 8.391e-06 6.421e-06 6.008e-06 3.592e-06 2.893e-06
1.240e-06 7.946e-07 1.144e-06 9.218e-07 1.526e-06 1.716e-06 2.161e-06 2.575e-06 2.320e-06 2.384e-06 2.448e-06 3.783e-06 4.800e-06 4.196e-06 4.609e-06 5.022e-06 4.259e-06 3.179e-06 3.020e-06 2.289e-06
1.271e-06 1.144e-06 1.017e-06 1.049e-06 1.558e-06 1.558e-06 1.716e-06 2.161e-06 2.130e-06 2.066e-06 2.130e-06 2.575e-06 2.956e-06 3.369e-06 3.020e-06 4.005e-06 3.115e-06 3.242e-06 1.685e-06 1.939e-06
1.113e-06 9.854e-07 9.854e-07 8.582e-07 1.494e-06 1.621e-06 1.113e-06 2.034e-06 1.208e-06 1.653e-06 2.161e-06 2.098e-06 2.479e-06 2.924e-06 4.196e-06 3.878e-06 2.384e-06 1.812e-06 1.430e-06 1.303e-06
1.017e-06 8.900e-07 1.176e-06 1.017e-06 9.854e-07 1.240e-06 1.176e-06 1.303e-06 1.367e-06 1.399e-06 1.685e-06 1.589e-06 3.115e-06 5.531e-06 4.132e-06 3.814e-06 1.971e-06 1.399e-06 8.264e-07 9.854e-07
1.081e-06 7.311e-07 5.404e-07 4.450e-07 7.629e-07 1.017e-06 8.582e-07 9.218e-07 8.582e-07 8.264e-07 1.335e-06 1.875e-06 2.289e-06 4.545e-06 4.704e-06 2.702e-06 1.271e-06 8.900e-07 9.218e-07 5.404e-07
7.311e-07 6.675e-07 5.086e-07 4.132e-07 5.404e-07 7.311e-07 7.311e-07 7.311e-07 6.357e-07 6.993e-07 9.218e-07 1.049e-06 2.066e-06 2.702e-06 2.448e-06 1.303e-06 1.049e-06 2.225e-07 4.768e-07 1.589e-07
6.357e-07 6.357e-07 4.132e-07 2.543e-07 6.039e-07 4.450e-07 1.589e-07 4.132e-07 4.450e-07 6.357e-07 6.039e-07 6.993e-07 1.049e-06 1.462e-06 1.017e-06 5.086e-07 5.721e-07 5.086e-07 4.132e-07 1.271e-07
3.814e-07 2.225e-07 1.589e-07 1.907e-07 3.814e-07 4.768e-07 5.721e-07 4.132e-07 4.450e-07 3.814e-07 6.039e-07 8.264e-07 5.721e-07 7.311e-07 4.450e-07 5.086e-07 2.225e-07 1.589e-07 1.271e-07 2.225e-07
3.496e-07 2.861e-07 4.132e-07 2.225e-07 2.543e-07 3.496e-07 3.496e-07 4.450e-07 4.450e-07 3.179e-07 7.629e-07 4.450e-07 3.179e-07 6.993e-07 3.496e-07 3.814e-07 3.179e-07 3.179e-07 1.271e-07 2.543e-07
6.357e-08 1.589e-07 1.907e-07 2.861e-07 2.543e-07 3.496e-07 5.404e-07 3.814e-07 1.907e-07 3.496e-07 2.225e-07 4.132e-07 4.450e-07 2.543e-07 2.543e-07 3.179e-07 3.496e-07 2.225e-07 2.861e-07 2.861e-07
1.589e-07 1.589e-07 1.907e-07 2.225e-07 2.861e-07 1.907e-07 2.543e-07 3.814e-07 3.496e-07 1.907e-07 3.179e-07 3.179e-07 5.086e-07 3.179e-07 2.861e-07 1.907e-07 1.907e-07 1.271e-07 2.543e-07 1.271e-07
1.271e-07 2.225e-07 1.907e-07 9.536e-08 2.225e-07 2.225e-07 6.357e-08 3.179e-07 1.907e-07 2.861e-07 4.132e-07 5.086e-07 4.450e-07 4.450e-07 2.861e-07 3.496e-07 2.225e-07 2.543e-07 1.271e-07 3.496e-07
# 2D Marginal for parameters s_axis_max and dip with ranges 5.0144e+02 3.9975e+03 and 1.0093e-01 2.9999e+01
1.913e-06 7.654e-07 1.531e-06 1.913e-06 2.679e-06 1.339e-06 2.296e-06 1.148e-06 1.531e-06 7.654e-07 1.531e-06 1.913e-06 1.722e-06 1.531e-06 1.531e-06 2.105e-06 1.913e-06 1.531e-06 1.339e-06 2.870e-06
3.061e-06 2.105e-06 1.722e-06 3.061e-06 2.487e-06 9.567e-07 2.105e-06 2.296e-06 1.722e-06 2.870e-06 2.296e-06 3.061e-06 2.105e-06 1.722e-06 2.487e-06 1.913e-06 2.679e-06 3.444e-06 2.487e-06 4.592e-06
4.018e-06 2.870e-06 1.531e-06 1.148e-06 1.913e-06 3.444e-06 2.679e-06 2.487e-06 3.061e-06 4.018e-06 2.870e-06 3.253e-06 3.061e-06 3.253e-06 3.061e-06 3.061e-06 2.679e-06 2.487e-06 3.827e-06 4.592e-06
3.444e-06 3.444e-06 3.444e-06 4.401e-06 5.932e-06 5.740e-06 4.783e-06 6.123e-06 7.462e-06 8.610e-06 8.228e-06 5.549e-06 6.123e-06 8.610e-06 7.080e-06 7.271e-06 8.036e-06 6.697e-06 5.358e-06 6.314e-06
5.166e-06 4.783e-06 4.592e-06 5.358e-06 8.610e-06 1.033e-05 1.435e-05 1.263e-05 1.473e-05 1.454e-05 1.263e-05 1.359e-05 1.397e-05 2.162e-05 1.837e-05 1.875e-05 1.818e-05 2.086e-05 1.818e-05 1.569e-05
1.225e-05 4.783e-06 7.845e-06 5.932e-06 1.282e-05 1.416e-05 2.258e-05 2.411e-05 2.334e-05 2.468e-05 2.353e-05 2.028e-05 2.200e-05 4.190e-05 4.267e-05 4.133e-05 6.295e-05 6.525e-05 5.721e-05 3.693e-05
7.271e-06 7.271e-06 7.654e-06 6.697e-06 1.301e-05 1.397e-05 1.779e-05 1.971e-05 2.047e-05 2.468e-05 2.889e-05 2.640e-05 2.927e-05 3.846e-05 4.650e-05 4.382e-05 9.376e-05 1.068e-04 7.673e-05 4.324e-05
6.888e-06 5.358e-06 8.419e-06 8.036e-06 1.129e-05 1.435e-05 1.531e-05 1.818e-05 1.646e-05 2.220e-05 2.334e-05 2.373e-05 3.023e-05 3.004e-05 3.329e-05 2.908e-05 4.420e-05 5.932e-05 3.693e-05 3.272e-05
5.740e-06 4.401e-06 7.271e-06 7.845e-06 9.950e-06 1.014e-05 1.684e-05 1.703e-05 1.091e-05 1.588e-05 1.760e-05 1.588e-05 2.794e-05 2.889e-05 2.640e-05 1.569e-05 1.799e-05 2.602e-05 2.028e-05 2.468e-05
8.036e-06 4.783e-06 4.209e-06 9.950e-06 9.376e-06 1.205e-05 1.263e-05 1.473e-05 8.036e-06 1.320e-05 1.435e-05 1.435e-05 2.277e-05 2.373e-05 2.143e-05 1.512e-05 1.282e-05 1.588e-05 1.072e-05 1.492e-05
5.740e-06 4.209e-06 5.740e-06 6.697e-06 7.845e-06 7.845e-06 8.802e-06 1.072e-05 7.271e-06 8.610e-06 1.320e-05 1.550e-05 2.373e-05 2.487e-05 1.684e-05 1.263e-05 1.129e-05 1.263e-05 1.014e-05 1.282e-05
8.802e-06 4.975e-06 5.932e-06 6.314e-06 6.888e-06 6.123e-06 9.567e-06 7.845e-06 6.697e-06 7.080e-06 1.359e-05 2.526e-05 2.066e-05 2.927e-05 1.646e-05 1.301e-05 8.419e-06 6.314e-06 7.080e-06 1.014e-05
4.592e-06 4.401e-06 4.401e-06 4.209e-06 5.549e-06 7.845e-06 6.697e-06 6.888e-06 4.401e-06 5.932e-06 9.567e-06 1.952e-05 2.162e-05 2.392e-05 1.588e-05 6.506e-06 7.462e-06 4.209e-06 7.462e-06 4.209e-06
4.592e-06 2.870e-06 3.444e-06 4.018e-06 6.314e-06 2.870e-06 4.783e-06 3.827e-06 4.209e-06 4.401e-06 6.506e-06 8.993e-06 1.646e-05 1.263e-05 5.358e-06 5.549e-06 3.253e-06 4.783e-06 4.209e-06 4.018e-06
4.975e-06 2.679e-06 2.870e-06 2.679e-06 4.209e-06 4.018e-06 2.487e-06 3.444e-06 3.635e-06 4.975e-06 3.253e-06 4.401e-06 6.314e-06 4.018e-06 4.783e-06 3.635e-06 2.870e-06 1.913e-06 9.567e-07 1.722e-06
4.018e-06 2.105e-06 2.105e-06 2.487e-06 3.253e-06 1.913e-06 2.296e-06 2.105e-06 3.253e-06 3.444e-06 2.870e-06 1.722e-06 1.913e-06 2.487e-06 2.105e-06 3.253e-06 1.531e-06 2.679e-06 1.148e-06 1.722e-06
3.635e-06 4.018e-06 1.913e-06 1.148e-06 2.487e-06 1.531e-06 1.913e-06 3.253e-06 3.061e-06 3.061e-06 1.339e-06 1.148e-06 1.913e-06 1.913e-06 1.339e-06 1.722e-06 2.296e-06 2.679e-06 2.296e-06 1.913e-06
3.253e-06 2.296e-06 1.531e-06 2.105e-06 1.913e-06 2.296e-06 1.531e-06 9.567e-07 1.339e-06 1.913e-06 9.567e-07 1.722e-06 1.913e-06 1.148e-06 3.827e-07 2.105e-06 2.105e-06 1.913e-06 1.722e-06 1.913e-06
1.913e-06 1.339e-06 2.296e-06 1.531e-06 2.105e-06 1.339e-06 2.105e-06 7.654e-07 1.339e-06 1.722e-06 1.148e-06 1.531e-06 1.531e-06 2.105e-06 1.531e-06 5.740e-07 1.148e-06 1.339e-06 2.105e-06 7.654e-07
4.592e-06 2.870e-06 3.253e-06 2.296e-06 2.487e-06 1.148e-06 1.531e-06 9.567e-07 1.148e-06 5.740e-07 1.148e-06 1.531e-06 7.654e-07 9.567e-07 1.148e-06 7.654e-07 9.567e-07 9.567e-07 3.827e-07 2.679e-06
# 2D Marginal for parameters dP_mu and strike with ranges 1.0012e-04 9.9960e-03 and -4.9988e+01 1.2999e+02
1.572e-01 2.134e-01 1.797e-01 1.684e-01 2.134e-01 2.021e-01 2.583e-01 3.930e-01 2.920e-01 3.369e-01 5.166e-01 5.952e-01 6.962e-01 8.871e-01 5.502e-01 4.604e-01 2.470e-01 2.695e-01 1.909e-01 1.348e-01
2.920e-01 1.684e-01 1.572e-01 2.021e-01 2.583e-01 3.032e-01 3.032e-01 3.706e-01 3.032e-01 3.032e-01 6.625e-01 8.984e-01 1.359e+00 1.651e+00 1.898e+00 1.044e+00 5.166e-01 2.358e-01 2.583e-01 2.134e-01
3.144e-01 2.358e-01 2.358e-01 2.920e-01 3.930e-01 4.604e-01 4.941e-01 6.625e-01 4.379e-01 6.962e-01 9.096e-01 1.134e+00 1.696e+00 3.111e+00 2.403e+00 1.651e+00 6.401e-01 3.930e-01 2.583e-01 2.246e-01
4.829e-01 4.155e-01 5.166e-01 2.807e-01 4.716e-01 5.166e-01 6.064e-01 7.861e-01 6.513e-01 4.829e-01 7.861e-01 1.056e+00 1.359e+00 1.752e+00 1.460e+00 1.303e+00 8.871e-01 5.278e-01 3.930e-01 4.267e-01
5.390e-01 2.807e-01 1.909e-01 3.144e-01 4.267e-01 6.176e-01 6.176e-01 7.411e-01 6.513e-01 4.716e-01 5.166e-01 7.861e-01 8.198e-01 9.096e-01 1.258e+00 1.235e+00 1.168e+00 1.011e+00 3.930e-01 4.716e-01
3.257e-01 3.481e-01 3.481e-01 2.583e-01 4.043e-01 4.829e-01 3.930e-01 3.593e-01 4.492e-01 5.278e-01 4.379e-01 5.166e-01 5.278e-01 5.053e-01 7.411e-01 1.100e+00 1.437e+00 9.770e-01 6.962e-01 6.625e-01
2.134e-01 1.684e-01 2.358e-01 2.583e-01 5.727e-01 6.064e-01 3.593e-01 5.278e-01 4.379e-01 5.390e-01 5.615e-01 7.411e-01 7.411e-01 9.320e-01 1.224e+00 1.224e+00 1.628e+00 1.325e+00 9.208e-01 1.056e+00
1.572e-01 2.358e-01 3.032e-01 3.369e-01 3.818e-01 3.930e-01 3.818e-01 6.064e-01 5.615e-01 6.288e-01 5.952e-01 7.636e-01 1.931e+00 2.515e+00 1.976e+00 2.122e+00 1.471e+00 1.078e+00 8.647e-01 8.085e-01
2.246e-01 1.684e-01 2.021e-01 3.706e-01 3.481e-01 3.032e-01 3.818e-01 3.930e-01 5.390e-01 4.492e-01 7.187e-01 8.871e-01 1.651e+00 3.403e+00 2.482e+00 3.212e+00 1.561e+00 9.994e-01 6.738e-01 4.716e-01
1.572e-01 2.134e-01 1.797e-01 2.134e-01 2.021e-01 2.358e-01 2.695e-01 3.593e-01 2.920e-01 4.941e-01 6.738e-01 8.647e-01 2.156e+00 3.504e+00 3.066e+00 2.055e+00 1.280e+00 5.952e-01 5.727e-01 4.155e-01
2.470e-01 1.909e-01 2.134e-01 2.583e-01 3.706e-01 2.920e-01 2.583e-01 2.134e-01 2.920e-01 2.920e-01 5.278e-01 9.433e-01 1.640e+00 2.369e+00 1.550e+00 1.179e+00 7.299e-01 3.930e-01 4.492e-01 2.470e-01
1.797e-01 2.358e-01 2.358e-01 2.358e-01 1.909e-01 3.032e-01 2.695e-01 1.235e-01 2.021e-01 3.593e-01 3.930e-01 7.411e-01 1.572e+00 1.426e+00 7.973e-01 5.166e-01 6.064e-01 5.390e-01 5.839e-01 2.134e-01
1.684e-01 1.909e-01 1.572e-01 1.235e-01 2.695e-01 3.032e-01 2.246e-01 2.134e-01 2.021e-01 3.369e-01 5.053e-01 7.075e-01 9.096e-01 8.534e-01 5.278e-01 7.411e-01 7.187e-01 6.513e-01 7.636e-01 5.166e-01
1.684e-01 1.797e-01 1.348e-01 8.984e-02 2.358e-01 2.358e-01 2.246e-01 1.909e-01 1.909e-01 4.043e-01 7.187e-01 6.401e-01 1.359e+00 7.636e-01 5.166e-01 6.850e-01 6.288e-01 5.615e-01 5.166e-01 4.379e-01
2.583e-01 1.797e-01 1.460e-01 1.011e-01 2.021e-01 2.470e-01 2.134e-01 2.021e-01 2.470e-01 3.930e-01 4.941e-01 7.748e-01 1.269e+00 7.636e-01 5.839e-01 5.502e-01 7.973e-01 4.155e-01 4.155e-01 3.257e-01
1.011e-01 1.011e-01 1.460e-01 1.572e-01 1.011e-01 1.684e-01 1.460e-01 2.021e-01 2.021e-01 3.144e-01 3.930e-01 5.390e-01 5.166e-01 6.625e-01 5.502e-01 5.839e-01 5.952e-01 4.604e-01 4.043e-01 2.807e-01
1.797e-01 1.123e-01 1.348e-01 1.123e-01 1.909e-01 1.684e-01 1.235e-01 2.021e-01 1.684e-01 2.470e-01 4.043e-01 4.492e-01 4.155e-01 6.401e-01 5.053e-01 7.636e-01 6.513e-01 5.278e-01 4.379e-01 2.358e-01
1.011e-01 1.011e-01 1.123e-01 6.738e-02 2.021e-01 1.011e-01 1.684e-01 1.909e-01 2.134e-01 4.492e-01 4.829e-01 4.379e-01 4.492e-01 4.267e-01 5.278e-01 7.299e-01 5.278e-01 2.695e-01 2.358e-01 2.246e-01
2.134e-01 1.011e-01 1.797e-01 1.460e-01 2.134e-01 1.572e-01 2.021e-01 2.695e-01 2.021e-01 2.807e-01 3.706e-01 4.492e-01 3.481e-01 4.604e-01 4.716e-01 3.257e-01 4.604e-01 2.807e-01 1.797e-01 1.572e-01
2.021e-01 6.738e-02 1.460e-01 1.348e-01 1.797e-01 1.572e-01 1.797e-01 3.818e-01 3.706e-01 3.257e-01 3.818e-01 3.930e-01 4.716e-01 6.288e-01 5.278e-01 5.727e-01 4.829e-01 2.807e-01 1.460e-01 1.460e-01
# 2D Marginal for parameters dP_mu and dip with ranges 1.0012e-04 9.9960e-03 and 1.0093e-01 2.9999e+01
2.839e+00 1.690e+00 1.893e+00 1.487e+00 2.434e+00 2.096e+00 2.096e+00 1.690e+00 1.284e+00 1.758e+00 2.434e+00 1.758e+00 2.569e+00 2.501e+00 2.704e+00 2.636e+00 2.028e+00 2.231e+00 1.487e+00 2.298e+00
1.893e+00 9.464e-01 1.420e+00 1.825e+00 2.028e+00 1.622e+00 2.298e+00 2.366e+00 2.231e+00 3.245e+00 4.597e+00 6.692e+00 8.788e+00 8.788e+00 5.002e+00 4.056e+00 2.163e+00 3.109e+00 2.907e+00 2.636e+00
3.245e+00 1.487e+00 1.487e+00 2.501e+00 3.650e+00 2.366e+00 2.434e+00 2.704e+00 2.569e+00 2.434e+00 4.529e+00 1.237e+01 1.453e+01 1.555e+01 8.112e+00 4.123e+00 4.259e+00 3.447e+00 4.461e+00 3.921e+00
3.650e+00 1.758e+00 2.569e+00 3.177e+00 3.109e+00 3.718e+00 3.380e+00 2.704e+00 3.583e+00 2.907e+00 4.529e+00 5.340e+00 7.301e+00 1.095e+01 6.760e+00 4.326e+00 3.853e+00 6.963e+00 5.475e+00 5.205e+00
2.839e+00 1.487e+00 2.298e+00 3.312e+00 2.501e+00 3.109e+00 4.326e+00 3.109e+00 2.434e+00 2.366e+00 3.109e+00 3.718e+00 7.098e+00 6.827e+00 7.301e+00 5.475e+00 3.785e+00 4.461e+00 5.002e+00 6.219e+00
1.622e+00 2.096e+00 1.555e+00 1.284e+00 2.501e+00 2.569e+00 4.056e+00 3.853e+00 1.825e+00 3.853e+00 2.636e+00 4.123e+00 3.380e+00 4.394e+00 6.489e+00 4.597e+00 4.461e+00 4.597e+00 3.853e+00 5.475e+00
1.555e+00 1.352e+00 1.825e+00 1.622e+00 2.298e+00 2.231e+00 4.123e+00 4.259e+00 2.231e+00 3.447e+00 5.002e+00 3.109e+00 5.205e+00 5.070e+00 7.030e+00 7.976e+00 7.841e+00 7.706e+00 6.151e+00 5.881e+00
1.960e+00 1.690e+00 1.352e+00 1.690e+00 2.501e+00 3.650e+00 4.259e+00 4.732e+00 3.718e+00 3.177e+00 2.907e+00 4.123e+00 5.137e+00 6.151e+00 6.151e+00 6.219e+00 1.338e+01 1.764e+01 1.136e+01 7.233e+00
2.231e+00 1.217e+00 1.555e+00 1.487e+00 2.636e+00 3.447e+00 2.771e+00 2.839e+00 2.636e+00 3.042e+00 4.056e+00 2.771e+00 5.205e+00 6.557e+00 6.489e+00 7.706e+00 1.832e+01 2.204e+01 1.325e+01 6.760e+00
1.284e+00 1.014e+00 1.284e+00 1.487e+00 2.298e+00 1.690e+00 1.960e+00 3.245e+00 2.298e+00 2.569e+00 2.434e+00 3.515e+00 4.867e+00 6.422e+00 8.517e+00 8.585e+00 1.852e+01 1.663e+01 1.142e+01 7.098e+00
1.284e+00 8.788e-01 8.788e-01 1.082e+00 1.420e+00 2.096e+00 1.352e+00 2.298e+00 1.420e+00 3.583e+00 4.394e+00 4.259e+00 4.326e+00 5.611e+00 5.813e+00 7.165e+00 9.193e+00 8.382e+00 6.422e+00 4.326e+00
7.436e-01 1.082e+00 9.464e-01 9.464e-01 1.487e+00 1.217e+00 2.096e+00 3.109e+00 3.177e+00 4.259e+00 2.569e+00 3.245e+00 4.123e+00 5.949e+00 4.326e+00 3.718e+00 3.988e+00 4.259e+00 4.056e+00 3.245e+00
1.014e+00 1.014e+00 1.352e+00 1.352e+00 1.622e+00 1.690e+00 2.704e+00 3.921e+00 3.515e+00 3.042e+00 3.921e+00 3.245e+00 3.109e+00 2.839e+00 3.312e+00 2.974e+00 3.177e+00 5.137e+00 2.704e+00 3.042e+00
1.758e+00 6.760e-01 1.149e+00 8.788e-01 1.284e+00 1.825e+00 2.569e+00 5.137e+00 2.636e+00 3.245e+00 4.123e+00 3.177e+00 3.177e+00 4.394e+00 3.380e+00 1.825e+00 3.380e+00 3.447e+00 2.704e+00 2.704e+00
1.960e+00 1.555e+00 1.149e+00 1.217e+00 1.690e+00 1.960e+00 2.704e+00 2.434e+00 2.704e+00 2.028e+00 2.907e+00 3.109e+00 4.191e+00 4.529e+00 3.718e+00 1.825e+00 2.907e+00 3.042e+00 3.042e+00 2.974e+00
1.352e+00 1.149e+00 1.555e+00 1.014e+00 2.096e+00 1.082e+00 1.825e+00 1.555e+00 2.028e+00 2.434e+00 3.988e+00 1.758e+00 1.825e+00 2.771e+00 2.501e+00 1.825e+00 1.555e+00 2.298e+00 2.366e+00 2.907e+00
1.758e+00 1.487e+00 9.464e-01 1.284e+00 2.366e+00 1.690e+00 3.042e+00 1.352e+00 3.042e+00 2.771e+00 2.771e+00 2.501e+00 1.690e+00 2.974e+00 2.366e+00 1.149e+00 9.464e-01 1.960e+00 2.434e+00 1.622e+00
1.149e+00 9.464e-01 1.352e+00 1.149e+00 1.758e+00 1.960e+00 2.907e+00 1.352e+00 2.434e+00 3.447e+00 1.825e+00 1.960e+00 8.788e-01 1.622e+00 1.960e+00 1.960e+00 1.420e+00 1.622e+00 2.434e+00 2.096e+00
1.690e+00 1.082e+00 6.760e-01 7.436e-01 1.622e+00 1.893e+00 1.622e+00 2.028e+00 2.569e+00 3.245e+00 2.096e+00 1.217e+00 1.284e+00 1.082e+00 1.487e+00 1.487e+00 1.622e+00 1.622e+00 1.690e+00 2.163e+00
8.788e-01 9.464e-01 1.622e+00 1.487e+00 1.487e+00 1.690e+00 1.555e+00 1.555e+00 2.569e+00 4.326e+00 1.893e+00 1.960e+00 1.758e+00 2.096e+00 1.487e+00 8.788e-01 1.487e+00 2.231e+00 2.366e+00 2.907e+00
# 2D Marginal for parameters strike and dip with ranges -4.9988e+01 1.2999e+02 and 1.0093e-01 2.9999e+01
1.412e-04 4.832e-05 1.264e-04 9.292e-05 1.561e-04 1.189e-04 9.292e-05 7.805e-05 6.319e-05 8.549e-05 6.690e-05 4.832e-05 6.690e-05 6.690e-05 5.203e-05 4.832e-05 7.062e-05 2.973e-05 4.088e-05 5.575e-05
1.152e-04 8.177e-05 6.690e-05 9.664e-05 7.062e-05 7.062e-05 9.292e-05 1.078e-04 5.947e-05 5.947e-05 5.947e-05 3.717e-05 4.460e-05 6.690e-05 3.717e-05 2.973e-05 6.319e-05 5.203e-05 3.345e-05 4.832e-05
8.177e-05 6.319e-05 6.319e-05 8.549e-05 7.434e-05 8.177e-05 9.664e-05 4.088e-05 9.292e-05 1.004e-04 8.549e-05 8.177e-05 6.690e-05 4.460e-05 3.717e-05 6.319e-05 3.717e-05 4.460e-05 5.203e-05 8.177e-05
4.460e-05 5.947e-05 9.292e-05 8.549e-05 8.920e-05 5.947e-05 5.575e-05 1.078e-04 6.319e-05 7.434e-05 7.062e-05 6.690e-05 4.832e-05 6.319e-05 4.460e-05 6.690e-05 4.832e-05 6.690e-05 5.203e-05 1.041e-04
1.487e-04 1.152e-04 1.041e-04 7.805e-05 1.301e-04 1.004e-04 1.412e-04 1.227e-04 1.115e-04 1.301e-04 9.664e-05 1.301e-04 8.177e-05 7.434e-05 7.434e-05 3.345e-05 3.717e-05 5.947e-05 7.062e-05 8.920e-05
1.375e-04 1.004e-04 1.189e-04 1.189e-04 1.635e-04 1.115e-04 1.450e-04 1.338e-04 1.189e-04 1.487e-04 8.549e-05 7.434e-05 7.062e-05 7.434e-05 6.690e-05 6.319e-05 6.319e-05 5.947e-05 1.078e-04 1.078e-04
1.227e-04 7.062e-05 4.832e-05 8.920e-05 1.412e-04 1.375e-04 1.933e-04 1.301e-04 7.434e-05 1.189e-04 7.062e-05 7.434e-05 9.292e-05 9.292e-05 8.920e-05 8.549e-05 7.062e-05 1.152e-04 9.664e-05 9.664e-05
1.821e-04 5.947e-05 7.062e-05 1.041e-04 2.416e-04 1.933e-04 2.007e-04 1.673e-04 7.805e-05 9.664e-05 7.062e-05 5.575e-05 1.152e-04 1.004e-04 1.301e-04 1.338e-04 1.338e-04 8.920e-05 1.152e-04 1.078e-04
1.450e-04 8.177e-05 7.062e-05 9.292e-05 1.301e-04 1.561e-04 2.156e-04 1.412e-04 9.664e-05 1.375e-04 7.434e-05 6.690e-05 1.041e-04 1.078e-04 1.412e-04 1.561e-04 1.041e-04 9.664e-05 8.920e-05 7.805e-05
1.189e-04 8.920e-05 9.664e-05 8.920e-05 1.189e-04 1.821e-04 1.821e-04 1.301e-04 1.487e-04 1.115e-04 1.375e-04 7.434e-05 1.784e-04 1.747e-04 1.524e-04 1.487e-04 1.487e-04 1.710e-04 1.524e-04 1.524e-04
1.635e-04 1.227e-04 1.041e-04 1.227e-04 1.747e-04 1.338e-04 1.412e-04 1.152e-04 1.338e-04 1.598e-04 2.156e-04 1.487e-04 1.338e-04 1.970e-04 2.602e-04 1.970e-04 2.044e-04 2.602e-04 2.899e-04 3.791e-04
1.264e-04 1.227e-04 1.115e-04 8.920e-05 1.041e-04 1.189e-04 1.598e-04 1.784e-04 1.858e-04 1.933e-04 2.267e-04 2.639e-04 3.159e-04 2.602e-04 3.308e-04 2.788e-04 3.865e-04 3.828e-04 4.534e-04 4.497e-04
5.575e-05 7.062e-05 7.434e-05 6.690e-05 7.805e-05 1.264e-04 2.007e-04 2.862e-04 2.750e-04 3.642e-04 3.494e-04 3.680e-04 5.426e-04 8.623e-04 5.910e-04 4.386e-04 6.356e-04 7.768e-04 6.467e-04 4.349e-04
6.319e-05 4.832e-05 5.575e-05 6.319e-05 1.004e-04 1.784e-04 2.416e-04 2.490e-04 2.416e-04 3.234e-04 3.903e-04 5.501e-04 6.430e-04 9.961e-04 6.430e-04 5.501e-04 1.108e-03 1.375e-03 9.701e-04 5.315e-04
8.920e-05 6.319e-05 6.319e-05 7.805e-05 1.004e-04 1.524e-04 1.896e-04 1.598e-04 1.970e-04 3.234e-04 3.977e-04 5.315e-04 7.471e-04 6.802e-04 4.572e-04 4.200e-04 8.920e-04 1.022e-03 7.248e-04 5.278e-04
4.832e-05 4.088e-05 8.549e-05 8.920e-05 1.041e-04 1.487e-04 1.338e-04 2.713e-04 2.007e-04 3.159e-04 3.754e-04 4.349e-04 3.940e-04 5.910e-04 5.203e-04 4.460e-04 8.586e-04 1.115e-03 6.393e-04 4.869e-04
6.319e-05 4.088e-05 6.690e-05 8.177e-05 1.004e-04 9.664e-05 1.338e-04 2.007e-04 2.044e-04 2.230e-04 2.379e-04 3.345e-04 3.568e-04 5.241e-04 6.170e-04 4.795e-04 5.538e-04 5.873e-04 3.977e-04 3.382e-04
5.947e-05 4.460e-05 3.717e-05 4.832e-05 6.319e-05 7.434e-05 1.004e-04 1.747e-04 1.450e-04 1.264e-04 2.267e-04 2.342e-04 4.832e-04 4.311e-04 4.126e-04 4.014e-04 2.267e-04 2.416e-04 1.821e-04 1.896e-04
4.088e-05 5.203e-05 6.319e-05 8.177e-05 1.004e-04 7.434e-05 1.673e-04 1.747e-04 1.784e-04 1.152e-04 2.193e-04 3.494e-04 2.973e-04 2.565e-04 2.750e-04 2.119e-04 1.710e-04 1.189e-04 7.434e-05 7.434e-05
7.062e-05 2.973e-05 6.690e-05 5.203e-05 1.115e-04 8.177e-05 8.920e-05 1.227e-04 1.301e-04 1.561e-04 2.119e-04 1.412e-04 1.896e-04 2.230e-04 2.862e-04 1.747e-04 1.412e-04 8.920e-05 6.690e-05 1.041e-04
