# 2D Marginal for parameters xcen and ycen with ranges 4.2200e+05 4.3199e+05 and 4.5150e+06 4.5250e+06
6.675e-10 2.003e-09 1.669e-09 1.335e-09 2.003e-09 1.669e-09 1.669e-09 1.001e-09 1.335e-09 1.669e-09 6.675e-10 1.001e-09 1.001e-09 6.675e-10 0.000e+00 3.338e-10 6.675e-10 6.675e-10 1.335e-09 1.335e-09
3.004e-09 3.338e-09 2.336e-09 2.003e-09 1.669e-09 4.005e-09 2.336e-09 3.004e-09 1.335e-09 2.003e-09 2.670e-09 3.338e-10 6.675e-10 1.001e-09 6.675e-10 6.675e-10 6.675e-10 6.675e-10 1.001e-09 1.669e-09
4.005e-09 2.003e-09 2.336e-09 4.005e-09 2.003e-09 3.672e-09 2.336e-09 3.004e-09 1.335e-09 1.669e-09 6.675e-10 6.675e-10 3.338e-10 6.675e-10 6.675e-10 6.675e-10 6.675e-10 1.001e-09 1.335e-09 6.675e-10
3.672e-09 5.007e-09 4.005e-09 4.005e-09 3.004e-09 4.005e-09 5.340e-09 2.670e-09 1.001e-09 1.001e-09 6.675e-10 1.001e-09 0.000e+00 2.003e-09 3.338e-10 3.338e-10 1.001e-09 1.669e-09 1.335e-09 3.338e-10
4.005e-09 2.670e-09 5.674e-09 7.009e-09 2.670e-09 4.339e-09 6.008e-09 5.340e-09 2.670e-09 2.670e-09 3.004e-09 1.001e-09 3.338e-10 3.338e-10 1.001e-09 0.000e+00 6.675e-10 1.001e-09 3.338e-10 1.335e-09
3.004e-09 7.677e-09 5.674e-09 3.672e-09 9.346e-09 1.068e-08 1.035e-08 1.168e-08 5.674e-09 3.672e-09 4.339e-09 1.669e-09 6.675e-10 2.003e-09 3.338e-10 1.001e-09 1.001e-09 1.001e-09 1.335e-09 1.335e-09
7.009e-09 7.009e-09 6.675e-09 9.679e-09 1.569e-08 1.869e-08 2.770e-08 2.370e-08 1.502e-08 5.340e-09 3.338e-09 1.335e-09 6.675e-10 6.675e-10 2.336e-09 1.001e-09 2.003e-09 1.335e-09 3.338e-10 3.338e-10
5.340e-09 5.007e-09 7.677e-09 1.235e-08 2.069e-08 4.406e-08 1.005e-07 1.305e-07 4.406e-08 8.678e-09 2.003e-09 2.336e-09 1.669e-09 6.675e-10 0.000e+00 1.001e-09 1.335e-09 0.000e+00 1.335e-09 1.001e-09
6.675e-09 7.009e-09 6.675e-09 1.602e-08 2.203e-08 5.441e-08 2.066e-07 1.931e-06 9.946e-08 9.679e-09 2.670e-09 1.335e-09 1.669e-09 0.000e+00 1.669e-09 0.000e+00 0.000e+00 6.675e-10 3.338e-10 6.675e-10
4.005e-09 5.007e-09 7.343e-09 1.235e-08 1.869e-08 3.805e-08 8.878e-08 1.602e-07 4.239e-08 5.007e-09 1.001e-09 3.338e-10 3.338e-10 6.675e-10 1.335e-09 6.675e-10 1.335e-09 1.001e-09 3.338e-10 1.335e-09
3.004e-09 4.673e-09 4.673e-09 6.675e-09 1.302e-08 1.802e-08 1.903e-08 1.903e-08 1.135e-08 5.674e-09 3.338e-09 3.338e-10 3.338e-10 1.335e-09 1.335e-09 6.675e-10 1.001e-09 0.000e+00 3.338e-10 1.001e-09
4.339e-09 4.005e-09 5.340e-09 6.008e-09 5.674e-09 8.678e-09 6.675e-09 1.035e-08 2.670e-09 3.004e-09 3.338e-09 2.003e-09 1.335e-09 3.338e-10 1.335e-09 0.000e+00 1.001e-09 6.675e-10 3.338e-10 3.338e-10
3.338e-09 4.339e-09 5.674e-09 3.672e-09 4.339e-09 5.007e-09 6.675e-09 3.004e-09 3.672e-09 1.335e-09 2.336e-09 3.338e-10 1.669e-09 2.003e-09 6.675e-10 1.001e-09 0.000e+00 1.001e-09 3.338e-10 6.675e-10
2.336e-09 3.338e-09 5.007e-09 4.005e-09 2.670e-09 4.005e-09 4.005e-09 2.670e-09 2.336e-09 1.001e-09 2.670e-09 1.669e-09 1.001e-09 6.675e-10 0.000e+00 1.669e-09 6.675e-10 1.001e-09 3.338e-10 0.000e+00
3.338e-09 2.336e-09 4.673e-09 2.670e-09 3.338e-09 2.336e-09 2.003e-09 2.003e-09 2.003e-09 1.001e-09 1.335e-09 0.000e+00 6.675e-10 1.001e-09 6.675e-10 0.000e+00 1.335e-09 2.003e-09 3.338e-10 1.001e-09
2.670e-09 5.007e-09 3.672e-09 2.336e-09 2.336e-09 2.670e-09 1.335e-09 1.669e-09 1.335e-09 2.003e-09 6.675e-10 6.675e-10 1.335e-09 1.335e-09 1.001e-09 6.675e-10 6.675e-10 1.001e-09 3.338e-10 0.000e+00
2.336e-09 1.669e-09 2.003e-09 3.672e-09 1.669e-09 1.001e-09 1.001e-09 1.669e-09 3.338e-10 1.335e-09 1.669e-09 6.675e-10 1.335e-09 3.338e-10 3.338e-10 1.001e-09 1.001e-09 1.669e-09 1.335e-09 1.001e-09
1.001e-09 1.669e-09 1.669e-09 1.335e-09 1.335e-09 3.338e-10 1.669e-09 0.000e+00 2.003e-09 1.669e-09 3.338e-10 2.003e-09 2.003e-09 0.000e+00 1.335e-09 1.001e-09 6.675e-10 1.001e-09 1.001e-09 1.001e-09
1.335e-09 1.669e-09 2.336e-09 6.675e-10 2.670e-09 3.338e-10 3.338e-10 1.669e-09 1.001e-09 1.001e-09 1.001e-09 6.675e-10 1.335e-09 1.001e-09 6.675e-10 6.675e-10 6.675e-10 1.669e-09 0.000e+00 6.675e-10
2.336e-09 2.003e-09 2.003e-09 1.335e-09 3.338e-10 6.675e-10 1.335e-09 1.001e-09 1.001e-09 1.335e-09 1.001e-09 1.001e-09 1.001e-09 1.001e-09 1.001e-09 3.338e-10 6.675e-10 1.335e-09 3.338e-10 1.001e-09
# 2D Marginal for parameters xcen and depth with ranges 4.2200e+05 4.3199e+05 and 2.0001e+03 6.9984e+03
1.335e-09 2.002e-09 6.674e-10 1.335e-09 2.002e-09 6.674e-10 3.337e-09 2.669e-09 2.002e-09 2.669e-09 1.335e-09 1.335e-09 2.669e-09 3.337e-09 3.337e-09 3.337e-09 1.335e-09 6.674e-10 2.669e-09 6.674e-09
2.002e-09 3.337e-09 1.335e-09 4.004e-09 2.002e-09 1.335e-09 1.335e-09 1.335e-09 2.002e-09 2.669e-09 2.002e-09 2.669e-09 2.669e-09 5.339e-09 6.006e-09 3.337e-09 6.006e-09 6.674e-09 8.008e-09 6.006e-09
2.002e-09 2.002e-09 2.002e-09 2.002e-09 3.337e-09 2.669e-09 2.002e-09 1.335e-09 2.002e-09 3.337e-09 5.339e-09 2.669e-09 6.006e-09 2.669e-09 4.004e-09 2.669e-09 6.006e-09 3.337e-09 4.004e-09 8.008e-09
2.669e-09 2.002e-09 2.002e-09 2.669e-09 5.339e-09 4.672e-09 2.669e-09 2.002e-09 3.337e-09 2.669e-09 2.669e-09 6.006e-09 4.672e-09 4.672e-09 8.008e-09 4.672e-09 4.672e-09 6.006e-09 6.006e-09 7.341e-09
4.004e-09 3.337e-09 5.339e-09 2.669e-09 3.337e-09 4.004e-09 3.337e-09 4.672e-09 5.339e-09 5.339e-09 4.672e-09 6.006e-09 6.674e-09 6.006e-09 9.343e-09 9.343e-09 5.339e-09 9.343e-09 3.337e-09 2.669e-09
3.337e-09 4.672e-09 6.674e-09 6.674e-09 5.339e-09 8.008e-09 1.068e-08 4.004e-09 1.068e-08 7.341e-09 7.341e-09 1.335e-08 1.401e-08 1.668e-08 8.008e-09 1.335e-08 1.335e-08 9.343e-09 6.006e-09 3.337e-09
7.341e-09 1.401e-08 1.135e-08 1.268e-08 2.269e-08 2.403e-08 2.336e-08 1.535e-08 1.535e-08 1.735e-08 2.002e-08 1.935e-08 1.401e-08 2.002e-08 1.335e-08 1.535e-08 1.135e-08 4.004e-09 1.001e-08 8.676e-09
1.201e-08 4.738e-08 6.273e-08 6.273e-08 9.210e-08 1.081e-07 6.340e-08 4.672e-08 3.871e-08 3.537e-08 4.071e-08 4.138e-08 2.669e-08 2.202e-08 2.336e-08 1.602e-08 1.735e-08 6.674e-09 7.341e-09 9.343e-09
5.606e-08 2.923e-07 2.015e-06 1.017e-06 4.385e-07 3.397e-07 1.795e-07 8.142e-08 4.538e-08 5.339e-08 4.071e-08 3.937e-08 3.337e-08 2.469e-08 2.403e-08 1.401e-08 1.468e-08 1.001e-08 8.676e-09 7.341e-09
1.468e-08 4.471e-08 7.341e-08 9.076e-08 9.276e-08 9.810e-08 6.740e-08 4.338e-08 5.005e-08 4.204e-08 3.137e-08 2.069e-08 2.469e-08 1.802e-08 1.735e-08 1.135e-08 1.268e-08 1.201e-08 7.341e-09 7.341e-09
9.343e-09 1.468e-08 1.268e-08 8.676e-09 8.008e-09 1.268e-08 1.735e-08 1.735e-08 1.068e-08 1.335e-08 1.735e-08 1.468e-08 1.201e-08 8.008e-09 1.135e-08 1.535e-08 9.343e-09 7.341e-09 4.004e-09 5.339e-09
4.004e-09 3.337e-09 6.674e-09 6.006e-09 5.339e-09 6.006e-09 1.335e-09 6.674e-09 5.339e-09 8.676e-09 8.676e-09 6.674e-09 9.343e-09 7.341e-09 1.068e-08 1.201e-08 6.674e-09 8.676e-09 4.004e-09 7.341e-09
2.669e-09 2.002e-09 6.006e-09 3.337e-09 1.335e-09 6.006e-09 4.004e-09 4.672e-09 4.004e-09 4.004e-09 2.669e-09 9.343e-09 1.001e-08 6.674e-09 6.674e-09 1.001e-08 6.674e-09 4.004e-09 4.004e-09 4.004e-09
6.674e-10 2.002e-09 1.335e-09 2.002e-09 2.002e-09 2.669e-09 1.335e-09 6.674e-09 4.004e-09 2.002e-09 5.339e-09 3.337e-09 6.006e-09 7.341e-09 4.004e-09 5.339e-09 9.343e-09 6.006e-09 6.006e-09 4.672e-09
1.335e-09 2.669e-09 1.335e-09 3.337e-09 6.006e-09 2.002e-09 1.335e-09 2.669e-09 6.674e-09 1.335e-09 3.337e-09 4.004e-09 4.004e-09 4.672e-09 3.337e-09 2.669e-09 3.337e-09 8.008e-09 2.669e-09 3.337e-09
2.002e-09 4.672e-09 1.335e-09 1.335e-09 0.000e+00 2.002e-09 4.004e-09 2.669e-09 2.669e-09 4.672e-09 5.339e-09 6.006e-09 3.337e-09 3.337e-09 4.672e-09 4.004e-09 3.337e-09 3.337e-09 6.674e-10 6.006e-09
1.335e-09 2.002e-09 1.335e-09 1.335e-09 3.337e-09 0.000e+00 6.006e-09 3.337e-09 1.335e-09 2.002e-09 4.004e-09 3.337e-09 2.669e-09 6.006e-09 1.335e-09 2.669e-09 2.002e-09 4.672e-09 3.337e-09 2.002e-09
6.674e-10 3.337e-09 6.674e-10 2.002e-09 1.335e-09 6.674e-10 1.335e-09 2.002e-09 0.000e+00 2.002e-09 2.002e-09 1.335e-09 4.004e-09 2.002e-09 4.004e-09 6.006e-09 2.002e-09 2.669e-09 3.337e-09 4.672e-09
6.674e-10 2.669e-09 2.002e-09 2.002e-09 1.335e-09 1.335e-09 2.669e-09 6.674e-10 6.674e-10 1.335e-09 4.004e-09 4.004e-09 4.004e-09 4.004e-09 1.335e-09 2.669e-09 1.335e-09 2.002e-09 2.002e-09 2.002e-09
2.002e-09 6.674e-10 6.674e-10 2.002e-09 2.669e-09 2.002e-09 6.674e-10 2.669e-09 2.002e-09 2.002e-09 0.000e+00 1.335e-09 5.339e-09 2.669e-09 2.002e-09 3.337e-09 2.002e-09 2.002e-09 4.004e-09 4.004e-09
# 2D Marginal for parameters xcen and dVol with ranges 4.2200e+05 4.3199e+05 and 1.0092e+06 1.9997e+07
8.784e-13 1.757e-13 5.270e-13 3.514e-13 7.027e-13 1.757e-13 7.027e-13 1.757e-13 5.270e-13 5.270e-13 1.581e-12 8.784e-13 8.784e-13 7.027e-13 3.514e-13 5.270e-13 5.270e-13 5.270e-13 5.270e-13 7.027e-13
1.757e-13 7.027e-13 8.784e-13 8.784e-13 1.054e-12 8.784e-13 1.581e-12 1.230e-12 1.757e-12 1.405e-12 1.054e-12 0.000e+00 1.230e-12 7.027e-13 1.054e-12 5.270e-13 1.405e-12 1.054e-12 3.514e-13 5.270e-13
5.270e-13 3.514e-13 7.027e-13 5.270e-13 1.230e-12 1.054e-12 1.230e-12 1.405e-12 2.108e-12 1.054e-12 7.027e-13 7.027e-13 1.405e-12 1.405e-12 5.270e-13 5.270e-13 8.784e-13 8.784e-13 3.514e-13 1.757e-13
7.027e-13 5.270e-13 8.784e-13 1.054e-12 1.230e-12 1.054e-12 1.405e-12 1.405e-12 1.405e-12 1.405e-12 1.757e-12 1.932e-12 5.270e-13 1.054e-12 1.230e-12 8.784e-13 1.230e-12 1.581e-12 3.514e-13 7.027e-13
7.027e-13 8.784e-13 1.405e-12 1.054e-12 8.784e-13 1.405e-12 1.757e-12 7.027e-13 1.405e-12 1.932e-12 1.932e-12 2.987e-12 1.581e-12 1.932e-12 8.784e-13 8.784e-13 1.230e-12 1.757e-12 8.784e-13 1.230e-12
1.405e-12 8.784e-13 1.581e-12 1.757e-12 2.635e-12 2.811e-12 2.987e-12 2.108e-12 2.811e-12 3.162e-12 2.459e-12 2.635e-12 2.459e-12 1.757e-12 2.635e-12 1.581e-12 2.635e-12 1.581e-12 3.338e-12 2.108e-12
1.054e-12 8.784e-13 3.162e-12 4.216e-12 6.500e-12 5.973e-12 6.500e-12 5.446e-12 3.865e-12 2.284e-12 4.041e-12 4.392e-12 4.392e-12 5.973e-12 3.162e-12 4.041e-12 4.392e-12 2.635e-12 2.811e-12 3.162e-12
1.054e-12 2.811e-12 6.851e-12 1.441e-11 2.600e-11 2.530e-11 2.477e-11 2.003e-11 1.405e-11 1.001e-11 8.433e-12 7.378e-12 9.662e-12 8.960e-12 8.081e-12 4.041e-12 3.689e-12 2.635e-12 3.514e-12 3.689e-12
5.270e-13 1.757e-12 1.915e-11 1.110e-10 6.637e-10 1.737e-10 8.819e-11 6.430e-11 3.918e-11 1.739e-11 8.608e-12 9.311e-12 1.159e-11 9.838e-12 8.433e-12 6.676e-12 2.811e-12 3.865e-12 3.689e-12 2.811e-12
8.784e-13 1.757e-12 5.797e-12 1.634e-11 2.828e-11 2.565e-11 2.161e-11 2.003e-11 2.073e-11 1.757e-11 7.378e-12 7.906e-12 4.216e-12 6.676e-12 4.041e-12 4.568e-12 1.757e-12 3.865e-12 2.987e-12 3.338e-12
1.054e-12 1.932e-12 1.932e-12 3.338e-12 3.514e-12 4.392e-12 3.338e-12 3.689e-12 4.216e-12 5.446e-12 3.162e-12 2.459e-12 2.811e-12 3.338e-12 3.162e-12 3.514e-12 2.284e-12 2.284e-12 1.757e-12 2.811e-12
8.784e-13 1.054e-12 1.932e-12 1.581e-12 1.757e-12 1.054e-12 1.054e-12 2.284e-12 2.811e-12 1.932e-12 1.230e-12 2.459e-12 7.027e-13 2.459e-12 1.757e-12 3.338e-12 1.932e-12 1.054e-12 2.284e-12 1.932e-12
1.581e-12 5.270e-13 1.230e-12 1.054e-12 1.054e-12 8.784e-13 1.054e-12 1.230e-12 1.405e-12 1.757e-13 1.757e-12 1.054e-12 1.230e-12 2.811e-12 1.581e-12 1.757e-12 1.757e-12 1.757e-12 1.932e-12 1.054e-12
3.514e-13 5.270e-13 7.027e-13 1.054e-12 1.230e-12 5.270e-13 1.405e-12 1.581e-12 1.932e-12 7.027e-13 1.230e-12 1.054e-12 1.054e-12 1.054e-12 8.784e-13 1.581e-12 1.054e-12 1.230e-12 1.054e-12 1.405e-12
1.405e-12 8.784e-13 3.514e-13 1.054e-12 1.932e-12 1.757e-12 1.054e-12 7.027e-13 1.054e-12 8.784e-13 1.054e-12 7.027e-13 5.270e-13 7.027e-13 3.514e-13 1.230e-12 1.054e-12 3.514e-13 5.270e-13 3.514e-13
1.054e-12 8.784e-13 1.054e-12 3.514e-13 1.054e-12 1.405e-12 8.784e-13 1.581e-12 1.230e-12 1.054e-12 1.405e-12 8.784e-13 3.514e-13 8.784e-13 1.757e-13 5.270e-13 5.270e-13 3.514e-13 8.784e-13 7.027e-13
5.270e-13 3.514e-13 3.514e-13 3.514e-13 1.054e-12 8.784e-13 1.230e-12 7.027e-13 1.054e-12 5.270e-13 5.270e-13 3.514e-13 1.054e-12 1.054e-12 7.027e-13 7.027e-13 1.054e-12 5.270e-13 3.514e-13 8.784e-13
5.270e-13 5.270e-13 5.270e-13 5.270e-13 5.270e-13 5.270e-13 7.027e-13 3.514e-13 8.784e-13 7.027e-13 5.270e-13 1.054e-12 7.027e-13 5.270e-13 1.054e-12 3.514e-13 1.230e-12 1.757e-13 3.514e-13 3.514e-13
3.514e-13 5.270e-13 3.514e-13 5.270e-13 3.514e-13 1.054e-12 5.270e-13 1.230e-12 5.270e-13 5.270e-13 0.000e+00 7.027e-13 1.054e-12 7.027e-13 3.514e-13 5.270e-13 1.757e-13 5.270e-13 1.054e-12 1.757e-13
3.514e-13 5.270e-13 3.514e-13 5.270e-13 1.757e-13 8.784e-13 3.514e-13 8.784e-13 1.230e-12 1.757e-13 7.027e-13 7.027e-13 7.027e-13 7.027e-13 8.784e-13 7.027e-13 1.757e-13 3.514e-13 8.784e-13 3.514e-13
# 2D Marginal for parameters ycen and depth with ranges 4.5150e+06 4.5250e+06 and 2.0001e+03 6.9984e+03
3.336e-09 3.336e-09 4.671e-09 5.338e-09 1.335e-09 4.004e-09 4.671e-09 4.671e-09 6.673e-09 8.675e-09 7.340e-09 5.338e-09 1.468e-08 7.340e-09 1.201e-08 1.068e-08 1.068e-08 6.006e-09 7.340e-09 6.673e-09
0.000e+00 4.671e-09 3.336e-09 4.004e-09 6.673e-10 3.336e-09 6.673e-09 6.673e-09 1.001e-08 1.268e-08 8.675e-09 1.268e-08 1.068e-08 8.007e-09 1.001e-08 1.335e-08 9.342e-09 7.340e-09 3.336e-09 1.935e-08
2.669e-09 4.004e-09 4.004e-09 6.006e-09 5.338e-09 8.007e-09 8.675e-09 6.673e-09 9.342e-09 6.673e-09 1.068e-08 9.342e-09 1.735e-08 7.340e-09 1.201e-08 1.468e-08 8.675e-09 1.468e-08 1.001e-08 8.007e-09
5.338e-09 7.340e-09 3.336e-09 7.340e-09 7.340e-09 6.673e-09 8.675e-09 1.335e-08 8.675e-09 1.535e-08 1.335e-08 1.601e-08 1.335e-08 1.668e-08 1.401e-08 1.134e-08 7.340e-09 1.468e-08 1.134e-08 8.007e-09
3.336e-09 6.673e-09 7.340e-09 7.340e-09 1.134e-08 1.668e-08 1.401e-08 1.802e-08 2.002e-08 1.535e-08 1.935e-08 1.735e-08 2.135e-08 2.002e-08 1.735e-08 1.401e-08 1.201e-08 1.001e-08 9.342e-09 9.342e-09
6.006e-09 4.671e-09 1.268e-08 1.868e-08 3.136e-08 4.738e-08 4.004e-08 2.803e-08 2.869e-08 3.336e-08 2.736e-08 3.003e-08 2.602e-08 2.002e-08 2.269e-08 2.402e-08 1.868e-08 1.201e-08 9.342e-09 1.201e-08
1.001e-08 2.469e-08 4.004e-08 7.006e-08 1.561e-07 1.655e-07 1.228e-07 7.273e-08 4.871e-08 3.870e-08 4.871e-08 4.204e-08 3.003e-08 2.803e-08 2.469e-08 1.868e-08 2.002e-08 1.201e-08 8.675e-09 8.675e-09
5.338e-08 3.143e-07 2.047e-06 1.034e-06 3.977e-07 2.976e-07 1.308e-07 6.606e-08 4.671e-08 4.604e-08 3.537e-08 3.336e-08 2.736e-08 2.469e-08 1.601e-08 1.535e-08 1.335e-08 8.007e-09 1.068e-08 1.134e-08
2.135e-08 5.138e-08 6.272e-08 5.672e-08 5.205e-08 5.472e-08 3.470e-08 1.401e-08 1.201e-08 1.535e-08 1.535e-08 1.802e-08 1.335e-08 1.601e-08 1.134e-08 9.342e-09 9.342e-09 8.007e-09 5.338e-09 2.669e-09
5.338e-09 7.340e-09 1.001e-08 7.340e-09 8.675e-09 8.007e-09 8.007e-09 3.336e-09 7.340e-09 6.673e-09 6.006e-09 6.006e-09 1.335e-09 6.673e-09 8.007e-09 3.336e-09 6.006e-09 3.336e-09 4.671e-09 4.004e-09
4.004e-09 4.004e-09 3.336e-09 4.671e-09 6.006e-09 4.004e-09 3.336e-09 2.669e-09 4.004e-09 1.335e-09 4.004e-09 3.336e-09 3.336e-09 2.669e-09 4.671e-09 3.336e-09 6.006e-09 7.340e-09 2.002e-09 3.336e-09
1.335e-09 4.004e-09 6.673e-10 3.336e-09 0.000e+00 1.335e-09 0.000e+00 4.004e-09 1.335e-09 1.335e-09 2.002e-09 1.335e-09 2.002e-09 4.004e-09 1.335e-09 2.669e-09 1.335e-09 2.669e-09 4.004e-09 2.002e-09
1.335e-09 2.002e-09 1.335e-09 1.335e-09 2.002e-09 2.002e-09 4.004e-09 4.004e-09 0.000e+00 1.335e-09 1.335e-09 1.335e-09 3.336e-09 2.002e-09 6.673e-10 4.004e-09 6.673e-10 1.335e-09 1.335e-09 3.336e-09
2.669e-09 2.002e-09 2.002e-09 4.004e-09 4.004e-09 2.002e-09 2.002e-09 6.673e-10 6.673e-10 1.335e-09 0.000e+00 1.335e-09 2.669e-09 2.669e-09 1.335e-09 6.673e-10 2.669e-09 0.000e+00 6.673e-10 2.002e-09
2.002e-09 3.336e-09 0.000e+00 6.673e-10 2.002e-09 1.335e-09 6.673e-10 2.002e-09 1.335e-09 2.002e-09 2.002e-09 2.002e-09 2.002e-09 3.336e-09 1.335e-09 1.335e-09 2.669e-09 0.000e+00 1.335e-09 2.002e-09
6.673e-10 6.673e-10 2.002e-09 1.335e-09 1.335e-09 6.673e-10 3.336e-09 6.673e-10 1.335e-09 0.000e+00 6.673e-10 2.669e-09 6.673e-10 2.002e-09 0.000e+00 2.669e-09 2.002e-09 0.000e+00 1.335e-09 1.335e-09
2.002e-09 2.002e-09 3.336e-09 6.673e-10 1.335e-09 6.673e-10 2.002e-09 1.335e-09 1.335e-09 2.669e-09 1.335e-09 0.000e+00 6.673e-10 0.000e+00 2.669e-09 2.669e-09 2.002e-09 2.669e-09 2.002e-09 2.669e-09
1.335e-09 2.002e-09 6.673e-10 1.335e-09 8.675e-09 2.002e-09 1.335e-09 1.335e-09 6.673e-10 1.335e-09 2.002e-09 2.002e-09 2.669e-09 2.002e-09 3.336e-09 6.673e-10 2.002e-09 2.669e-09 2.002e-09 6.673e-10
2.002e-09 2.669e-09 2.669e-09 6.673e-10 0.000e+00 6.673e-10 6.673e-10 1.335e-09 2.002e-09 2.002e-09 2.002e-09 1.335e-09 0.000e+00 1.335e-09 0.000e+00 1.335e-09 2.002e-09 2.002e-09 1.335e-09 1.335e-09
2.002e-09 2.669e-09 4.004e-09 0.000e+00 1.335e-09 0.000e+00 6.673e-10 6.673e-10 1.335e-09 1.335e-09 1.335e-09 1.335e-09 3.336e-09 6.673e-10 2.669e-09 3.336e-09 2.002e-09 2.002e-09 1.335e-09 1.335e-09
# 2D Marginal for parameters ycen and dVol with ranges 4.5150e+06 4.5250e+06 and 1.0092e+06 1.9997e+07
1.230e-12 5.270e-13 1.230e-12 1.405e-12 1.230e-12 1.581e-12 1.581e-12 2.986e-12 2.459e-12 2.635e-12 2.459e-12 2.108e-12 3.162e-12 2.459e-12 1.581e-12 1.230e-12 2.108e-12 8.783e-13 1.581e-12 1.054e-12
8.783e-13 5.270e-13 2.284e-12 1.230e-12 1.757e-12 2.284e-12 2.986e-12 1.932e-12 2.635e-12 1.757e-12 2.284e-12 4.216e-12 1.757e-12 3.162e-12 1.230e-12 1.932e-12 2.284e-12 1.581e-12 1.757e-12 2.284e-12
1.932e-12 8.783e-13 1.581e-12 1.581e-12 2.284e-12 3.513e-12 3.162e-12 2.811e-12 2.986e-12 1.757e-12 2.108e-12 1.054e-12 2.108e-12 2.459e-12 2.811e-12 2.986e-12 1.581e-12 2.635e-12 3.513e-12 2.108e-12
8.783e-13 7.026e-13 8.783e-13 2.284e-12 3.513e-12 2.635e-12 3.162e-12 3.864e-12 3.513e-12 2.811e-12 2.986e-12 2.986e-12 2.108e-12 4.040e-12 3.864e-12 2.986e-12 3.689e-12 3.162e-12 2.986e-12 2.108e-12
8.783e-13 8.783e-13 2.108e-12 2.284e-12 4.391e-12 4.743e-12 5.094e-12 4.040e-12 6.499e-12 4.918e-12 3.337e-12 4.216e-12 4.216e-12 6.148e-12 2.986e-12 2.986e-12 3.162e-12 2.459e-12 3.162e-12 2.635e-12
1.405e-12 1.405e-12 2.986e-12 3.513e-12 8.080e-12 1.177e-11 1.159e-11 7.553e-12 1.072e-11 1.001e-11 7.026e-12 7.378e-12 5.270e-12 4.391e-12 5.094e-12 5.621e-12 2.986e-12 4.918e-12 4.040e-12 3.513e-12
1.054e-12 1.581e-12 3.513e-12 9.661e-12 2.740e-11 3.601e-11 3.900e-11 3.109e-11 2.512e-11 2.055e-11 9.134e-12 7.553e-12 9.837e-12 9.134e-12 7.553e-12 7.729e-12 3.864e-12 3.513e-12 3.162e-12 4.391e-12
1.054e-12 2.986e-12 1.862e-11 1.161e-10 6.708e-10 1.690e-10 7.659e-11 5.586e-11 3.408e-11 1.511e-11 9.661e-12 1.001e-11 9.134e-12 7.905e-12 7.202e-12 4.216e-12 1.932e-12 2.635e-12 2.459e-12 2.986e-12
1.405e-12 1.581e-12 9.310e-12 1.739e-11 1.880e-11 1.300e-11 1.265e-11 1.300e-11 7.729e-12 4.040e-12 3.337e-12 3.689e-12 3.513e-12 5.445e-12 2.811e-12 2.811e-12 2.108e-12 1.405e-12 1.405e-12 1.932e-12
1.757e-13 1.405e-12 2.459e-12 1.932e-12 2.108e-12 2.108e-12 2.284e-12 2.459e-12 2.459e-12 1.757e-12 1.230e-12 1.932e-12 1.405e-12 2.108e-12 1.581e-12 1.581e-12 1.054e-12 7.026e-13 7.026e-13 5.270e-13
7.026e-13 1.230e-12 1.054e-12 5.270e-13 1.230e-12 1.230e-12 8.783e-13 1.054e-12 8.783e-13 8.783e-13 5.270e-13 5.270e-13 1.581e-12 7.026e-13 1.054e-12 1.230e-12 1.757e-12 1.054e-12 1.054e-12 1.230e-12
7.026e-13 7.026e-13 3.513e-13 5.270e-13 0.000e+00 7.026e-13 0.000e+00 8.783e-13 1.230e-12 3.513e-13 8.783e-13 1.757e-13 3.513e-13 5.270e-13 7.026e-13 5.270e-13 3.513e-13 5.270e-13 8.783e-13 3.513e-13
7.026e-13 3.513e-13 3.513e-13 3.513e-13 3.513e-13 5.270e-13 3.513e-13 3.513e-13 8.783e-13 3.513e-13 1.054e-12 3.513e-13 7.026e-13 7.026e-13 5.270e-13 1.757e-13 7.026e-13 8.783e-13 5.270e-13 0.000e+00
8.783e-13 5.270e-13 3.513e-13 7.026e-13 3.513e-13 5.270e-13 1.757e-13 3.513e-13 0.000e+00 0.000e+00 7.026e-13 8.783e-13 8.783e-13 3.513e-13 3.513e-13 7.026e-13 5.270e-13 5.270e-13 1.757e-13 3.513e-13
5.270e-13 7.026e-13 7.026e-13 3.513e-13 5.270e-13 5.270e-13 7.026e-13 0.000e+00 3.513e-13 0.000e+00 0.000e+00 3.513e-13 5.270e-13 8.783e-13 3.513e-13 0.000e+00 5.270e-13 5.270e-13 7.026e-13 5.270e-13
1.757e-13 3.513e-13 1.757e-13 1.757e-13 3.513e-13 1.757e-13 0.000e+00 3.513e-13 5.270e-13 5.270e-13 5.270e-13 1.757e-13 5.270e-13 1.757e-13 7.026e-13 5.270e-13 3.513e-13 1.757e-13 3.513e-13 3.513e-13
3.513e-13 7.026e-13 0.000e+00 1.054e-12 3.513e-13 3.513e-13 5.270e-13 5.270e-13 5.270e-13 5.270e-13 3.513e-13 5.270e-13 3.513e-13 5.270e-13 3.513e-13 3.513e-13 5.270e-13 7.026e-13 1.757e-13 1.757e-13
5.270e-13 7.026e-13 8.783e-13 3.513e-13 7.026e-13 1.757e-13 1.757e-13 8.783e-13 5.270e-13 1.757e-13 5.270e-13 7.026e-13 3.513e-13 8.783e-13 1.757e-13 3.513e-13 1.054e-12 3.513e-13 8.783e-13 3.513e-13
0.000e+00 5.270e-13 3.513e-13 1.757e-13 0.000e+00 5.270e-13 1.757e-13 1.757e-13 5.270e-13 3.513e-13 8.783e-13 3.513e-13 3.513e-13 5.270e-13 0.000e+00 3.513e-13 5.270e-13 1.757e-13 1.757e-13 1.054e-12
5.270e-13 1.757e-13 5.270e-13 3.513e-13 5.270e-13 0.000e+00 1.230e-12 8.783e-13 5.270e-13 3.513e-13 5.270e-13 3.513e-13 0.000e+00 7.026e-13 3.513e-13 1.757e-13 7.026e-13 1.757e-13 1.757e-13 5.270e-13
# 2D Marginal for parameters depth and dVol with ranges 2.0001e+03 6.9984e+03 and 1.0092e+06 1.9997e+07
2.107e-12 5.268e-12 2.388e-11 1.651e-11 3.863e-12 4.215e-12 2.810e-12 1.405e-12 1.054e-12 0.000e+00 0.000e+00 7.024e-13 0.000e+00 7.024e-13 7.024e-13 7.024e-13 1.054e-12 1.054e-12 7.024e-13 1.756e-12
3.161e-12 4.215e-12 2.599e-11 1.292e-10 4.777e-11 7.024e-12 1.756e-12 2.107e-12 3.161e-12 2.107e-12 1.756e-12 7.024e-13 1.054e-12 1.405e-12 1.405e-12 3.512e-13 7.024e-13 2.459e-12 7.024e-13 1.756e-12
2.810e-12 3.863e-12 1.300e-11 1.180e-10 9.866e-10 1.791e-11 5.268e-12 4.215e-12 2.459e-12 7.024e-13 1.756e-12 7.024e-13 1.054e-12 1.756e-12 7.024e-13 1.756e-12 1.405e-12 7.024e-13 7.024e-13 3.512e-13
2.459e-12 3.161e-12 4.215e-12 2.178e-11 3.540e-10 2.167e-10 2.353e-11 6.673e-12 5.268e-12 1.405e-12 1.405e-12 1.756e-12 0.000e+00 1.756e-12 1.405e-12 3.512e-13 7.024e-13 2.107e-12 3.512e-13 7.024e-13
3.512e-12 3.512e-12 5.268e-12 7.376e-12 4.144e-11 1.500e-10 1.022e-10 3.020e-11 9.132e-12 3.863e-12 7.024e-13 1.756e-12 1.054e-12 2.810e-12 7.024e-13 3.512e-13 3.512e-13 1.054e-12 7.024e-13 1.756e-12
7.024e-13 1.756e-12 3.512e-12 6.322e-12 1.861e-11 4.706e-11 9.694e-11 1.061e-10 3.091e-11 7.376e-12 1.756e-12 2.459e-12 3.512e-13 1.054e-12 3.512e-13 7.024e-13 1.054e-12 1.054e-12 1.405e-12 3.512e-13
1.054e-12 1.756e-12 4.215e-12 2.810e-12 8.429e-12 1.826e-11 3.442e-11 4.285e-11 5.619e-11 2.178e-11 5.268e-12 2.107e-12 2.459e-12 1.756e-12 7.024e-13 7.024e-13 1.756e-12 7.024e-13 1.054e-12 7.024e-13
2.459e-12 2.459e-12 2.459e-12 2.810e-12 3.512e-12 1.054e-11 9.483e-12 1.616e-11 3.512e-11 2.564e-11 7.024e-12 3.161e-12 2.810e-12 2.459e-12 1.054e-12 1.756e-12 1.405e-12 1.756e-12 3.512e-13 3.512e-13
3.863e-12 7.024e-13 2.107e-12 1.054e-12 2.459e-12 4.566e-12 5.971e-12 9.483e-12 1.335e-11 2.002e-11 1.159e-11 1.089e-11 1.019e-11 5.971e-12 3.863e-12 2.107e-12 7.024e-13 7.024e-13 1.405e-12 7.024e-13
1.405e-12 1.756e-12 1.405e-12 3.512e-13 1.405e-12 1.054e-12 7.376e-12 7.376e-12 1.159e-11 1.194e-11 1.300e-11 1.545e-11 1.054e-11 1.089e-11 7.727e-12 5.268e-12 1.054e-12 1.405e-12 7.024e-13 7.024e-13
7.024e-13 7.024e-13 2.107e-12 1.054e-12 2.459e-12 3.512e-12 3.863e-12 6.322e-12 8.078e-12 7.376e-12 1.264e-11 1.194e-11 1.300e-11 1.229e-11 8.078e-12 8.429e-12 1.405e-12 2.459e-12 1.054e-12 2.459e-12
7.024e-13 1.054e-12 1.756e-12 1.054e-12 1.756e-12 3.863e-12 3.863e-12 4.917e-12 4.215e-12 6.322e-12 1.054e-11 1.054e-11 1.370e-11 1.300e-11 1.300e-11 5.971e-12 3.512e-12 3.161e-12 3.863e-12 2.107e-12
7.024e-13 7.024e-13 1.756e-12 2.459e-12 2.810e-12 2.107e-12 4.917e-12 5.971e-12 4.917e-12 4.917e-12 7.376e-12 8.429e-12 8.078e-12 1.229e-11 9.132e-12 7.727e-12 6.673e-12 5.619e-12 4.215e-12 2.459e-12
3.512e-13 2.459e-12 7.024e-13 2.810e-12 3.512e-12 3.161e-12 2.810e-12 3.161e-12 7.024e-12 3.863e-12 5.619e-12 5.619e-12 9.132e-12 7.024e-12 5.268e-12 9.132e-12 8.429e-12 3.863e-12 4.215e-12 4.215e-12
7.024e-13 1.054e-12 2.107e-12 1.405e-12 3.512e-13 1.405e-12 2.459e-12 3.512e-12 2.810e-12 4.566e-12 5.268e-12 6.673e-12 5.268e-12 9.483e-12 6.673e-12 8.078e-12 7.024e-12 5.619e-12 4.917e-12 8.078e-12
1.054e-12 7.024e-13 1.054e-12 2.107e-12 1.756e-12 2.107e-12 3.161e-12 2.810e-12 3.863e-12 4.917e-12 2.107e-12 6.673e-12 3.512e-12 8.429e-12 5.268e-12 4.917e-12 6.673e-12 7.727e-12 8.429e-12 5.619e-12
1.405e-12 0.000e+00 7.024e-13 1.405e-12 2.107e-12 3.863e-12 5.619e-12 2.459e-12 1.405e-12 4.215e-12 4.215e-12 3.161e-12 4.566e-12 3.863e-12 4.215e-12 5.268e-12 7.024e-12 6.322e-12 5.619e-12 5.619e-12
7.024e-13 0.000e+00 7.024e-13 1.054e-12 1.054e-12 1.054e-12 2.107e-12 2.107e-12 2.459e-12 3.161e-12 2.810e-12 2.459e-12 1.405e-12 4.566e-12 7.024e-12 5.268e-12 5.268e-12 4.917e-12 7.727e-12 5.619e-12
1.405e-12 7.024e-13 1.756e-12 1.054e-12 2.459e-12 2.810e-12 3.161e-12 1.405e-12 2.107e-12 1.756e-12 3.512e-13 1.054e-12 4.566e-12 3.512e-12 2.107e-12 3.863e-12 2.459e-12 2.810e-12 6.322e-12 5.619e-12
7.024e-13 1.054e-12 7.024e-13 3.161e-12 2.810e-12 1.405e-12 2.810e-12 2.810e-12 3.161e-12 1.756e-12 3.863e-12 2.810e-12 3.512e-12 1.405e-12 3.161e-12 4.215e-12 4.917e-12 2.459e-12 5.268e-12 5.971e-12
