# 2D Marginal for parameters xtlc and ytlc with ranges 4.2478e+05 4.2575e+05 and 4.5194e+06 4.5196e+06
0.000e+00 0.000e+00 0.000e+00 0.000e+00 0.000e+00 0.000e+00 0.000e+00 0.000e+00 0.000e+00 0.000e+00 3.527e-07 3.527e-07 1.764e-06 4.232e-06 3.880e-06 3.527e-06 2.116e-06 1.411e-06 3.527e-07 3.527e-07
0.000e+00 0.000e+00 0.000e+00 0.000e+00 0.000e+00 0.000e+00 0.000e+00 0.000e+00 0.000e+00 7.054e-07 2.116e-06 1.764e-06 5.291e-06 5.996e-06 5.291e-06 6.701e-06 3.174e-06 1.058e-06 3.527e-07 3.527e-07
0.000e+00 0.000e+00 0.000e+00 0.000e+00 0.000e+00 0.000e+00 0.000e+00 3.527e-07 3.527e-07 3.527e-07 1.764e-06 7.054e-07 2.116e-06 2.469e-06 2.822e-06 7.054e-07 3.527e-07 0.000e+00 0.000e+00 0.000e+00
0.000e+00 0.000e+00 0.000e+00 0.000e+00 0.000e+00 0.000e+00 0.000e+00 0.000e+00 1.058e-06 3.527e-07 1.411e-06 3.527e-06 3.174e-06 7.054e-07 3.527e-07 1.411e-06 7.054e-07 0.000e+00 0.000e+00 0.000e+00
0.000e+00 0.000e+00 0.000e+00 0.000e+00 0.000e+00 0.000e+00 0.000e+00 0.000e+00 0.000e+00 3.527e-07 1.058e-06 3.174e-06 3.527e-06 1.764e-06 1.764e-06 1.764e-06 0.000e+00 0.000e+00 0.000e+00 0.000e+00
0.000e+00 0.000e+00 0.000e+00 0.000e+00 0.000e+00 0.000e+00 0.000e+00 0.000e+00 3.527e-07 0.000e+00 7.054e-07 2.822e-06 4.232e-06 2.469e-06 2.469e-06 7.054e-07 3.527e-07 0.000e+00 0.000e+00 0.000e+00
0.000e+00 0.000e+00 0.000e+00 0.000e+00 0.000e+00 0.000e+00 0.000e+00 0.000e+00 3.527e-07 0.000e+00 7.054e-07 3.527e-07 2.469e-06 1.764e-06 1.764e-06 3.527e-07 3.527e-07 0.000e+00 0.000e+00 0.000e+00
0.000e+00 0.000e+00 0.000e+00 0.000e+00 3.527e-07 1.411e-06 3.527e-06 2.822e-06 4.232e-06 3.880e-06 2.822e-06 7.054e-07 3.527e-07 3.527e-07 0.000e+00 0.000e+00 0.000e+00 0.000e+00 0.000e+00 0.000e+00
0.000e+00 0.000e+00 0.000e+00 0.000e+00 3.527e-07 1.764e-06 2.116e-06 2.822e-06 3.880e-06 3.174e-06 2.116e-06 1.411e-06 1.411e-06 3.527e-07 0.000e+00 0.000e+00 0.000e+00 0.000e+00 0.000e+00 0.000e+00
0.000e+00 0.000e+00 0.000e+00 0.000e+00 0.000e+00 3.527e-07 0.000e+00 7.054e-07 2.116e-06 4.585e-06 3.174e-06 7.054e-07 3.527e-07 0.000e+00 0.000e+00 0.000e+00 0.000e+00 0.000e+00 0.000e+00 0.000e+00
0.000e+00 0.000e+00 0.000e+00 0.000e+00 0.000e+00 0.000e+00 0.000e+00 1.058e-06 1.764e-06 2.469e-06 0.000e+00 3.527e-07 0.000e+00 0.000e+00 0.000e+00 0.000e+00 0.000e+00 0.000e+00 0.000e+00 0.000e+00
0.000e+00 0.000e+00 0.000e+00 0.000e+00 0.000e+00 0.000e+00 0.000e+00 1.411e-06 1.411e-06 0.000e+00 0.000e+00 3.527e-07 0.000e+00 0.000e+00 0.000e+00 0.000e+00 0.000e+00 0.000e+00 0.000e+00 0.000e+00
0.000e+00 0.000e+00 0.000e+00 0.000e+00 0.000e+00 1.411e-06 3.527e-07 1.411e-06 2.469e-06 1.764e-06 7.054e-07 7.054e-07 0.000e+00 0.000e+00 0.000e+00 0.000e+00 0.000e+00 0.000e+00 0.000e+00 0.000e+00
0.000e+00 0.000e+00 0.000e+00 0.000e+00 0.000e+00 1.411e-06 1.764e-06 2.469e-06 3.527e-06 4.585e-06 7.054e-07 3.527e-07 0.000e+00 0.000e+00 0.000e+00 0.000e+00 0.000e+00 0.000e+00 0.000e+00 0.000e+00
0.000e+00 0.000e+00 3.527e-07 1.058e-06 3.527e-07 2.116e-06 3.174e-06 8.112e-06 7.054e-06 4.232e-06 2.822e-06 0.000e+00 0.000e+00 0.000e+00 0.000e+00 0.000e+00 0.000e+00 0.000e+00 0.000e+00 0.000e+00
0.000e+00 0.000e+00 2.116e-06 4.585e-06 4.232e-06 5.291e-06 9.170e-06 5.643e-06 3.880e-06 1.764e-06 3.527e-07 3.527e-07 0.000e+00 0.000e+00 0.000e+00 0.000e+00 0.000e+00 0.000e+00 0.000e+00 0.000e+00
0.000e+00 1.411e-06 1.058e-06 4.232e-06 3.174e-06 4.232e-06 3.527e-06 1.411e-06 0.000e+00 0.000e+00 0.000e+00 0.000e+00 0.000e+00 0.000e+00 0.000e+00 0.000e+00 0.000e+00 0.000e+00 0.000e+00 0.000e+00
0.000e+00 2.469e-06 7.760e-06 2.575e-05 3.457e-05 3.210e-05 1.834e-05 4.585e-06 7.054e-07 0.000e+00 0.000e+00 0.000e+00 0.000e+00 0.000e+00 0.000e+00 0.000e+00 0.000e+00 0.000e+00 0.000e+00 0.000e+00
4.585e-06 2.187e-05 9.946e-05 2.084e-04 2.885e-04 2.712e-04 1.425e-04 5.432e-05 1.305e-05 2.469e-06 0.000e+00 0.000e+00 0.000e+00 0.000e+00 0.000e+00 0.000e+00 0.000e+00 0.000e+00 0.000e+00 0.000e+00
1.058e-06 1.376e-05 8.148e-05 1.580e-04 2.247e-04 2.370e-04 1.439e-04 5.538e-05 9.523e-06 1.764e-06 0.000e+00 0.000e+00 0.000e+00 0.000e+00 0.000e+00 0.000e+00 0.000e+00 0.000e+00 0.000e+00 0.000e+00
# 2D Marginal for parameters xtlc and dtlc with ranges 4.2478e+05 4.2575e+05 and 3.4643e+03 3.9007e+03
0.000e+00 0.000e+00 2.604e-06 3.152e-06 1.096e-06 2.741e-07 0.000e+00 0.000e+00 0.000e+00 0.000e+00 0.000e+00 0.000e+00 0.000e+00 0.000e+00 0.000e+00 0.000e+00 0.000e+00 0.000e+00 0.000e+00 0.000e+00
1.370e-07 1.644e-06 4.933e-06 3.289e-06 1.644e-06 9.593e-07 1.370e-07 0.000e+00 0.000e+00 0.000e+00 0.000e+00 0.000e+00 0.000e+00 0.000e+00 0.000e+00 0.000e+00 0.000e+00 0.000e+00 0.000e+00 0.000e+00
8.222e-07 5.481e-07 2.741e-07 0.000e+00 1.233e-06 5.481e-07 9.593e-07 2.741e-07 0.000e+00 0.000e+00 0.000e+00 0.000e+00 0.000e+00 0.000e+00 0.000e+00 0.000e+00 0.000e+00 0.000e+00 0.000e+00 0.000e+00
0.000e+00 0.000e+00 0.000e+00 0.000e+00 1.370e-07 1.370e-06 2.467e-06 8.222e-07 1.370e-07 0.000e+00 0.000e+00 0.000e+00 0.000e+00 0.000e+00 0.000e+00 0.000e+00 0.000e+00 0.000e+00 0.000e+00 0.000e+00
0.000e+00 0.000e+00 0.000e+00 0.000e+00 1.370e-07 1.233e-06 2.330e-06 1.370e-06 1.370e-07 0.000e+00 0.000e+00 0.000e+00 0.000e+00 0.000e+00 0.000e+00 0.000e+00 0.000e+00 0.000e+00 0.000e+00 0.000e+00
0.000e+00 0.000e+00 0.000e+00 0.000e+00 0.000e+00 1.507e-06 3.152e-06 6.852e-07 1.370e-07 0.000e+00 0.000e+00 0.000e+00 0.000e+00 0.000e+00 0.000e+00 0.000e+00 0.000e+00 0.000e+00 0.000e+00 0.000e+00
0.000e+00 0.000e+00 0.000e+00 0.000e+00 0.000e+00 4.111e-07 2.056e-06 4.111e-07 2.741e-07 0.000e+00 0.000e+00 0.000e+00 0.000e+00 0.000e+00 0.000e+00 0.000e+00 0.000e+00 0.000e+00 0.000e+00 0.000e+00
0.000e+00 0.000e+00 0.000e+00 0.000e+00 0.000e+00 0.000e+00 6.852e-07 1.370e-06 1.919e-06 1.919e-06 8.222e-07 9.593e-07 1.370e-07 1.370e-07 0.000e+00 0.000e+00 0.000e+00 0.000e+00 0.000e+00 0.000e+00
0.000e+00 0.000e+00 0.000e+00 0.000e+00 0.000e+00 0.000e+00 1.370e-07 0.000e+00 5.481e-07 8.222e-07 1.919e-06 1.919e-06 1.644e-06 5.481e-07 0.000e+00 0.000e+00 0.000e+00 0.000e+00 0.000e+00 0.000e+00
0.000e+00 0.000e+00 0.000e+00 0.000e+00 0.000e+00 0.000e+00 0.000e+00 0.000e+00 0.000e+00 0.000e+00 1.370e-07 1.096e-06 2.056e-06 1.233e-06 1.370e-07 0.000e+00 0.000e+00 0.000e+00 0.000e+00 0.000e+00
0.000e+00 0.000e+00 0.000e+00 0.000e+00 0.000e+00 0.000e+00 0.000e+00 0.000e+00 0.000e+00 0.000e+00 1.370e-07 1.370e-07 4.111e-07 6.852e-07 8.222e-07 0.000e+00 0.000e+00 0.000e+00 0.000e+00 0.000e+00
0.000e+00 0.000e+00 0.000e+00 0.000e+00 0.000e+00 0.000e+00 0.000e+00 0.000e+00 0.000e+00 0.000e+00 0.000e+00 0.000e+00 4.111e-07 2.741e-07 4.111e-07 1.370e-07 0.000e+00 0.000e+00 0.000e+00 0.000e+00
0.000e+00 0.000e+00 0.000e+00 0.000e+00 0.000e+00 0.000e+00 0.000e+00 0.000e+00 0.000e+00 0.000e+00 0.000e+00 0.000e+00 5.481e-07 2.467e-06 4.111e-07 0.000e+00 0.000e+00 0.000e+00 0.000e+00 0.000e+00
0.000e+00 0.000e+00 0.000e+00 0.000e+00 0.000e+00 0.000e+00 0.000e+00 0.000e+00 0.000e+00 0.000e+00 0.000e+00 0.000e+00 5.481e-07 2.467e-06 2.056e-06 6.852e-07 0.000e+00 0.000e+00 0.000e+00 0.000e+00
0.000e+00 0.000e+00 0.000e+00 0.000e+00 0.000e+00 0.000e+00 0.000e+00 0.000e+00 0.000e+00 0.000e+00 0.000e+00 0.000e+00 1.370e-07 1.919e-06 4.248e-06 3.289e-06 8.222e-07 8.222e-07 1.370e-07 0.000e+00
0.000e+00 0.000e+00 0.000e+00 0.000e+00 0.000e+00 0.000e+00 0.000e+00 0.000e+00 0.000e+00 0.000e+00 0.000e+00 0.000e+00 1.370e-07 6.852e-07 9.593e-07 5.207e-06 5.619e-06 1.919e-06 0.000e+00 0.000e+00
0.000e+00 0.000e+00 0.000e+00 0.000e+00 0.000e+00 0.000e+00 0.000e+00 0.000e+00 0.000e+00 0.000e+00 0.000e+00 0.000e+00 0.000e+00 0.000e+00 6.852e-07 2.056e-06 2.604e-06 2.056e-06 0.000e+00 0.000e+00
0.000e+00 0.000e+00 0.000e+00 0.000e+00 0.000e+00 0.000e+00 0.000e+00 0.000e+00 0.000e+00 0.000e+00 0.000e+00 0.000e+00 0.000e+00 0.000e+00 5.481e-07 7.537e-06 1.836e-05 1.713e-05 5.207e-06 2.741e-07
0.000e+00 0.000e+00 0.000e+00 0.000e+00 0.000e+00 0.000e+00 0.000e+00 0.000e+00 0.000e+00 0.000e+00 0.000e+00 0.000e+00 0.000e+00 1.370e-07 3.152e-06 3.823e-05 1.439e-04 1.665e-04 6.907e-05 8.907e-06
0.000e+00 0.000e+00 0.000e+00 0.000e+00 0.000e+00 0.000e+00 0.000e+00 0.000e+00 0.000e+00 0.000e+00 0.000e+00 0.000e+00 0.000e+00 2.741e-07 3.289e-06 3.193e-05 1.335e-04 1.379e-04 4.783e-05 5.344e-06
# 2D Marginal for parameters xtlc and length with ranges 4.2478e+05 4.2575e+05 and 9.2992e+02 2.7893e+03
0.000e+00 0.000e+00 0.000e+00 0.000e+00 0.000e+00 0.000e+00 0.000e+00 0.000e+00 0.000e+00 0.000e+00 0.000e+00 0.000e+00 0.000e+00 0.000e+00 0.000e+00 0.000e+00 0.000e+00 0.000e+00 2.894e-07 1.383e-06
0.000e+00 0.000e+00 0.000e+00 0.000e+00 0.000e+00 0.000e+00 0.000e+00 0.000e+00 0.000e+00 0.000e+00 0.000e+00 0.000e+00 0.000e+00 0.000e+00 0.000e+00 0.000e+00 0.000e+00 3.216e-07 2.187e-06 4.824e-07
0.000e+00 0.000e+00 0.000e+00 0.000e+00 0.000e+00 0.000e+00 0.000e+00 0.000e+00 0.000e+00 0.000e+00 0.000e+00 0.000e+00 0.000e+00 0.000e+00 0.000e+00 0.000e+00 1.930e-07 5.467e-07 3.538e-07 0.000e+00
0.000e+00 0.000e+00 0.000e+00 0.000e+00 0.000e+00 0.000e+00 0.000e+00 0.000e+00 0.000e+00 0.000e+00 0.000e+00 0.000e+00 0.000e+00 0.000e+00 0.000e+00 0.000e+00 1.158e-06 0.000e+00 0.000e+00 0.000e+00
0.000e+00 0.000e+00 0.000e+00 0.000e+00 0.000e+00 0.000e+00 0.000e+00 0.000e+00 0.000e+00 0.000e+00 0.000e+00 0.000e+00 0.000e+00 0.000e+00 3.216e-08 9.970e-07 1.930e-07 0.000e+00 0.000e+00 0.000e+00
0.000e+00 0.000e+00 0.000e+00 0.000e+00 0.000e+00 0.000e+00 0.000e+00 0.000e+00 0.000e+00 0.000e+00 0.000e+00 0.000e+00 0.000e+00 0.000e+00 9.005e-07 3.859e-07 0.000e+00 0.000e+00 0.000e+00 0.000e+00
0.000e+00 0.000e+00 0.000e+00 0.000e+00 0.000e+00 0.000e+00 0.000e+00 0.000e+00 0.000e+00 0.000e+00 0.000e+00 0.000e+00 6.432e-08 5.789e-07 9.648e-08 0.000e+00 0.000e+00 0.000e+00 0.000e+00 0.000e+00
0.000e+00 0.000e+00 0.000e+00 0.000e+00 0.000e+00 0.000e+00 0.000e+00 0.000e+00 0.000e+00 0.000e+00 0.000e+00 9.970e-07 8.683e-07 0.000e+00 0.000e+00 0.000e+00 0.000e+00 0.000e+00 0.000e+00 0.000e+00
0.000e+00 0.000e+00 0.000e+00 0.000e+00 0.000e+00 0.000e+00 0.000e+00 0.000e+00 0.000e+00 0.000e+00 7.718e-07 9.648e-07 3.216e-08 0.000e+00 0.000e+00 0.000e+00 0.000e+00 0.000e+00 0.000e+00 0.000e+00
0.000e+00 0.000e+00 0.000e+00 0.000e+00 0.000e+00 0.000e+00 0.000e+00 0.000e+00 0.000e+00 1.608e-07 9.326e-07 0.000e+00 0.000e+00 0.000e+00 0.000e+00 0.000e+00 0.000e+00 0.000e+00 0.000e+00 0.000e+00
0.000e+00 0.000e+00 0.000e+00 0.000e+00 0.000e+00 0.000e+00 0.000e+00 0.000e+00 1.286e-07 3.538e-07 3.216e-08 0.000e+00 0.000e+00 0.000e+00 0.000e+00 0.000e+00 0.000e+00 0.000e+00 0.000e+00 0.000e+00
0.000e+00 0.000e+00 0.000e+00 0.000e+00 0.000e+00 0.000e+00 0.000e+00 6.432e-08 2.251e-07 0.000e+00 0.000e+00 0.000e+00 0.000e+00 0.000e+00 0.000e+00 0.000e+00 0.000e+00 0.000e+00 0.000e+00 0.000e+00
0.000e+00 0.000e+00 0.000e+00 0.000e+00 0.000e+00 0.000e+00 3.538e-07 4.502e-07 0.000e+00 0.000e+00 0.000e+00 0.000e+00 0.000e+00 0.000e+00 0.000e+00 0.000e+00 0.000e+00 0.000e+00 0.000e+00 0.000e+00
0.000e+00 0.000e+00 0.000e+00 0.000e+00 0.000e+00 3.216e-07 1.029e-06 0.000e+00 0.000e+00 0.000e+00 0.000e+00 0.000e+00 0.000e+00 0.000e+00 0.000e+00 0.000e+00 0.000e+00 0.000e+00 0.000e+00 0.000e+00
0.000e+00 0.000e+00 0.000e+00 0.000e+00 9.648e-07 1.640e-06 6.432e-08 0.000e+00 0.000e+00 0.000e+00 0.000e+00 0.000e+00 0.000e+00 0.000e+00 0.000e+00 0.000e+00 0.000e+00 0.000e+00 0.000e+00 0.000e+00
0.000e+00 0.000e+00 0.000e+00 1.319e-06 2.058e-06 3.216e-08 0.000e+00 0.000e+00 0.000e+00 0.000e+00 0.000e+00 0.000e+00 0.000e+00 0.000e+00 0.000e+00 0.000e+00 0.000e+00 0.000e+00 0.000e+00 0.000e+00
0.000e+00 3.216e-08 9.648e-07 7.075e-07 3.216e-08 0.000e+00 0.000e+00 0.000e+00 0.000e+00 0.000e+00 0.000e+00 0.000e+00 0.000e+00 0.000e+00 0.000e+00 0.000e+00 0.000e+00 0.000e+00 0.000e+00 0.000e+00
0.000e+00 8.780e-06 2.734e-06 0.000e+00 0.000e+00 0.000e+00 0.000e+00 0.000e+00 0.000e+00 0.000e+00 0.000e+00 0.000e+00 0.000e+00 0.000e+00 0.000e+00 0.000e+00 0.000e+00 0.000e+00 0.000e+00 0.000e+00
7.628e-05 2.460e-05 0.000e+00 0.000e+00 0.000e+00 0.000e+00 0.000e+00 0.000e+00 0.000e+00 0.000e+00 0.000e+00 0.000e+00 0.000e+00 0.000e+00 0.000e+00 0.000e+00 0.000e+00 0.000e+00 0.000e+00 0.000e+00
8.439e-05 9.648e-08 0.000e+00 0.000e+00 0.000e+00 0.000e+00 0.000e+00 0.000e+00 0.000e+00 0.000e+00 0.000e+00 0.000e+00 0.000e+00 0.000e+00 0.000e+00 0.000e+00 0.000e+00 0.000e+00 0.000e+00 0.000e+00
# 2D Marginal for parameters xtlc and opening with ranges 4.2478e+05 4.2575e+05 and 1.2804e+00 4.0000e+00
1.143e-03 0.000e+00 0.000e+00 0.000e+00 0.000e+00 0.000e+00 0.000e+00 0.000e+00 0.000e+00 0.000e+00 0.000e+00 0.000e+00 0.000e+00 0.000e+00 0.000e+00 0.000e+00 0.000e+00 0.000e+00 0.000e+00 0.000e+00
2.045e-03 0.000e+00 0.000e+00 0.000e+00 0.000e+00 0.000e+00 0.000e+00 0.000e+00 0.000e+00 0.000e+00 0.000e+00 0.000e+00 0.000e+00 0.000e+00 0.000e+00 0.000e+00 0.000e+00 0.000e+00 0.000e+00 0.000e+00
5.057e-04 2.419e-04 0.000e+00 0.000e+00 0.000e+00 0.000e+00 0.000e+00 0.000e+00 0.000e+00 0.000e+00 0.000e+00 0.000e+00 0.000e+00 0.000e+00 0.000e+00 0.000e+00 0.000e+00 0.000e+00 0.000e+00 0.000e+00
0.000e+00 7.916e-04 0.000e+00 0.000e+00 0.000e+00 0.000e+00 0.000e+00 0.000e+00 0.000e+00 0.000e+00 0.000e+00 0.000e+00 0.000e+00 0.000e+00 0.000e+00 0.000e+00 0.000e+00 0.000e+00 0.000e+00 0.000e+00
0.000e+00 8.355e-04 0.000e+00 0.000e+00 0.000e+00 0.000e+00 0.000e+00 0.000e+00 0.000e+00 0.000e+00 0.000e+00 0.000e+00 0.000e+00 0.000e+00 0.000e+00 0.000e+00 0.000e+00 0.000e+00 0.000e+00 0.000e+00
0.000e+00 5.717e-04 3.078e-04 0.000e+00 0.000e+00 0.000e+00 0.000e+00 0.000e+00 0.000e+00 0.000e+00 0.000e+00 0.000e+00 0.000e+00 0.000e+00 0.000e+00 0.000e+00 0.000e+00 0.000e+00 0.000e+00 0.000e+00
0.000e+00 0.000e+00 4.617e-04 4.398e-05 0.000e+00 0.000e+00 0.000e+00 0.000e+00 0.000e+00 0.000e+00 0.000e+00 0.000e+00 0.000e+00 0.000e+00 0.000e+00 0.000e+00 0.000e+00 0.000e+00 0.000e+00 0.000e+00
0.000e+00 0.000e+00 4.398e-05 9.675e-04 2.639e-04 0.000e+00 0.000e+00 0.000e+00 0.000e+00 0.000e+00 0.000e+00 0.000e+00 0.000e+00 0.000e+00 0.000e+00 0.000e+00 0.000e+00 0.000e+00 0.000e+00 0.000e+00
0.000e+00 0.000e+00 0.000e+00 1.759e-04 1.011e-03 2.199e-05 0.000e+00 0.000e+00 0.000e+00 0.000e+00 0.000e+00 0.000e+00 0.000e+00 0.000e+00 0.000e+00 0.000e+00 0.000e+00 0.000e+00 0.000e+00 0.000e+00
0.000e+00 0.000e+00 0.000e+00 0.000e+00 4.617e-04 2.858e-04 0.000e+00 0.000e+00 0.000e+00 0.000e+00 0.000e+00 0.000e+00 0.000e+00 0.000e+00 0.000e+00 0.000e+00 0.000e+00 0.000e+00 0.000e+00 0.000e+00
0.000e+00 0.000e+00 0.000e+00 0.000e+00 0.000e+00 2.419e-04 1.099e-04 0.000e+00 0.000e+00 0.000e+00 0.000e+00 0.000e+00 0.000e+00 0.000e+00 0.000e+00 0.000e+00 0.000e+00 0.000e+00 0.000e+00 0.000e+00
0.000e+00 0.000e+00 0.000e+00 0.000e+00 0.000e+00 0.000e+00 1.759e-04 2.199e-05 0.000e+00 0.000e+00 0.000e+00 0.000e+00 0.000e+00 0.000e+00 0.000e+00 0.000e+00 0.000e+00 0.000e+00 0.000e+00 0.000e+00
0.000e+00 0.000e+00 0.000e+00 0.000e+00 0.000e+00 0.000e+00 2.199e-05 3.958e-04 1.319e-04 0.000e+00 0.000e+00 0.000e+00 0.000e+00 0.000e+00 0.000e+00 0.000e+00 0.000e+00 0.000e+00 0.000e+00 0.000e+00
0.000e+00 0.000e+00 0.000e+00 0.000e+00 0.000e+00 0.000e+00 0.000e+00 0.000e+00 6.596e-04 2.639e-04 0.000e+00 0.000e+00 0.000e+00 0.000e+00 0.000e+00 0.000e+00 0.000e+00 0.000e+00 0.000e+00 0.000e+00
0.000e+00 0.000e+00 0.000e+00 0.000e+00 0.000e+00 0.000e+00 0.000e+00 0.000e+00 8.795e-05 7.476e-04 7.036e-04 2.858e-04 0.000e+00 0.000e+00 0.000e+00 0.000e+00 0.000e+00 0.000e+00 0.000e+00 0.000e+00
0.000e+00 0.000e+00 0.000e+00 0.000e+00 0.000e+00 0.000e+00 0.000e+00 0.000e+00 0.000e+00 2.199e-05 4.178e-04 1.143e-03 6.816e-04 6.596e-05 0.000e+00 0.000e+00 0.000e+00 0.000e+00 0.000e+00 0.000e+00
0.000e+00 0.000e+00 0.000e+00 0.000e+00 0.000e+00 0.000e+00 0.000e+00 0.000e+00 0.000e+00 0.000e+00 0.000e+00 2.199e-05 1.319e-04 5.497e-04 3.518e-04 1.319e-04 0.000e+00 0.000e+00 0.000e+00 0.000e+00
0.000e+00 0.000e+00 0.000e+00 0.000e+00 0.000e+00 0.000e+00 0.000e+00 0.000e+00 0.000e+00 0.000e+00 0.000e+00 0.000e+00 0.000e+00 0.000e+00 4.398e-04 3.012e-03 3.320e-03 1.077e-03 2.199e-05 0.000e+00
0.000e+00 0.000e+00 0.000e+00 0.000e+00 0.000e+00 0.000e+00 0.000e+00 0.000e+00 0.000e+00 0.000e+00 0.000e+00 0.000e+00 0.000e+00 0.000e+00 0.000e+00 1.099e-04 3.870e-03 1.555e-02 2.847e-02 2.098e-02
0.000e+00 0.000e+00 0.000e+00 0.000e+00 0.000e+00 0.000e+00 0.000e+00 0.000e+00 0.000e+00 0.000e+00 0.000e+00 0.000e+00 0.000e+00 0.000e+00 0.000e+00 0.000e+00 0.000e+00 2.199e-04 7.784e-03 4.976e-02
# 2D Marginal for parameters ytlc and dtlc with ranges 4.5194e+06 4.5196e+06 and 3.4643e+03 3.9007e+03
0.000e+00 0.000e+00 0.000e+00 0.000e+00 0.000e+00 0.000e+00 0.000e+00 0.000e+00 0.000e+00 0.000e+00 0.000e+00 0.000e+00 0.000e+00 0.000e+00 0.000e+00 0.000e+00 2.344e-06 6.251e-06 2.344e-06 1.563e-06
0.000e+00 0.000e+00 0.000e+00 0.000e+00 0.000e+00 0.000e+00 0.000e+00 0.000e+00 0.000e+00 0.000e+00 0.000e+00 0.000e+00 0.000e+00 0.000e+00 0.000e+00 1.563e-06 1.328e-05 3.516e-05 3.282e-05 4.688e-06
0.000e+00 0.000e+00 0.000e+00 0.000e+00 0.000e+00 0.000e+00 0.000e+00 0.000e+00 0.000e+00 0.000e+00 0.000e+00 0.000e+00 0.000e+00 0.000e+00 0.000e+00 1.641e-05 1.133e-04 1.680e-04 1.102e-04 1.797e-05
0.000e+00 0.000e+00 0.000e+00 0.000e+00 0.000e+00 0.000e+00 0.000e+00 0.000e+00 0.000e+00 0.000e+00 0.000e+00 0.000e+00 0.000e+00 0.000e+00 2.344e-06 5.001e-05 2.461e-04 4.040e-04 1.625e-04 2.578e-05
0.000e+00 0.000e+00 0.000e+00 0.000e+00 0.000e+00 0.000e+00 0.000e+00 0.000e+00 0.000e+00 7.813e-07 0.000e+00 0.000e+00 0.000e+00 1.563e-06 1.016e-05 9.298e-05 4.274e-04 4.907e-04 1.867e-04 2.188e-05
0.000e+00 0.000e+00 0.000e+00 0.000e+00 0.000e+00 0.000e+00 0.000e+00 0.000e+00 7.813e-07 7.813e-07 1.563e-06 3.907e-06 1.563e-06 3.125e-06 1.250e-05 1.375e-04 4.946e-04 4.422e-04 1.297e-04 8.595e-06
0.000e+00 0.000e+00 0.000e+00 0.000e+00 0.000e+00 0.000e+00 0.000e+00 0.000e+00 1.563e-06 3.907e-06 2.344e-06 3.125e-06 3.125e-06 7.813e-07 1.719e-05 1.156e-04 3.000e-04 2.227e-04 5.469e-05 2.344e-06
0.000e+00 0.000e+00 0.000e+00 0.000e+00 0.000e+00 0.000e+00 7.813e-07 0.000e+00 1.563e-06 4.688e-06 3.125e-06 1.563e-06 3.907e-06 1.016e-05 1.953e-05 6.485e-05 1.180e-04 7.188e-05 1.563e-05 0.000e+00
7.813e-07 0.000e+00 0.000e+00 0.000e+00 0.000e+00 1.563e-06 7.813e-07 2.344e-06 4.688e-06 4.688e-06 1.563e-06 3.907e-06 7.813e-06 1.797e-05 1.641e-05 2.266e-05 1.875e-05 1.719e-05 2.344e-06 0.000e+00
0.000e+00 0.000e+00 0.000e+00 0.000e+00 7.813e-07 2.344e-06 7.813e-07 3.907e-06 3.125e-06 7.813e-07 3.907e-06 4.688e-06 9.376e-06 1.797e-05 1.250e-05 5.469e-06 3.907e-06 2.344e-06 0.000e+00 0.000e+00
7.813e-07 0.000e+00 2.344e-06 7.813e-07 5.469e-06 1.563e-06 7.032e-06 5.469e-06 1.563e-06 0.000e+00 7.813e-07 2.344e-06 6.251e-06 7.813e-06 3.907e-06 0.000e+00 0.000e+00 0.000e+00 0.000e+00 0.000e+00
7.813e-07 0.000e+00 1.563e-06 0.000e+00 2.344e-06 8.595e-06 1.016e-05 4.688e-06 1.563e-06 0.000e+00 1.563e-06 3.125e-06 1.563e-06 1.563e-06 7.813e-07 7.813e-07 0.000e+00 0.000e+00 0.000e+00 0.000e+00
7.813e-07 0.000e+00 5.469e-06 6.251e-06 3.125e-06 1.094e-05 1.719e-05 5.469e-06 1.563e-06 0.000e+00 1.563e-06 7.813e-07 7.813e-07 7.813e-07 0.000e+00 0.000e+00 0.000e+00 0.000e+00 0.000e+00 0.000e+00
7.813e-07 3.125e-06 4.688e-06 1.250e-05 4.688e-06 4.688e-06 9.376e-06 3.125e-06 7.813e-07 0.000e+00 7.813e-07 0.000e+00 0.000e+00 0.000e+00 0.000e+00 0.000e+00 0.000e+00 0.000e+00 0.000e+00 0.000e+00
1.563e-06 1.563e-06 6.251e-06 7.813e-06 5.469e-06 3.125e-06 1.250e-05 2.344e-06 0.000e+00 0.000e+00 0.000e+00 0.000e+00 0.000e+00 0.000e+00 0.000e+00 0.000e+00 0.000e+00 0.000e+00 0.000e+00 0.000e+00
0.000e+00 4.688e-06 9.376e-06 7.032e-06 2.344e-06 1.563e-06 7.032e-06 7.813e-07 7.813e-07 0.000e+00 0.000e+00 0.000e+00 0.000e+00 0.000e+00 0.000e+00 0.000e+00 0.000e+00 0.000e+00 0.000e+00 0.000e+00
0.000e+00 2.344e-06 7.032e-06 2.344e-06 0.000e+00 1.563e-06 2.344e-06 0.000e+00 0.000e+00 0.000e+00 0.000e+00 0.000e+00 0.000e+00 0.000e+00 0.000e+00 0.000e+00 0.000e+00 0.000e+00 0.000e+00 0.000e+00
0.000e+00 0.000e+00 5.469e-06 0.000e+00 0.000e+00 0.000e+00 0.000e+00 0.000e+00 0.000e+00 0.000e+00 0.000e+00 0.000e+00 0.000e+00 0.000e+00 0.000e+00 0.000e+00 0.000e+00 0.000e+00 0.000e+00 0.000e+00
0.000e+00 7.813e-07 7.813e-07 0.000e+00 0.000e+00 0.000e+00 0.000e+00 0.000e+00 0.000e+00 0.000e+00 0.000e+00 0.000e+00 0.000e+00 0.000e+00 0.000e+00 0.000e+00 0.000e+00 0.000e+00 0.000e+00 0.000e+00
0.000e+00 0.000e+00 1.563e-06 0.000e+00 0.000e+00 0.000e+00 0.000e+00 0.000e+00 0.000e+00 0.000e+00 0.000e+00 0.000e+00 0.000e+00 0.000e+00 0.000e+00 0.000e+00 0.000e+00 0.000e+00 0.000e+00 0.000e+00
# 2D Marginal for parameters ytlc and length with ranges 4.5194e+06 4.5196e+06 and 9.2992e+02 2.7893e+03
2.567e-06 3.667e-07 0.000e+00 0.000e+00 0.000e+00 0.000e+00 0.000e+00 0.000e+00 0.000e+00 0.000e+00 0.000e+00 0.000e+00 0.000e+00 0.000e+00 0.000e+00 0.000e+00 0.000e+00 0.000e+00 0.000e+00 0.000e+00
1.632e-05 3.484e-06 7.335e-07 0.000e+00 0.000e+00 0.000e+00 0.000e+00 0.000e+00 0.000e+00 0.000e+00 0.000e+00 0.000e+00 0.000e+00 0.000e+00 0.000e+00 0.000e+00 0.000e+00 0.000e+00 0.000e+00 0.000e+00
8.251e-05 1.449e-05 1.284e-06 9.168e-07 5.501e-07 1.834e-07 0.000e+00 0.000e+00 0.000e+00 0.000e+00 0.000e+00 0.000e+00 0.000e+00 0.000e+00 0.000e+00 0.000e+00 0.000e+00 0.000e+00 0.000e+00 0.000e+00
1.674e-04 3.246e-05 4.951e-06 2.567e-06 1.467e-06 1.834e-07 0.000e+00 0.000e+00 0.000e+00 0.000e+00 0.000e+00 0.000e+00 0.000e+00 0.000e+00 0.000e+00 0.000e+00 0.000e+00 0.000e+00 0.000e+00 0.000e+00
2.316e-04 4.933e-05 5.318e-06 1.100e-06 1.284e-06 1.834e-07 0.000e+00 0.000e+00 0.000e+00 0.000e+00 1.834e-07 1.834e-07 0.000e+00 0.000e+00 0.000e+00 0.000e+00 0.000e+00 0.000e+00 0.000e+00 0.000e+00
2.285e-04 4.878e-05 4.767e-06 2.567e-06 1.834e-06 9.168e-07 7.335e-07 3.667e-07 0.000e+00 1.834e-07 0.000e+00 1.284e-06 3.667e-07 0.000e+00 0.000e+00 0.000e+00 0.000e+00 0.000e+00 0.000e+00 0.000e+00
1.273e-04 2.879e-05 3.484e-06 2.017e-06 4.584e-06 7.335e-07 7.335e-07 1.834e-07 0.000e+00 0.000e+00 0.000e+00 2.934e-06 0.000e+00 0.000e+00 0.000e+00 0.000e+00 0.000e+00 0.000e+00 0.000e+00 0.000e+00
4.841e-05 1.064e-05 5.501e-07 1.100e-06 3.851e-06 2.750e-06 1.650e-06 5.501e-07 5.501e-07 3.667e-07 1.284e-06 1.834e-06 3.667e-07 0.000e+00 0.000e+00 0.000e+00 0.000e+00 1.834e-07 0.000e+00 0.000e+00
9.535e-06 2.567e-06 0.000e+00 9.168e-07 2.567e-06 2.750e-06 1.650e-06 9.168e-07 9.168e-07 7.335e-07 2.384e-06 2.384e-06 5.501e-07 0.000e+00 3.667e-07 0.000e+00 5.501e-07 0.000e+00 1.834e-07 0.000e+00
2.017e-06 1.834e-07 0.000e+00 1.834e-07 1.100e-06 2.200e-06 2.384e-06 5.501e-07 3.667e-07 1.467e-06 2.750e-06 1.100e-06 1.650e-06 0.000e+00 0.000e+00 1.834e-07 1.834e-07 1.834e-07 3.667e-07 0.000e+00
0.000e+00 0.000e+00 0.000e+00 0.000e+00 1.834e-07 1.467e-06 7.335e-07 0.000e+00 0.000e+00 1.834e-07 2.200e-06 3.667e-07 1.650e-06 1.834e-07 3.667e-07 1.834e-07 1.100e-06 7.335e-07 1.467e-06 0.000e+00
0.000e+00 0.000e+00 0.000e+00 1.834e-07 0.000e+00 0.000e+00 3.667e-07 3.667e-07 1.834e-07 0.000e+00 5.501e-07 5.501e-07 3.667e-07 1.834e-07 1.284e-06 1.834e-06 1.834e-06 1.834e-07 1.284e-06 0.000e+00
0.000e+00 0.000e+00 0.000e+00 0.000e+00 0.000e+00 0.000e+00 0.000e+00 0.000e+00 0.000e+00 0.000e+00 5.501e-07 3.667e-07 3.667e-07 9.168e-07 1.650e-06 2.017e-06 2.567e-06 1.467e-06 1.834e-06 1.100e-06
0.000e+00 0.000e+00 0.000e+00 0.000e+00 0.000e+00 0.000e+00 0.000e+00 0.000e+00 0.000e+00 0.000e+00 0.000e+00 1.834e-07 1.834e-07 9.168e-07 9.168e-07 1.284e-06 3.667e-07 5.501e-07 3.117e-06 2.934e-06
0.000e+00 0.000e+00 0.000e+00 0.000e+00 0.000e+00 0.000e+00 0.000e+00 0.000e+00 0.000e+00 0.000e+00 0.000e+00 0.000e+00 0.000e+00 9.168e-07 7.335e-07 1.467e-06 9.168e-07 9.168e-07 2.750e-06 1.834e-06
0.000e+00 0.000e+00 0.000e+00 0.000e+00 0.000e+00 0.000e+00 0.000e+00 0.000e+00 0.000e+00 0.000e+00 0.000e+00 0.000e+00 0.000e+00 1.834e-07 1.834e-07 9.168e-07 9.168e-07 7.335e-07 2.750e-06 2.200e-06
0.000e+00 0.000e+00 0.000e+00 0.000e+00 0.000e+00 0.000e+00 0.000e+00 0.000e+00 0.000e+00 0.000e+00 0.000e+00 0.000e+00 0.000e+00 0.000e+00 3.667e-07 0.000e+00 3.667e-07 0.000e+00 1.650e-06 1.284e-06
0.000e+00 0.000e+00 0.000e+00 0.000e+00 0.000e+00 0.000e+00 0.000e+00 0.000e+00 0.000e+00 0.000e+00 0.000e+00 0.000e+00 0.000e+00 0.000e+00 0.000e+00 0.000e+00 0.000e+00 0.000e+00 1.834e-07 1.100e-06
0.000e+00 0.000e+00 0.000e+00 0.000e+00 0.000e+00 0.000e+00 0.000e+00 0.000e+00 0.000e+00 0.000e+00 0.000e+00 0.000e+00 0.000e+00 0.000e+00 0.000e+00 0.000e+00 0.000e+00 0.000e+00 3.667e-07 0.000e+00
0.000e+00 0.000e+00 0.000e+00 0.000e+00 0.000e+00 0.000e+00 0.000e+00 0.000e+00 0.000e+00 0.000e+00 0.000e+00 0.000e+00 0.000e+00 0.000e+00 0.000e+00 0.000e+00 0.000e+00 0.000e+00 1.834e-07 1.834e-07
# 2D Marginal for parameters ytlc and opening with ranges 4.5194e+06 4.5196e+06 and 1.2804e+00 4.0000e+00
0.000e+00 0.000e+00 0.000e+00 0.000e+00 0.000e+00 0.000e+00 0.000e+00 0.000e+00 0.000e+00 0.000e+00 0.000e+00 0.000e+00 0.000e+00 0.000e+00 0.000e+00 0.000e+00 0.000e+00 2.507e-04 5.015e-04 1.254e-03
0.000e+00 0.000e+00 0.000e+00 0.000e+00 0.000e+00 0.000e+00 0.000e+00 0.000e+00 0.000e+00 0.000e+00 0.000e+00 0.000e+00 0.000e+00 1.254e-04 3.761e-04 0.000e+00 1.003e-03 1.128e-03 2.382e-03 9.027e-03
0.000e+00 0.000e+00 0.000e+00 0.000e+00 0.000e+00 0.000e+00 0.000e+00 0.000e+00 0.000e+00 0.000e+00 2.507e-04 2.507e-04 3.761e-04 2.507e-04 1.254e-04 1.254e-03 2.131e-03 6.645e-03 1.467e-02 4.237e-02
0.000e+00 0.000e+00 0.000e+00 0.000e+00 0.000e+00 0.000e+00 0.000e+00 0.000e+00 0.000e+00 0.000e+00 1.254e-04 1.003e-03 6.268e-04 1.128e-03 8.776e-04 4.137e-03 7.397e-03 1.367e-02 3.673e-02 7.723e-02
0.000e+00 0.000e+00 0.000e+00 0.000e+00 2.507e-04 0.000e+00 0.000e+00 0.000e+00 0.000e+00 0.000e+00 1.254e-04 8.776e-04 6.268e-04 5.015e-04 7.522e-04 4.889e-03 1.015e-02 2.407e-02 5.416e-02 1.013e-01
0.000e+00 0.000e+00 0.000e+00 3.761e-04 7.522e-04 1.254e-04 1.254e-04 3.761e-04 2.507e-04 6.268e-04 6.268e-04 6.268e-04 1.254e-03 6.268e-04 1.630e-03 3.886e-03 1.041e-02 2.670e-02 5.353e-02 9.653e-02
0.000e+00 0.000e+00 0.000e+00 6.268e-04 1.379e-03 0.000e+00 0.000e+00 1.254e-04 3.761e-04 5.015e-04 1.003e-03 2.507e-03 8.776e-04 6.268e-04 6.268e-04 3.510e-03 6.394e-03 1.592e-02 2.821e-02 5.403e-02
0.000e+00 1.254e-04 0.000e+00 1.254e-03 8.776e-04 5.015e-04 3.761e-04 3.761e-04 1.254e-03 8.776e-04 2.131e-03 1.504e-03 5.015e-04 2.507e-04 1.254e-04 8.776e-04 2.257e-03 6.519e-03 1.291e-02 1.793e-02
1.254e-04 3.761e-04 2.507e-04 1.379e-03 2.131e-03 6.268e-04 6.268e-04 7.522e-04 1.003e-03 1.504e-03 1.379e-03 1.003e-03 3.761e-04 0.000e+00 0.000e+00 0.000e+00 1.128e-03 8.776e-04 3.260e-03 3.009e-03
3.761e-04 2.507e-04 1.254e-04 1.379e-03 1.755e-03 1.379e-03 3.761e-04 5.015e-04 1.504e-03 1.379e-03 6.268e-04 3.761e-04 0.000e+00 0.000e+00 0.000e+00 0.000e+00 1.254e-04 2.507e-04 5.015e-04 6.268e-04
1.379e-03 1.128e-03 3.761e-04 1.128e-03 1.379e-03 3.761e-04 0.000e+00 0.000e+00 5.015e-04 1.003e-03 1.254e-04 0.000e+00 0.000e+00 0.000e+00 0.000e+00 0.000e+00 0.000e+00 0.000e+00 0.000e+00 0.000e+00
1.003e-03 3.009e-03 5.015e-04 2.507e-04 7.522e-04 0.000e+00 2.507e-04 2.507e-04 1.254e-04 0.000e+00 0.000e+00 1.254e-04 0.000e+00 0.000e+00 0.000e+00 0.000e+00 0.000e+00 0.000e+00 0.000e+00 0.000e+00
2.883e-03 3.761e-03 1.254e-03 2.507e-04 5.015e-04 1.254e-04 0.000e+00 0.000e+00 0.000e+00 0.000e+00 0.000e+00 0.000e+00 0.000e+00 0.000e+00 0.000e+00 0.000e+00 0.000e+00 0.000e+00 0.000e+00 0.000e+00
4.388e-03 1.630e-03 8.776e-04 1.254e-04 1.254e-04 0.000e+00 0.000e+00 0.000e+00 0.000e+00 0.000e+00 0.000e+00 0.000e+00 0.000e+00 0.000e+00 0.000e+00 0.000e+00 0.000e+00 0.000e+00 0.000e+00 0.000e+00
3.636e-03 2.006e-03 8.776e-04 0.000e+00 0.000e+00 0.000e+00 0.000e+00 0.000e+00 0.000e+00 0.000e+00 0.000e+00 0.000e+00 0.000e+00 0.000e+00 0.000e+00 0.000e+00 0.000e+00 0.000e+00 0.000e+00 0.000e+00
3.886e-03 1.379e-03 1.254e-04 0.000e+00 0.000e+00 0.000e+00 0.000e+00 0.000e+00 0.000e+00 0.000e+00 0.000e+00 0.000e+00 0.000e+00 0.000e+00 0.000e+00 0.000e+00 0.000e+00 0.000e+00 0.000e+00 0.000e+00
2.006e-03 2.507e-04 2.507e-04 0.000e+00 0.000e+00 0.000e+00 0.000e+00 0.000e+00 0.000e+00 0.000e+00 0.000e+00 0.000e+00 0.000e+00 0.000e+00 0.000e+00 0.000e+00 0.000e+00 0.000e+00 0.000e+00 0.000e+00
8.776e-04 0.000e+00 0.000e+00 0.000e+00 0.000e+00 0.000e+00 0.000e+00 0.000e+00 0.000e+00 0.000e+00 0.000e+00 0.000e+00 0.000e+00 0.000e+00 0.000e+00 0.000e+00 0.000e+00 0.000e+00 0.000e+00 0.000e+00
2.507e-04 0.000e+00 0.000e+00 0.000e+00 0.000e+00 0.000e+00 0.000e+00 0.000e+00 0.000e+00 0.000e+00 0.000e+00 0.000e+00 0.000e+00 0.000e+00 0.000e+00 0.000e+00 0.000e+00 0.000e+00 0.000e+00 0.000e+00
2.507e-04 0.000e+00 0.000e+00 0.000e+00 0.000e+00 0.000e+00 0.000e+00 0.000e+00 0.000e+00 0.000e+00 0.000e+00 0.000e+00 0.000e+00 0.000e+00 0.000e+00 0.000e+00 0.000e+00 0.000e+00 0.000e+00 0.000e+00
# 2D Marginal for parameters dtlc and length with ranges 3.4643e+03 3.9007e+03 and 9.2992e+02 2.7893e+03
0.000e+00 0.000e+00 0.000e+00 0.000e+00 0.000e+00 0.000e+00 0.000e+00 0.000e+00 0.000e+00 0.000e+00 0.000e+00 0.000e+00 0.000e+00 0.000e+00 0.000e+00 0.000e+00 0.000e+00 7.124e-08 4.275e-07 0.000e+00
0.000e+00 0.000e+00 0.000e+00 0.000e+00 0.000e+00 0.000e+00 0.000e+00 0.000e+00 0.000e+00 0.000e+00 0.000e+00 0.000e+00 0.000e+00 0.000e+00 0.000e+00 0.000e+00 0.000e+00 7.124e-08 9.974e-07 7.124e-08
0.000e+00 0.000e+00 0.000e+00 0.000e+00 0.000e+00 0.000e+00 0.000e+00 0.000e+00 0.000e+00 0.000e+00 0.000e+00 0.000e+00 0.000e+00 0.000e+00 0.000e+00 0.000e+00 0.000e+00 1.425e-07 2.422e-06 1.496e-06
0.000e+00 0.000e+00 0.000e+00 0.000e+00 0.000e+00 0.000e+00 0.000e+00 0.000e+00 0.000e+00 0.000e+00 0.000e+00 0.000e+00 0.000e+00 0.000e+00 0.000e+00 0.000e+00 0.000e+00 1.425e-07 1.140e-06 2.066e-06
0.000e+00 0.000e+00 0.000e+00 0.000e+00 0.000e+00 0.000e+00 0.000e+00 0.000e+00 0.000e+00 0.000e+00 0.000e+00 0.000e+00 0.000e+00 0.000e+00 7.124e-08 0.000e+00 1.425e-07 9.262e-07 6.412e-07 4.275e-07
0.000e+00 0.000e+00 0.000e+00 0.000e+00 0.000e+00 0.000e+00 0.000e+00 0.000e+00 0.000e+00 0.000e+00 0.000e+00 0.000e+00 0.000e+00 1.425e-07 7.124e-07 7.837e-07 8.549e-07 2.137e-07 4.987e-07 7.124e-08
0.000e+00 0.000e+00 0.000e+00 0.000e+00 0.000e+00 0.000e+00 0.000e+00 0.000e+00 0.000e+00 0.000e+00 0.000e+00 0.000e+00 4.275e-07 9.974e-07 1.140e-06 1.639e-06 1.639e-06 2.137e-07 1.425e-07 0.000e+00
0.000e+00 0.000e+00 0.000e+00 0.000e+00 0.000e+00 0.000e+00 0.000e+00 0.000e+00 0.000e+00 0.000e+00 0.000e+00 7.124e-08 7.124e-07 7.124e-08 3.562e-07 4.987e-07 7.124e-07 1.425e-07 0.000e+00 0.000e+00
0.000e+00 0.000e+00 0.000e+00 0.000e+00 0.000e+00 0.000e+00 0.000e+00 0.000e+00 0.000e+00 0.000e+00 0.000e+00 7.837e-07 5.699e-07 7.124e-08 0.000e+00 1.425e-07 7.124e-08 0.000e+00 0.000e+00 0.000e+00
0.000e+00 0.000e+00 0.000e+00 0.000e+00 0.000e+00 0.000e+00 0.000e+00 0.000e+00 0.000e+00 0.000e+00 7.124e-08 1.211e-06 1.425e-07 0.000e+00 0.000e+00 0.000e+00 0.000e+00 0.000e+00 0.000e+00 0.000e+00
0.000e+00 0.000e+00 0.000e+00 0.000e+00 0.000e+00 0.000e+00 0.000e+00 0.000e+00 0.000e+00 7.124e-08 3.562e-07 9.974e-07 1.425e-07 0.000e+00 0.000e+00 0.000e+00 0.000e+00 0.000e+00 0.000e+00 0.000e+00
0.000e+00 0.000e+00 0.000e+00 0.000e+00 0.000e+00 0.000e+00 0.000e+00 0.000e+00 7.124e-08 0.000e+00 1.069e-06 8.549e-07 1.425e-07 0.000e+00 0.000e+00 0.000e+00 0.000e+00 0.000e+00 0.000e+00 0.000e+00
0.000e+00 0.000e+00 0.000e+00 0.000e+00 0.000e+00 2.137e-07 3.562e-07 1.425e-07 2.850e-07 4.987e-07 1.282e-06 3.562e-07 0.000e+00 0.000e+00 0.000e+00 0.000e+00 0.000e+00 0.000e+00 0.000e+00 0.000e+00
1.425e-07 7.124e-08 0.000e+00 7.124e-08 3.562e-07 9.974e-07 1.710e-06 8.549e-07 2.137e-07 2.137e-07 9.262e-07 7.124e-08 0.000e+00 0.000e+00 0.000e+00 0.000e+00 0.000e+00 0.000e+00 0.000e+00 0.000e+00
2.850e-06 7.124e-07 2.137e-07 3.562e-07 9.974e-07 1.852e-06 9.262e-07 1.425e-07 1.425e-07 3.562e-07 1.425e-07 0.000e+00 0.000e+00 0.000e+00 0.000e+00 0.000e+00 0.000e+00 0.000e+00 0.000e+00 0.000e+00
3.035e-05 8.763e-06 1.852e-06 1.354e-06 2.565e-06 1.140e-06 2.137e-07 0.000e+00 7.124e-08 0.000e+00 0.000e+00 0.000e+00 0.000e+00 0.000e+00 0.000e+00 0.000e+00 0.000e+00 0.000e+00 0.000e+00 0.000e+00
1.264e-04 2.501e-05 3.277e-06 1.852e-06 1.924e-06 0.000e+00 0.000e+00 0.000e+00 0.000e+00 0.000e+00 0.000e+00 0.000e+00 0.000e+00 0.000e+00 0.000e+00 0.000e+00 0.000e+00 0.000e+00 0.000e+00 0.000e+00
1.374e-04 2.828e-05 1.995e-06 8.549e-07 8.549e-07 2.137e-07 0.000e+00 0.000e+00 0.000e+00 0.000e+00 0.000e+00 0.000e+00 0.000e+00 0.000e+00 0.000e+00 0.000e+00 0.000e+00 0.000e+00 0.000e+00 0.000e+00
5.215e-05 1.047e-05 8.549e-07 0.000e+00 7.124e-08 0.000e+00 0.000e+00 0.000e+00 0.000e+00 0.000e+00 0.000e+00 0.000e+00 0.000e+00 0.000e+00 0.000e+00 0.000e+00 0.000e+00 0.000e+00 0.000e+00 0.000e+00
6.626e-06 9.262e-07 0.000e+00 0.000e+00 0.000e+00 0.000e+00 0.000e+00 0.000e+00 0.000e+00 0.000e+00 0.000e+00 0.000e+00 0.000e+00 0.000e+00 0.000e+00 0.000e+00 0.000e+00 0.000e+00 0.000e+00 0.000e+00
# 2D Marginal for parameters dtlc and opening with ranges 3.4643e+03 3.9007e+03 and 1.2804e+00 4.0000e+00
3.410e-04 0.000e+00 0.000e+00 0.000e+00 0.000e+00 0.000e+00 0.000e+00 0.000e+00 0.000e+00 0.000e+00 0.000e+00 0.000e+00 0.000e+00 0.000e+00 0.000e+00 0.000e+00 0.000e+00 0.000e+00 0.000e+00 0.000e+00
7.794e-04 0.000e+00 0.000e+00 0.000e+00 0.000e+00 0.000e+00 0.000e+00 0.000e+00 0.000e+00 0.000e+00 0.000e+00 0.000e+00 0.000e+00 0.000e+00 0.000e+00 0.000e+00 0.000e+00 0.000e+00 0.000e+00 0.000e+00
2.776e-03 0.000e+00 0.000e+00 0.000e+00 0.000e+00 0.000e+00 0.000e+00 0.000e+00 0.000e+00 0.000e+00 0.000e+00 0.000e+00 0.000e+00 0.000e+00 0.000e+00 0.000e+00 0.000e+00 0.000e+00 0.000e+00 0.000e+00
2.289e-03 0.000e+00 0.000e+00 0.000e+00 0.000e+00 0.000e+00 0.000e+00 0.000e+00 0.000e+00 0.000e+00 0.000e+00 0.000e+00 0.000e+00 0.000e+00 0.000e+00 0.000e+00 0.000e+00 0.000e+00 0.000e+00 0.000e+00
1.315e-03 1.948e-04 0.000e+00 0.000e+00 0.000e+00 0.000e+00 0.000e+00 0.000e+00 0.000e+00 0.000e+00 0.000e+00 0.000e+00 0.000e+00 0.000e+00 0.000e+00 0.000e+00 0.000e+00 0.000e+00 0.000e+00 0.000e+00
5.358e-04 1.364e-03 3.410e-04 0.000e+00 0.000e+00 0.000e+00 0.000e+00 0.000e+00 0.000e+00 0.000e+00 0.000e+00 0.000e+00 0.000e+00 0.000e+00 0.000e+00 0.000e+00 0.000e+00 0.000e+00 0.000e+00 0.000e+00
1.461e-04 2.679e-03 1.169e-03 2.435e-04 0.000e+00 0.000e+00 0.000e+00 0.000e+00 0.000e+00 0.000e+00 0.000e+00 0.000e+00 0.000e+00 0.000e+00 0.000e+00 0.000e+00 0.000e+00 0.000e+00 0.000e+00 0.000e+00
0.000e+00 1.023e-03 2.435e-04 4.871e-04 0.000e+00 0.000e+00 0.000e+00 0.000e+00 0.000e+00 0.000e+00 0.000e+00 0.000e+00 0.000e+00 0.000e+00 0.000e+00 0.000e+00 0.000e+00 0.000e+00 0.000e+00 0.000e+00
0.000e+00 1.461e-04 4.871e-05 8.281e-04 9.742e-05 0.000e+00 0.000e+00 0.000e+00 0.000e+00 0.000e+00 0.000e+00 0.000e+00 0.000e+00 0.000e+00 0.000e+00 0.000e+00 0.000e+00 0.000e+00 0.000e+00 0.000e+00
0.000e+00 0.000e+00 0.000e+00 6.819e-04 2.923e-04 0.000e+00 0.000e+00 0.000e+00 0.000e+00 0.000e+00 0.000e+00 0.000e+00 0.000e+00 0.000e+00 0.000e+00 0.000e+00 0.000e+00 0.000e+00 0.000e+00 0.000e+00
0.000e+00 0.000e+00 0.000e+00 2.923e-04 7.306e-04 4.871e-05 0.000e+00 0.000e+00 0.000e+00 0.000e+00 0.000e+00 0.000e+00 0.000e+00 0.000e+00 0.000e+00 0.000e+00 0.000e+00 0.000e+00 0.000e+00 0.000e+00
0.000e+00 0.000e+00 0.000e+00 9.742e-05 1.266e-03 4.871e-05 4.871e-05 0.000e+00 0.000e+00 0.000e+00 0.000e+00 0.000e+00 0.000e+00 0.000e+00 0.000e+00 0.000e+00 0.000e+00 0.000e+00 0.000e+00 0.000e+00
0.000e+00 0.000e+00 0.000e+00 0.000e+00 9.742e-04 4.871e-04 1.948e-04 1.948e-04 1.461e-04 1.461e-04 0.000e+00 0.000e+00 0.000e+00 0.000e+00 0.000e+00 0.000e+00 0.000e+00 0.000e+00 0.000e+00 0.000e+00
0.000e+00 0.000e+00 0.000e+00 0.000e+00 4.871e-04 3.410e-04 2.435e-04 6.332e-04 1.072e-03 5.358e-04 2.923e-04 9.742e-05 0.000e+00 0.000e+00 0.000e+00 0.000e+00 4.871e-05 0.000e+00 4.871e-05 4.871e-05
0.000e+00 0.000e+00 0.000e+00 0.000e+00 0.000e+00 2.923e-04 1.461e-04 9.742e-05 5.845e-04 1.169e-03 6.819e-04 1.948e-04 1.948e-04 4.871e-05 9.742e-05 0.000e+00 2.435e-04 5.358e-04 5.845e-04 1.072e-03
0.000e+00 0.000e+00 0.000e+00 0.000e+00 0.000e+00 0.000e+00 4.871e-05 0.000e+00 1.461e-04 4.384e-04 1.072e-03 1.218e-03 3.897e-04 5.845e-04 5.358e-04 1.413e-03 2.192e-03 4.676e-03 7.550e-03 1.140e-02
0.000e+00 0.000e+00 0.000e+00 0.000e+00 0.000e+00 0.000e+00 0.000e+00 0.000e+00 0.000e+00 0.000e+00 2.435e-04 1.169e-03 9.742e-04 2.923e-04 5.845e-04 3.458e-03 5.796e-03 1.359e-02 3.064e-02 5.158e-02
0.000e+00 0.000e+00 0.000e+00 0.000e+00 0.000e+00 0.000e+00 0.000e+00 0.000e+00 0.000e+00 0.000e+00 1.948e-04 4.871e-04 2.435e-04 4.384e-04 3.897e-04 1.705e-03 5.991e-03 1.378e-02 2.962e-02 6.313e-02
0.000e+00 0.000e+00 0.000e+00 0.000e+00 0.000e+00 0.000e+00 0.000e+00 0.000e+00 0.000e+00 0.000e+00 0.000e+00 4.871e-05 0.000e+00 0.000e+00 1.461e-04 6.332e-04 1.607e-03 4.238e-03 1.076e-02 2.601e-02
0.000e+00 0.000e+00 0.000e+00 0.000e+00 0.000e+00 0.000e+00 0.000e+00 0.000e+00 0.000e+00 0.000e+00 0.000e+00 0.000e+00 0.000e+00 0.000e+00 0.000e+00 0.000e+00 4.871e-05 4.871e-04 1.169e-03 3.458e-03
# 2D Marginal for parameters length and opening with ranges 9.2992e+02 2.7893e+03 and 1.2804e+00 4.0000e+00
0.000e+00 0.000e+00 0.000e+00 0.000e+00 0.000e+00 0.000e+00 0.000e+00 0.000e+00 0.000e+00 0.000e+00 0.000e+00 0.000e+00 0.000e+00 0.000e+00 0.000e+00 0.000e+00 0.000e+00 1.932e-03 1.840e-02 3.677e-02
0.000e+00 0.000e+00 0.000e+00 0.000e+00 0.000e+00 0.000e+00 0.000e+00 0.000e+00 0.000e+00 0.000e+00 0.000e+00 0.000e+00 0.000e+00 0.000e+00 0.000e+00 8.916e-04 3.738e-03 6.824e-03 4.572e-04 0.000e+00
0.000e+00 0.000e+00 0.000e+00 0.000e+00 0.000e+00 0.000e+00 0.000e+00 0.000e+00 0.000e+00 0.000e+00 0.000e+00 0.000e+00 0.000e+00 1.029e-04 4.115e-04 8.002e-04 0.000e+00 0.000e+00 0.000e+00 0.000e+00
0.000e+00 0.000e+00 0.000e+00 0.000e+00 0.000e+00 0.000e+00 0.000e+00 0.000e+00 0.000e+00 0.000e+00 0.000e+00 9.145e-05 4.115e-04 2.172e-04 0.000e+00 0.000e+00 0.000e+00 0.000e+00 0.000e+00 0.000e+00
0.000e+00 0.000e+00 0.000e+00 0.000e+00 0.000e+00 0.000e+00 0.000e+00 0.000e+00 0.000e+00 0.000e+00 4.115e-04 6.630e-04 1.143e-05 0.000e+00 0.000e+00 0.000e+00 0.000e+00 0.000e+00 0.000e+00 0.000e+00
0.000e+00 0.000e+00 0.000e+00 0.000e+00 0.000e+00 0.000e+00 0.000e+00 0.000e+00 2.286e-05 5.144e-04 1.715e-04 0.000e+00 0.000e+00 0.000e+00 0.000e+00 0.000e+00 0.000e+00 0.000e+00 0.000e+00 0.000e+00
0.000e+00 0.000e+00 0.000e+00 0.000e+00 0.000e+00 0.000e+00 0.000e+00 5.716e-05 4.344e-04 2.286e-05 0.000e+00 0.000e+00 0.000e+00 0.000e+00 0.000e+00 0.000e+00 0.000e+00 0.000e+00 0.000e+00 0.000e+00
0.000e+00 0.000e+00 0.000e+00 0.000e+00 0.000e+00 0.000e+00 2.286e-05 1.600e-04 0.000e+00 0.000e+00 0.000e+00 0.000e+00 0.000e+00 0.000e+00 0.000e+00 0.000e+00 0.000e+00 0.000e+00 0.000e+00 0.000e+00
0.000e+00 0.000e+00 0.000e+00 0.000e+00 0.000e+00 0.000e+00 1.257e-04 0.000e+00 0.000e+00 0.000e+00 0.000e+00 0.000e+00 0.000e+00 0.000e+00 0.000e+00 0.000e+00 0.000e+00 0.000e+00 0.000e+00 0.000e+00
0.000e+00 0.000e+00 0.000e+00 0.000e+00 0.000e+00 1.715e-04 1.143e-05 0.000e+00 0.000e+00 0.000e+00 0.000e+00 0.000e+00 0.000e+00 0.000e+00 0.000e+00 0.000e+00 0.000e+00 0.000e+00 0.000e+00 0.000e+00
0.000e+00 0.000e+00 0.000e+00 0.000e+00 5.030e-04 1.143e-04 0.000e+00 0.000e+00 0.000e+00 0.000e+00 0.000e+00 0.000e+00 0.000e+00 0.000e+00 0.000e+00 0.000e+00 0.000e+00 0.000e+00 0.000e+00 0.000e+00
0.000e+00 0.000e+00 0.000e+00 2.972e-04 4.001e-04 0.000e+00 0.000e+00 0.000e+00 0.000e+00 0.000e+00 0.000e+00 0.000e+00 0.000e+00 0.000e+00 0.000e+00 0.000e+00 0.000e+00 0.000e+00 0.000e+00 0.000e+00
0.000e+00 0.000e+00 2.286e-05 3.201e-04 0.000e+00 0.000e+00 0.000e+00 0.000e+00 0.000e+00 0.000e+00 0.000e+00 0.000e+00 0.000e+00 0.000e+00 0.000e+00 0.000e+00 0.000e+00 0.000e+00 0.000e+00 0.000e+00
0.000e+00 0.000e+00 2.058e-04 0.000e+00 0.000e+00 0.000e+00 0.000e+00 0.000e+00 0.000e+00 0.000e+00 0.000e+00 0.000e+00 0.000e+00 0.000e+00 0.000e+00 0.000e+00 0.000e+00 0.000e+00 0.000e+00 0.000e+00
0.000e+00 1.715e-04 1.943e-04 0.000e+00 0.000e+00 0.000e+00 0.000e+00 0.000e+00 0.000e+00 0.000e+00 0.000e+00 0.000e+00 0.000e+00 0.000e+00 0.000e+00 0.000e+00 0.000e+00 0.000e+00 0.000e+00 0.000e+00
0.000e+00 4.915e-04 0.000e+00 0.000e+00 0.000e+00 0.000e+00 0.000e+00 0.000e+00 0.000e+00 0.000e+00 0.000e+00 0.000e+00 0.000e+00 0.000e+00 0.000e+00 0.000e+00 0.000e+00 0.000e+00 0.000e+00 0.000e+00
0.000e+00 5.487e-04 0.000e+00 0.000e+00 0.000e+00 0.000e+00 0.000e+00 0.000e+00 0.000e+00 0.000e+00 0.000e+00 0.000e+00 0.000e+00 0.000e+00 0.000e+00 0.000e+00 0.000e+00 0.000e+00 0.000e+00 0.000e+00
2.515e-04 5.716e-05 0.000e+00 0.000e+00 0.000e+00 0.000e+00 0.000e+00 0.000e+00 0.000e+00 0.000e+00 0.000e+00 0.000e+00 0.000e+00 0.000e+00 0.000e+00 0.000e+00 0.000e+00 0.000e+00 0.000e+00 0.000e+00
1.006e-03 0.000e+00 0.000e+00 0.000e+00 0.000e+00 0.000e+00 0.000e+00 0.000e+00 0.000e+00 0.000e+00 0.000e+00 0.000e+00 0.000e+00 0.000e+00 0.000e+00 0.000e+00 0.000e+00 0.000e+00 0.000e+00 0.000e+00
6.630e-04 0.000e+00 0.000e+00 0.000e+00 0.000e+00 0.000e+00 0.000e+00 0.000e+00 0.000e+00 0.000e+00 0.000e+00 0.000e+00 0.000e+00 0.000e+00 0.000e+00 0.000e+00 0.000e+00 0.000e+00 0.000e+00 0.000e+00
