# 2D Marginal for parameters depth and Pxx with ranges 2.7313e+03 4.6497e+03 and 1.0572e+07 2.5950e+07
0.000e+00 1.467e-11 4.769e-11 1.431e-10 1.345e-11 0.000e+00 0.000e+00 0.000e+00 0.000e+00 0.000e+00 0.000e+00 0.000e+00 0.000e+00 0.000e+00 0.000e+00 0.000e+00 0.000e+00 0.000e+00 0.000e+00 0.000e+00
1.590e-11 4.524e-11 9.783e-12 8.560e-11 1.101e-11 0.000e+00 0.000e+00 0.000e+00 0.000e+00 0.000e+00 0.000e+00 0.000e+00 0.000e+00 0.000e+00 0.000e+00 0.000e+00 0.000e+00 0.000e+00 0.000e+00 0.000e+00
6.481e-11 1.003e-10 4.891e-12 4.317e-10 3.069e-10 0.000e+00 0.000e+00 0.000e+00 0.000e+00 0.000e+00 0.000e+00 0.000e+00 0.000e+00 0.000e+00 0.000e+00 0.000e+00 0.000e+00 0.000e+00 0.000e+00 0.000e+00
4.035e-11 4.158e-11 6.970e-11 7.297e-09 6.029e-10 0.000e+00 0.000e+00 0.000e+00 0.000e+00 0.000e+00 0.000e+00 0.000e+00 0.000e+00 0.000e+00 0.000e+00 0.000e+00 0.000e+00 0.000e+00 0.000e+00 0.000e+00
2.446e-12 1.357e-10 4.402e-10 1.427e-09 5.258e-11 1.223e-12 0.000e+00 0.000e+00 0.000e+00 0.000e+00 0.000e+00 0.000e+00 0.000e+00 0.000e+00 0.000e+00 0.000e+00 0.000e+00 0.000e+00 0.000e+00 0.000e+00
0.000e+00 9.783e-12 4.121e-10 5.429e-10 5.747e-11 4.524e-11 2.446e-12 0.000e+00 0.000e+00 0.000e+00 0.000e+00 0.000e+00 0.000e+00 0.000e+00 0.000e+00 0.000e+00 0.000e+00 0.000e+00 0.000e+00 0.000e+00
0.000e+00 0.000e+00 1.712e-11 9.783e-11 1.541e-10 1.443e-10 9.783e-11 1.834e-11 1.223e-12 0.000e+00 0.000e+00 0.000e+00 0.000e+00 0.000e+00 0.000e+00 0.000e+00 0.000e+00 0.000e+00 0.000e+00 0.000e+00
0.000e+00 0.000e+00 0.000e+00 0.000e+00 1.467e-11 5.747e-11 6.481e-11 2.568e-11 6.114e-12 0.000e+00 0.000e+00 0.000e+00 0.000e+00 0.000e+00 0.000e+00 0.000e+00 0.000e+00 0.000e+00 0.000e+00 0.000e+00
0.000e+00 0.000e+00 0.000e+00 0.000e+00 0.000e+00 4.891e-12 7.337e-12 4.891e-12 4.891e-12 0.000e+00 0.000e+00 0.000e+00 0.000e+00 0.000e+00 0.000e+00 0.000e+00 0.000e+00 0.000e+00 0.000e+00 0.000e+00
0.000e+00 0.000e+00 0.000e+00 0.000e+00 0.000e+00 2.446e-12 4.891e-12 2.446e-12 0.000e+00 0.000e+00 0.000e+00 0.000e+00 0.000e+00 0.000e+00 0.000e+00 0.000e+00 0.000e+00 0.000e+00 0.000e+00 0.000e+00
0.000e+00 0.000e+00 0.000e+00 0.000e+00 0.000e+00 1.223e-12 3.668e-12 4.891e-12 3.668e-12 1.223e-12 0.000e+00 0.000e+00 2.446e-12 0.000e+00 0.000e+00 0.000e+00 0.000e+00 0.000e+00 0.000e+00 0.000e+00
0.000e+00 0.000e+00 0.000e+00 0.000e+00 0.000e+00 2.446e-12 6.114e-12 2.446e-12 6.114e-12 2.446e-12 1.590e-11 4.891e-12 0.000e+00 3.668e-12 0.000e+00 0.000e+00 0.000e+00 0.000e+00 0.000e+00 0.000e+00
0.000e+00 0.000e+00 0.000e+00 0.000e+00 0.000e+00 1.223e-12 1.223e-12 0.000e+00 1.223e-12 9.783e-12 1.712e-11 3.057e-11 3.179e-11 2.079e-11 1.467e-11 1.223e-11 1.223e-12 0.000e+00 0.000e+00 0.000e+00
0.000e+00 0.000e+00 0.000e+00 0.000e+00 0.000e+00 0.000e+00 2.446e-12 0.000e+00 0.000e+00 1.223e-12 1.223e-12 0.000e+00 0.000e+00 0.000e+00 6.114e-12 1.590e-11 1.345e-11 3.668e-12 0.000e+00 0.000e+00
0.000e+00 0.000e+00 0.000e+00 0.000e+00 0.000e+00 0.000e+00 0.000e+00 0.000e+00 0.000e+00 0.000e+00 0.000e+00 0.000e+00 0.000e+00 0.000e+00 0.000e+00 1.223e-12 1.345e-11 1.101e-11 0.000e+00 0.000e+00
0.000e+00 0.000e+00 0.000e+00 0.000e+00 0.000e+00 0.000e+00 0.000e+00 0.000e+00 0.000e+00 0.000e+00 0.000e+00 0.000e+00 0.000e+00 0.000e+00 0.000e+00 0.000e+00 1.223e-11 6.114e-12 0.000e+00 0.000e+00
0.000e+00 0.000e+00 0.000e+00 0.000e+00 0.000e+00 0.000e+00 0.000e+00 0.000e+00 0.000e+00 0.000e+00 0.000e+00 0.000e+00 0.000e+00 0.000e+00 0.000e+00 0.000e+00 1.223e-11 2.446e-12 0.000e+00 1.223e-12
0.000e+00 0.000e+00 0.000e+00 0.000e+00 0.000e+00 0.000e+00 0.000e+00 0.000e+00 0.000e+00 0.000e+00 0.000e+00 0.000e+00 0.000e+00 0.000e+00 0.000e+00 9.783e-12 8.560e-12 2.446e-12 1.223e-12 1.223e-12
0.000e+00 0.000e+00 0.000e+00 0.000e+00 0.000e+00 0.000e+00 0.000e+00 0.000e+00 0.000e+00 0.000e+00 0.000e+00 0.000e+00 0.000e+00 0.000e+00 1.223e-12 4.891e-12 2.446e-12 1.223e-12 0.000e+00 1.223e-12
0.000e+00 0.000e+00 0.000e+00 0.000e+00 0.000e+00 0.000e+00 0.000e+00 0.000e+00 0.000e+00 0.000e+00 0.000e+00 0.000e+00 0.000e+00 1.223e-12 3.668e-12 2.446e-12 0.000e+00 3.668e-12 0.000e+00 0.000e+00
# 2D Marginal for parameters depth and Pyy with ranges 2.7313e+03 4.6497e+03 and 4.4750e+06 3.7322e+07
0.000e+00 0.000e+00 0.000e+00 0.000e+00 3.836e-11 6.412e-11 0.000e+00 0.000e+00 0.000e+00 0.000e+00 0.000e+00 0.000e+00 0.000e+00 0.000e+00 0.000e+00 0.000e+00 0.000e+00 0.000e+00 0.000e+00 0.000e+00
0.000e+00 0.000e+00 0.000e+00 2.290e-11 8.015e-12 2.061e-11 2.691e-11 0.000e+00 0.000e+00 0.000e+00 0.000e+00 0.000e+00 0.000e+00 0.000e+00 0.000e+00 0.000e+00 0.000e+00 0.000e+00 0.000e+00 0.000e+00
0.000e+00 0.000e+00 8.015e-12 5.840e-11 1.317e-11 2.004e-11 3.017e-10 2.405e-11 0.000e+00 0.000e+00 0.000e+00 0.000e+00 0.000e+00 0.000e+00 0.000e+00 0.000e+00 0.000e+00 0.000e+00 0.000e+00 0.000e+00
0.000e+00 0.000e+00 1.202e-11 2.519e-11 2.863e-12 7.901e-10 2.853e-09 8.588e-11 0.000e+00 0.000e+00 0.000e+00 0.000e+00 0.000e+00 0.000e+00 0.000e+00 0.000e+00 0.000e+00 0.000e+00 0.000e+00 0.000e+00
5.725e-13 0.000e+00 3.550e-11 7.271e-11 3.206e-11 1.580e-10 6.023e-10 6.298e-11 0.000e+00 0.000e+00 0.000e+00 0.000e+00 0.000e+00 0.000e+00 0.000e+00 0.000e+00 0.000e+00 0.000e+00 0.000e+00 0.000e+00
5.153e-12 2.176e-11 4.237e-11 2.576e-11 2.691e-11 5.782e-11 3.160e-10 5.153e-12 0.000e+00 0.000e+00 0.000e+00 0.000e+00 0.000e+00 0.000e+00 0.000e+00 0.000e+00 0.000e+00 0.000e+00 0.000e+00 0.000e+00
1.603e-11 9.217e-11 5.095e-11 5.668e-11 2.748e-11 3.435e-12 1.718e-12 0.000e+00 0.000e+00 0.000e+00 0.000e+00 0.000e+00 0.000e+00 0.000e+00 0.000e+00 0.000e+00 0.000e+00 0.000e+00 0.000e+00 0.000e+00
5.725e-12 2.233e-11 1.489e-11 2.405e-11 9.160e-12 2.863e-12 0.000e+00 0.000e+00 0.000e+00 0.000e+00 0.000e+00 0.000e+00 0.000e+00 0.000e+00 0.000e+00 0.000e+00 0.000e+00 0.000e+00 0.000e+00 0.000e+00
0.000e+00 5.725e-13 2.863e-12 3.435e-12 1.718e-12 1.145e-12 5.725e-13 0.000e+00 0.000e+00 0.000e+00 0.000e+00 0.000e+00 0.000e+00 0.000e+00 0.000e+00 0.000e+00 0.000e+00 0.000e+00 0.000e+00 0.000e+00
0.000e+00 0.000e+00 5.725e-13 1.718e-12 5.725e-13 1.718e-12 0.000e+00 0.000e+00 0.000e+00 0.000e+00 0.000e+00 0.000e+00 0.000e+00 0.000e+00 0.000e+00 0.000e+00 0.000e+00 0.000e+00 0.000e+00 0.000e+00
0.000e+00 0.000e+00 5.725e-13 0.000e+00 0.000e+00 1.718e-12 2.290e-12 1.718e-12 0.000e+00 0.000e+00 5.725e-13 0.000e+00 1.145e-12 0.000e+00 0.000e+00 0.000e+00 0.000e+00 0.000e+00 0.000e+00 0.000e+00
0.000e+00 0.000e+00 0.000e+00 1.145e-12 1.145e-12 1.718e-12 1.145e-12 2.863e-12 5.725e-13 2.290e-12 5.153e-12 3.435e-12 1.145e-12 0.000e+00 0.000e+00 0.000e+00 0.000e+00 0.000e+00 0.000e+00 0.000e+00
0.000e+00 0.000e+00 0.000e+00 0.000e+00 5.725e-13 5.725e-13 0.000e+00 0.000e+00 1.145e-12 2.290e-12 3.435e-12 2.462e-11 1.660e-11 8.015e-12 7.443e-12 1.718e-12 0.000e+00 0.000e+00 0.000e+00 0.000e+00
0.000e+00 0.000e+00 0.000e+00 0.000e+00 0.000e+00 1.145e-12 0.000e+00 0.000e+00 0.000e+00 0.000e+00 5.725e-13 5.725e-13 0.000e+00 0.000e+00 1.031e-11 7.443e-12 5.725e-13 0.000e+00 0.000e+00 0.000e+00
0.000e+00 0.000e+00 0.000e+00 0.000e+00 0.000e+00 0.000e+00 0.000e+00 0.000e+00 0.000e+00 0.000e+00 0.000e+00 0.000e+00 0.000e+00 0.000e+00 0.000e+00 4.008e-12 6.870e-12 5.725e-13 5.725e-13 0.000e+00
0.000e+00 0.000e+00 0.000e+00 0.000e+00 0.000e+00 0.000e+00 0.000e+00 0.000e+00 0.000e+00 0.000e+00 0.000e+00 0.000e+00 0.000e+00 0.000e+00 0.000e+00 5.725e-13 2.863e-12 4.008e-12 1.145e-12 0.000e+00
0.000e+00 0.000e+00 0.000e+00 0.000e+00 0.000e+00 0.000e+00 0.000e+00 0.000e+00 0.000e+00 0.000e+00 0.000e+00 0.000e+00 0.000e+00 0.000e+00 0.000e+00 0.000e+00 0.000e+00 4.008e-12 2.863e-12 5.725e-13
0.000e+00 0.000e+00 0.000e+00 0.000e+00 0.000e+00 0.000e+00 0.000e+00 0.000e+00 0.000e+00 0.000e+00 0.000e+00 0.000e+00 0.000e+00 0.000e+00 0.000e+00 0.000e+00 0.000e+00 2.290e-12 6.298e-12 2.290e-12
0.000e+00 0.000e+00 0.000e+00 0.000e+00 0.000e+00 0.000e+00 0.000e+00 0.000e+00 0.000e+00 0.000e+00 0.000e+00 0.000e+00 0.000e+00 0.000e+00 0.000e+00 0.000e+00 0.000e+00 0.000e+00 3.435e-12 1.718e-12
0.000e+00 0.000e+00 0.000e+00 0.000e+00 0.000e+00 0.000e+00 0.000e+00 0.000e+00 0.000e+00 0.000e+00 0.000e+00 0.000e+00 0.000e+00 0.000e+00 0.000e+00 0.000e+00 0.000e+00 1.145e-12 2.290e-12 1.718e-12
# 2D Marginal for parameters depth and Pzz with ranges 2.7313e+03 4.6497e+03 and 1.2795e+07 3.4044e+07
6.106e-11 9.735e-11 0.000e+00 0.000e+00 0.000e+00 0.000e+00 0.000e+00 0.000e+00 0.000e+00 0.000e+00 0.000e+00 0.000e+00 0.000e+00 0.000e+00 0.000e+00 0.000e+00 0.000e+00 0.000e+00 0.000e+00 0.000e+00
4.513e-11 2.212e-11 4.779e-11 6.195e-12 0.000e+00 0.000e+00 0.000e+00 0.000e+00 0.000e+00 0.000e+00 0.000e+00 0.000e+00 0.000e+00 0.000e+00 0.000e+00 0.000e+00 0.000e+00 0.000e+00 0.000e+00 0.000e+00
7.257e-11 5.044e-11 5.752e-11 2.611e-10 2.159e-10 0.000e+00 0.000e+00 0.000e+00 0.000e+00 0.000e+00 0.000e+00 0.000e+00 0.000e+00 0.000e+00 0.000e+00 0.000e+00 0.000e+00 0.000e+00 0.000e+00 0.000e+00
2.743e-11 3.363e-11 8.850e-13 1.947e-10 5.541e-09 2.920e-11 0.000e+00 0.000e+00 0.000e+00 0.000e+00 0.000e+00 0.000e+00 0.000e+00 0.000e+00 0.000e+00 0.000e+00 0.000e+00 0.000e+00 0.000e+00 0.000e+00
8.850e-13 1.248e-10 8.761e-11 5.310e-12 1.126e-09 1.460e-10 0.000e+00 0.000e+00 0.000e+00 0.000e+00 0.000e+00 0.000e+00 0.000e+00 0.000e+00 0.000e+00 0.000e+00 0.000e+00 0.000e+00 0.000e+00 0.000e+00
1.770e-12 5.929e-11 8.850e-11 3.894e-11 3.646e-10 2.212e-10 0.000e+00 0.000e+00 0.000e+00 0.000e+00 0.000e+00 0.000e+00 0.000e+00 0.000e+00 0.000e+00 0.000e+00 0.000e+00 0.000e+00 0.000e+00 0.000e+00
2.655e-12 1.115e-10 1.301e-10 1.142e-10 2.212e-11 3.540e-12 0.000e+00 0.000e+00 0.000e+00 0.000e+00 0.000e+00 0.000e+00 0.000e+00 0.000e+00 0.000e+00 0.000e+00 0.000e+00 0.000e+00 0.000e+00 0.000e+00
0.000e+00 1.150e-11 4.248e-11 4.602e-11 1.947e-11 2.655e-12 0.000e+00 0.000e+00 0.000e+00 0.000e+00 0.000e+00 0.000e+00 0.000e+00 0.000e+00 0.000e+00 0.000e+00 0.000e+00 0.000e+00 0.000e+00 0.000e+00
0.000e+00 0.000e+00 1.770e-12 4.425e-12 6.195e-12 2.655e-12 8.850e-13 0.000e+00 0.000e+00 0.000e+00 0.000e+00 0.000e+00 0.000e+00 0.000e+00 0.000e+00 0.000e+00 0.000e+00 0.000e+00 0.000e+00 0.000e+00
0.000e+00 0.000e+00 0.000e+00 8.850e-13 2.655e-12 1.770e-12 1.770e-12 0.000e+00 0.000e+00 0.000e+00 0.000e+00 0.000e+00 0.000e+00 0.000e+00 0.000e+00 0.000e+00 0.000e+00 0.000e+00 0.000e+00 0.000e+00
0.000e+00 0.000e+00 0.000e+00 0.000e+00 8.850e-13 0.000e+00 5.310e-12 2.655e-12 8.850e-13 8.850e-13 0.000e+00 1.770e-12 0.000e+00 0.000e+00 0.000e+00 0.000e+00 0.000e+00 0.000e+00 0.000e+00 0.000e+00
0.000e+00 0.000e+00 0.000e+00 0.000e+00 0.000e+00 1.770e-12 3.540e-12 3.540e-12 4.425e-12 2.655e-12 9.735e-12 4.425e-12 1.770e-12 0.000e+00 0.000e+00 0.000e+00 0.000e+00 0.000e+00 0.000e+00 0.000e+00
0.000e+00 0.000e+00 0.000e+00 0.000e+00 0.000e+00 0.000e+00 1.770e-12 0.000e+00 0.000e+00 7.080e-12 1.504e-11 3.274e-11 1.858e-11 1.770e-11 8.850e-12 8.850e-13 0.000e+00 0.000e+00 0.000e+00 0.000e+00
0.000e+00 0.000e+00 0.000e+00 0.000e+00 0.000e+00 0.000e+00 0.000e+00 1.770e-12 0.000e+00 0.000e+00 8.850e-13 8.850e-13 0.000e+00 8.850e-13 2.035e-11 7.080e-12 0.000e+00 0.000e+00 0.000e+00 0.000e+00
0.000e+00 0.000e+00 0.000e+00 0.000e+00 0.000e+00 0.000e+00 0.000e+00 0.000e+00 0.000e+00 0.000e+00 0.000e+00 0.000e+00 0.000e+00 0.000e+00 0.000e+00 5.310e-12 1.239e-11 8.850e-13 0.000e+00 0.000e+00
0.000e+00 0.000e+00 0.000e+00 0.000e+00 0.000e+00 0.000e+00 0.000e+00 0.000e+00 0.000e+00 0.000e+00 0.000e+00 0.000e+00 0.000e+00 0.000e+00 0.000e+00 0.000e+00 5.310e-12 7.965e-12 0.000e+00 0.000e+00
0.000e+00 0.000e+00 0.000e+00 0.000e+00 0.000e+00 0.000e+00 0.000e+00 0.000e+00 0.000e+00 0.000e+00 0.000e+00 0.000e+00 0.000e+00 0.000e+00 0.000e+00 0.000e+00 0.000e+00 7.080e-12 4.425e-12 0.000e+00
0.000e+00 0.000e+00 0.000e+00 0.000e+00 0.000e+00 0.000e+00 0.000e+00 0.000e+00 0.000e+00 0.000e+00 0.000e+00 0.000e+00 0.000e+00 0.000e+00 0.000e+00 0.000e+00 0.000e+00 0.000e+00 1.593e-11 8.850e-13
0.000e+00 0.000e+00 0.000e+00 0.000e+00 0.000e+00 0.000e+00 0.000e+00 0.000e+00 0.000e+00 0.000e+00 0.000e+00 0.000e+00 0.000e+00 0.000e+00 0.000e+00 0.000e+00 0.000e+00 0.000e+00 3.540e-12 4.425e-12
0.000e+00 0.000e+00 0.000e+00 0.000e+00 0.000e+00 0.000e+00 0.000e+00 0.000e+00 0.000e+00 0.000e+00 0.000e+00 0.000e+00 0.000e+00 0.000e+00 0.000e+00 0.000e+00 0.000e+00 0.000e+00 3.540e-12 4.425e-12
# 2D Marginal for parameters depth and Pxy with ranges 2.7313e+03 4.6497e+03 and -9.9690e+06 -3.7222e+05
0.000e+00 0.000e+00 0.000e+00 0.000e+00 0.000e+00 0.000e+00 0.000e+00 0.000e+00 0.000e+00 0.000e+00 0.000e+00 0.000e+00 0.000e+00 0.000e+00 0.000e+00 0.000e+00 0.000e+00 0.000e+00 1.019e-10 2.489e-10
0.000e+00 0.000e+00 0.000e+00 0.000e+00 0.000e+00 0.000e+00 0.000e+00 0.000e+00 0.000e+00 0.000e+00 0.000e+00 0.000e+00 0.000e+00 0.000e+00 0.000e+00 0.000e+00 1.176e-11 7.642e-11 1.293e-10 5.095e-11
0.000e+00 0.000e+00 0.000e+00 0.000e+00 0.000e+00 0.000e+00 0.000e+00 0.000e+00 0.000e+00 0.000e+00 0.000e+00 0.000e+00 0.000e+00 0.000e+00 0.000e+00 0.000e+00 6.075e-11 2.116e-10 6.427e-10 5.408e-10
0.000e+00 0.000e+00 0.000e+00 0.000e+00 0.000e+00 0.000e+00 0.000e+00 0.000e+00 0.000e+00 0.000e+00 0.000e+00 0.000e+00 0.000e+00 0.000e+00 0.000e+00 0.000e+00 5.291e-11 1.352e-10 1.217e-08 5.448e-10
0.000e+00 0.000e+00 0.000e+00 0.000e+00 0.000e+00 0.000e+00 0.000e+00 0.000e+00 0.000e+00 0.000e+00 0.000e+00 0.000e+00 0.000e+00 0.000e+00 3.919e-12 2.058e-10 2.724e-10 1.372e-11 1.803e-09 1.001e-09
0.000e+00 0.000e+00 0.000e+00 0.000e+00 0.000e+00 0.000e+00 0.000e+00 0.000e+00 0.000e+00 0.000e+00 0.000e+00 0.000e+00 0.000e+00 1.960e-12 4.507e-11 2.058e-10 1.607e-10 7.838e-12 4.722e-10 8.210e-10
0.000e+00 0.000e+00 0.000e+00 0.000e+00 0.000e+00 0.000e+00 0.000e+00 0.000e+00 0.000e+00 1.568e-11 1.960e-11 1.372e-11 7.250e-11 1.842e-10 3.527e-11 1.509e-10 3.429e-10 5.879e-12 9.798e-12 0.000e+00
0.000e+00 0.000e+00 0.000e+00 0.000e+00 0.000e+00 0.000e+00 0.000e+00 0.000e+00 5.879e-12 3.527e-11 3.527e-11 3.919e-11 6.662e-11 1.176e-11 0.000e+00 3.135e-11 4.507e-11 0.000e+00 0.000e+00 0.000e+00
0.000e+00 0.000e+00 0.000e+00 0.000e+00 0.000e+00 0.000e+00 0.000e+00 0.000e+00 1.568e-11 3.919e-12 1.372e-11 1.960e-12 0.000e+00 0.000e+00 0.000e+00 0.000e+00 0.000e+00 0.000e+00 0.000e+00 0.000e+00
0.000e+00 0.000e+00 0.000e+00 0.000e+00 0.000e+00 1.960e-12 1.960e-12 9.798e-12 0.000e+00 0.000e+00 1.960e-12 0.000e+00 0.000e+00 0.000e+00 0.000e+00 0.000e+00 0.000e+00 0.000e+00 0.000e+00 0.000e+00
0.000e+00 0.000e+00 0.000e+00 0.000e+00 1.960e-12 9.798e-12 1.372e-11 1.960e-12 0.000e+00 0.000e+00 0.000e+00 0.000e+00 0.000e+00 0.000e+00 0.000e+00 0.000e+00 0.000e+00 0.000e+00 0.000e+00 0.000e+00
0.000e+00 0.000e+00 0.000e+00 3.919e-12 2.743e-11 2.547e-11 1.372e-11 0.000e+00 0.000e+00 0.000e+00 0.000e+00 0.000e+00 0.000e+00 0.000e+00 0.000e+00 0.000e+00 0.000e+00 0.000e+00 0.000e+00 0.000e+00
0.000e+00 0.000e+00 3.723e-11 8.818e-11 9.994e-11 1.960e-12 0.000e+00 0.000e+00 0.000e+00 0.000e+00 0.000e+00 0.000e+00 0.000e+00 0.000e+00 0.000e+00 0.000e+00 0.000e+00 0.000e+00 0.000e+00 0.000e+00
0.000e+00 0.000e+00 7.838e-12 2.155e-11 3.723e-11 3.919e-12 0.000e+00 0.000e+00 0.000e+00 0.000e+00 0.000e+00 0.000e+00 0.000e+00 0.000e+00 0.000e+00 0.000e+00 0.000e+00 0.000e+00 0.000e+00 0.000e+00
0.000e+00 0.000e+00 0.000e+00 7.838e-12 3.331e-11 0.000e+00 0.000e+00 0.000e+00 0.000e+00 0.000e+00 0.000e+00 0.000e+00 0.000e+00 0.000e+00 0.000e+00 0.000e+00 0.000e+00 0.000e+00 0.000e+00 0.000e+00
0.000e+00 0.000e+00 5.879e-12 2.155e-11 1.960e-12 0.000e+00 0.000e+00 0.000e+00 0.000e+00 0.000e+00 0.000e+00 0.000e+00 0.000e+00 0.000e+00 0.000e+00 0.000e+00 0.000e+00 0.000e+00 0.000e+00 0.000e+00
0.000e+00 1.960e-12 1.372e-11 7.838e-12 1.960e-12 0.000e+00 0.000e+00 0.000e+00 0.000e+00 0.000e+00 0.000e+00 0.000e+00 0.000e+00 0.000e+00 0.000e+00 0.000e+00 0.000e+00 0.000e+00 0.000e+00 0.000e+00
5.879e-12 1.764e-11 1.372e-11 0.000e+00 0.000e+00 0.000e+00 0.000e+00 0.000e+00 0.000e+00 0.000e+00 0.000e+00 0.000e+00 0.000e+00 0.000e+00 0.000e+00 0.000e+00 0.000e+00 0.000e+00 0.000e+00 0.000e+00
1.960e-12 7.838e-12 5.879e-12 1.960e-12 0.000e+00 0.000e+00 0.000e+00 0.000e+00 0.000e+00 0.000e+00 0.000e+00 0.000e+00 0.000e+00 0.000e+00 0.000e+00 0.000e+00 0.000e+00 0.000e+00 0.000e+00 0.000e+00
1.176e-11 1.960e-12 3.919e-12 0.000e+00 0.000e+00 0.000e+00 0.000e+00 0.000e+00 0.000e+00 0.000e+00 0.000e+00 0.000e+00 0.000e+00 0.000e+00 0.000e+00 0.000e+00 0.000e+00 0.000e+00 0.000e+00 0.000e+00
# 2D Marginal for parameters depth and Pyz with ranges 2.7313e+03 4.6497e+03 and -3.5198e+06 3.5040e+06
0.000e+00 0.000e+00 0.000e+00 0.000e+00 0.000e+00 0.000e+00 0.000e+00 0.000e+00 0.000e+00 0.000e+00 0.000e+00 7.229e-11 3.400e-10 6.426e-11 2.677e-12 0.000e+00 0.000e+00 0.000e+00 0.000e+00 0.000e+00
0.000e+00 0.000e+00 0.000e+00 0.000e+00 0.000e+00 0.000e+00 0.000e+00 0.000e+00 0.000e+00 0.000e+00 1.071e-11 1.767e-10 3.481e-11 2.677e-11 1.178e-10 0.000e+00 0.000e+00 0.000e+00 0.000e+00 0.000e+00
0.000e+00 0.000e+00 0.000e+00 0.000e+00 0.000e+00 0.000e+00 0.000e+00 0.000e+00 0.000e+00 4.552e-11 7.764e-10 6.961e-10 9.639e-11 2.677e-12 7.764e-11 1.660e-10 1.258e-10 2.677e-12 0.000e+00 0.000e+00
0.000e+00 0.000e+00 0.000e+00 0.000e+00 0.000e+00 0.000e+00 0.000e+00 0.000e+00 0.000e+00 2.295e-09 1.445e-08 6.319e-10 6.158e-11 0.000e+00 2.677e-12 5.355e-11 1.098e-10 2.142e-11 0.000e+00 0.000e+00
0.000e+00 0.000e+00 0.000e+00 0.000e+00 0.000e+00 0.000e+00 0.000e+00 0.000e+00 0.000e+00 5.462e-10 3.052e-09 2.517e-10 0.000e+00 0.000e+00 7.497e-11 1.392e-10 3.213e-10 1.232e-10 0.000e+00 0.000e+00
0.000e+00 0.000e+00 0.000e+00 0.000e+00 0.000e+00 0.000e+00 0.000e+00 0.000e+00 0.000e+00 1.553e-10 1.438e-09 1.740e-10 0.000e+00 0.000e+00 5.087e-11 1.258e-10 1.098e-10 1.339e-10 1.473e-10 8.032e-12
0.000e+00 0.000e+00 0.000e+00 0.000e+00 0.000e+00 0.000e+00 0.000e+00 0.000e+00 0.000e+00 0.000e+00 2.410e-11 1.606e-11 1.339e-11 8.032e-12 2.142e-11 8.835e-11 2.704e-10 3.936e-10 2.624e-10 6.426e-11
0.000e+00 0.000e+00 0.000e+00 0.000e+00 0.000e+00 0.000e+00 0.000e+00 0.000e+00 0.000e+00 0.000e+00 1.071e-11 2.677e-11 2.142e-11 2.677e-11 3.481e-11 5.890e-11 6.158e-11 1.098e-10 1.874e-11 0.000e+00
0.000e+00 0.000e+00 0.000e+00 0.000e+00 0.000e+00 0.000e+00 0.000e+00 0.000e+00 0.000e+00 2.677e-12 2.677e-12 1.071e-11 5.355e-12 1.071e-11 2.677e-12 1.071e-11 2.677e-12 0.000e+00 0.000e+00 0.000e+00
0.000e+00 0.000e+00 0.000e+00 0.000e+00 0.000e+00 0.000e+00 0.000e+00 0.000e+00 0.000e+00 0.000e+00 5.355e-12 5.355e-12 8.032e-12 0.000e+00 0.000e+00 0.000e+00 2.677e-12 0.000e+00 0.000e+00 0.000e+00
0.000e+00 0.000e+00 0.000e+00 0.000e+00 0.000e+00 5.355e-12 0.000e+00 2.677e-12 0.000e+00 1.071e-11 1.339e-11 2.677e-12 0.000e+00 2.677e-12 0.000e+00 0.000e+00 0.000e+00 0.000e+00 0.000e+00 0.000e+00
0.000e+00 0.000e+00 2.677e-12 5.355e-12 2.677e-12 1.071e-11 1.874e-11 1.339e-11 5.355e-12 1.339e-11 5.355e-12 8.032e-12 1.071e-11 0.000e+00 0.000e+00 0.000e+00 0.000e+00 0.000e+00 0.000e+00 0.000e+00
5.355e-12 3.213e-11 4.016e-11 3.748e-11 7.229e-11 5.890e-11 4.016e-11 1.339e-11 2.677e-12 2.677e-12 0.000e+00 0.000e+00 5.355e-12 0.000e+00 0.000e+00 0.000e+00 0.000e+00 0.000e+00 0.000e+00 0.000e+00
1.071e-11 6.426e-11 1.071e-11 0.000e+00 0.000e+00 2.677e-12 2.677e-12 0.000e+00 0.000e+00 0.000e+00 0.000e+00 5.355e-12 0.000e+00 0.000e+00 0.000e+00 0.000e+00 0.000e+00 0.000e+00 0.000e+00 0.000e+00
1.071e-11 4.284e-11 2.677e-12 0.000e+00 0.000e+00 0.000e+00 0.000e+00 0.000e+00 0.000e+00 0.000e+00 0.000e+00 0.000e+00 0.000e+00 0.000e+00 0.000e+00 0.000e+00 0.000e+00 0.000e+00 0.000e+00 0.000e+00
8.032e-12 2.410e-11 8.032e-12 0.000e+00 0.000e+00 0.000e+00 0.000e+00 0.000e+00 0.000e+00 0.000e+00 0.000e+00 0.000e+00 0.000e+00 0.000e+00 0.000e+00 0.000e+00 0.000e+00 0.000e+00 0.000e+00 0.000e+00
5.355e-12 2.410e-11 5.355e-12 0.000e+00 0.000e+00 0.000e+00 0.000e+00 0.000e+00 0.000e+00 0.000e+00 0.000e+00 0.000e+00 0.000e+00 0.000e+00 0.000e+00 0.000e+00 0.000e+00 0.000e+00 0.000e+00 0.000e+00
1.339e-11 2.677e-11 1.071e-11 0.000e+00 0.000e+00 0.000e+00 0.000e+00 0.000e+00 0.000e+00 0.000e+00 0.000e+00 0.000e+00 0.000e+00 0.000e+00 0.000e+00 0.000e+00 0.000e+00 0.000e+00 0.000e+00 0.000e+00
0.000e+00 5.355e-12 1.339e-11 5.355e-12 0.000e+00 0.000e+00 0.000e+00 0.000e+00 0.000e+00 0.000e+00 0.000e+00 0.000e+00 0.000e+00 0.000e+00 0.000e+00 0.000e+00 0.000e+00 0.000e+00 0.000e+00 0.000e+00
0.000e+00 0.000e+00 1.874e-11 5.355e-12 0.000e+00 0.000e+00 0.000e+00 0.000e+00 0.000e+00 0.000e+00 0.000e+00 0.000e+00 0.000e+00 0.000e+00 0.000e+00 0.000e+00 0.000e+00 0.000e+00 0.000e+00 0.000e+00
# 2D Marginal for parameters depth and Pzx with ranges 2.7313e+03 4.6497e+03 and -5.8946e+05 3.0012e+06
0.000e+00 0.000e+00 0.000e+00 5.237e-12 4.033e-10 4.871e-10 4.190e-11 0.000e+00 0.000e+00 0.000e+00 0.000e+00 0.000e+00 0.000e+00 0.000e+00 0.000e+00 0.000e+00 0.000e+00 0.000e+00 0.000e+00 0.000e+00
0.000e+00 0.000e+00 3.142e-11 7.856e-11 2.933e-10 3.142e-11 5.761e-11 1.362e-10 8.903e-11 0.000e+00 0.000e+00 0.000e+00 0.000e+00 0.000e+00 0.000e+00 0.000e+00 0.000e+00 0.000e+00 0.000e+00 0.000e+00
2.514e-10 1.351e-09 1.288e-09 1.728e-10 9.427e-11 0.000e+00 0.000e+00 1.571e-11 1.466e-10 5.185e-10 5.237e-11 0.000e+00 0.000e+00 0.000e+00 0.000e+00 0.000e+00 0.000e+00 0.000e+00 0.000e+00 0.000e+00
8.966e-09 2.361e-08 1.445e-09 8.903e-11 0.000e+00 0.000e+00 0.000e+00 0.000e+00 0.000e+00 1.938e-10 1.414e-10 3.142e-11 0.000e+00 0.000e+00 0.000e+00 0.000e+00 0.000e+00 0.000e+00 0.000e+00 0.000e+00
2.341e-09 4.352e-09 8.327e-10 5.237e-12 0.000e+00 0.000e+00 0.000e+00 0.000e+00 0.000e+00 0.000e+00 5.237e-11 8.799e-10 3.457e-10 5.237e-12 5.237e-12 0.000e+00 0.000e+00 0.000e+00 0.000e+00 0.000e+00
3.718e-10 2.975e-09 1.100e-10 0.000e+00 0.000e+00 0.000e+00 0.000e+00 0.000e+00 0.000e+00 0.000e+00 0.000e+00 6.285e-11 4.504e-10 4.504e-10 1.624e-10 0.000e+00 0.000e+00 0.000e+00 0.000e+00 0.000e+00
0.000e+00 2.619e-11 0.000e+00 0.000e+00 0.000e+00 0.000e+00 0.000e+00 0.000e+00 0.000e+00 0.000e+00 0.000e+00 1.571e-11 1.027e-09 4.347e-10 6.599e-10 8.903e-11 2.095e-11 0.000e+00 0.000e+00 0.000e+00
0.000e+00 0.000e+00 0.000e+00 0.000e+00 0.000e+00 0.000e+00 0.000e+00 0.000e+00 0.000e+00 0.000e+00 0.000e+00 2.619e-11 1.781e-10 4.714e-11 3.038e-10 9.951e-11 5.761e-11 1.047e-11 0.000e+00 0.000e+00
0.000e+00 0.000e+00 0.000e+00 0.000e+00 0.000e+00 0.000e+00 0.000e+00 0.000e+00 0.000e+00 0.000e+00 0.000e+00 0.000e+00 0.000e+00 0.000e+00 3.666e-11 1.571e-11 3.666e-11 5.237e-12 0.000e+00 0.000e+00
0.000e+00 0.000e+00 0.000e+00 0.000e+00 0.000e+00 0.000e+00 0.000e+00 0.000e+00 0.000e+00 0.000e+00 0.000e+00 0.000e+00 0.000e+00 0.000e+00 5.237e-12 0.000e+00 2.095e-11 1.571e-11 0.000e+00 0.000e+00
0.000e+00 0.000e+00 0.000e+00 0.000e+00 0.000e+00 0.000e+00 0.000e+00 0.000e+00 0.000e+00 0.000e+00 0.000e+00 0.000e+00 0.000e+00 0.000e+00 0.000e+00 2.095e-11 3.666e-11 1.571e-11 0.000e+00 0.000e+00
0.000e+00 0.000e+00 0.000e+00 0.000e+00 0.000e+00 0.000e+00 0.000e+00 0.000e+00 0.000e+00 0.000e+00 0.000e+00 0.000e+00 0.000e+00 5.237e-12 0.000e+00 3.142e-11 6.808e-11 4.190e-11 3.142e-11 1.047e-11
0.000e+00 0.000e+00 0.000e+00 0.000e+00 0.000e+00 0.000e+00 0.000e+00 0.000e+00 0.000e+00 0.000e+00 0.000e+00 0.000e+00 5.237e-11 8.380e-11 1.362e-10 7.332e-11 1.414e-10 6.285e-11 4.714e-11 1.047e-11
0.000e+00 0.000e+00 0.000e+00 0.000e+00 0.000e+00 0.000e+00 0.000e+00 0.000e+00 0.000e+00 0.000e+00 0.000e+00 0.000e+00 1.047e-11 0.000e+00 3.142e-11 1.152e-10 3.142e-11 0.000e+00 0.000e+00 0.000e+00
0.000e+00 0.000e+00 0.000e+00 0.000e+00 0.000e+00 0.000e+00 0.000e+00 0.000e+00 0.000e+00 0.000e+00 0.000e+00 0.000e+00 0.000e+00 0.000e+00 4.190e-11 5.237e-11 1.571e-11 0.000e+00 0.000e+00 0.000e+00
0.000e+00 0.000e+00 0.000e+00 0.000e+00 0.000e+00 0.000e+00 0.000e+00 0.000e+00 0.000e+00 0.000e+00 0.000e+00 0.000e+00 0.000e+00 1.571e-11 3.142e-11 3.142e-11 0.000e+00 0.000e+00 0.000e+00 0.000e+00
0.000e+00 0.000e+00 0.000e+00 0.000e+00 0.000e+00 0.000e+00 0.000e+00 0.000e+00 0.000e+00 0.000e+00 0.000e+00 0.000e+00 1.047e-11 1.047e-11 4.190e-11 0.000e+00 5.237e-12 0.000e+00 0.000e+00 0.000e+00
0.000e+00 0.000e+00 0.000e+00 0.000e+00 0.000e+00 0.000e+00 0.000e+00 0.000e+00 0.000e+00 0.000e+00 1.047e-11 5.237e-12 2.619e-11 1.571e-11 3.142e-11 5.237e-12 5.237e-12 0.000e+00 0.000e+00 0.000e+00
0.000e+00 0.000e+00 0.000e+00 0.000e+00 0.000e+00 0.000e+00 0.000e+00 0.000e+00 0.000e+00 0.000e+00 0.000e+00 0.000e+00 1.047e-11 1.571e-11 1.047e-11 5.237e-12 5.237e-12 0.000e+00 0.000e+00 0.000e+00
0.000e+00 0.000e+00 0.000e+00 0.000e+00 0.000e+00 0.000e+00 0.000e+00 0.000e+00 0.000e+00 0.000e+00 0.000e+00 0.000e+00 0.000e+00 2.095e-11 1.047e-11 1.571e-11 0.000e+00 0.000e+00 0.000e+00 0.000e+00
# 2D Marginal for parameters Pxx and Pyy with ranges 1.0572e+07 2.5950e+07 and 4.4750e+06 3.7322e+07
0.000e+00 0.000e+00 2.428e-15 4.428e-15 3.571e-16 0.000e+00 0.000e+00 0.000e+00 0.000e+00 0.000e+00 0.000e+00 0.000e+00 0.000e+00 0.000e+00 0.000e+00 0.000e+00 0.000e+00 0.000e+00 0.000e+00 0.000e+00
0.000e+00 0.000e+00 4.142e-15 1.228e-14 3.285e-15 5.713e-16 0.000e+00 0.000e+00 0.000e+00 0.000e+00 0.000e+00 0.000e+00 0.000e+00 0.000e+00 0.000e+00 0.000e+00 0.000e+00 0.000e+00 0.000e+00 0.000e+00
7.142e-17 2.142e-16 1.214e-15 5.642e-15 4.356e-15 1.914e-14 2.785e-14 0.000e+00 0.000e+00 0.000e+00 0.000e+00 0.000e+00 0.000e+00 0.000e+00 0.000e+00 0.000e+00 0.000e+00 0.000e+00 0.000e+00 0.000e+00
7.142e-17 3.999e-15 4.999e-15 2.571e-15 6.642e-15 1.180e-13 4.392e-13 9.998e-15 0.000e+00 0.000e+00 0.000e+00 0.000e+00 0.000e+00 0.000e+00 0.000e+00 0.000e+00 0.000e+00 0.000e+00 0.000e+00 0.000e+00
1.357e-15 9.284e-16 3.571e-15 4.856e-15 2.142e-15 1.143e-15 4.464e-14 1.221e-14 0.000e+00 0.000e+00 0.000e+00 0.000e+00 0.000e+00 0.000e+00 0.000e+00 0.000e+00 0.000e+00 0.000e+00 0.000e+00 0.000e+00
1.857e-15 4.785e-15 2.142e-15 4.713e-15 1.571e-15 1.428e-16 0.000e+00 0.000e+00 0.000e+00 0.000e+00 0.000e+00 0.000e+00 0.000e+00 0.000e+00 0.000e+00 0.000e+00 0.000e+00 0.000e+00 0.000e+00 0.000e+00
7.142e-17 6.927e-15 7.856e-16 1.214e-15 1.214e-15 9.284e-16 0.000e+00 0.000e+00 0.000e+00 0.000e+00 0.000e+00 0.000e+00 0.000e+00 0.000e+00 0.000e+00 0.000e+00 0.000e+00 0.000e+00 0.000e+00 0.000e+00
0.000e+00 2.142e-16 1.428e-15 4.285e-16 4.999e-16 4.285e-16 4.285e-16 0.000e+00 0.000e+00 0.000e+00 0.000e+00 0.000e+00 0.000e+00 0.000e+00 0.000e+00 0.000e+00 0.000e+00 0.000e+00 0.000e+00 0.000e+00
0.000e+00 0.000e+00 2.142e-16 2.857e-16 1.428e-16 0.000e+00 7.142e-17 5.713e-16 7.142e-17 0.000e+00 0.000e+00 0.000e+00 0.000e+00 0.000e+00 0.000e+00 0.000e+00 0.000e+00 0.000e+00 0.000e+00 0.000e+00
0.000e+00 0.000e+00 0.000e+00 0.000e+00 0.000e+00 0.000e+00 0.000e+00 0.000e+00 1.428e-16 3.571e-16 3.571e-16 0.000e+00 0.000e+00 0.000e+00 0.000e+00 0.000e+00 0.000e+00 0.000e+00 0.000e+00 0.000e+00
0.000e+00 0.000e+00 0.000e+00 0.000e+00 0.000e+00 0.000e+00 0.000e+00 0.000e+00 0.000e+00 2.142e-16 7.142e-16 9.284e-16 1.428e-16 0.000e+00 0.000e+00 0.000e+00 0.000e+00 0.000e+00 0.000e+00 0.000e+00
0.000e+00 0.000e+00 0.000e+00 0.000e+00 0.000e+00 0.000e+00 0.000e+00 0.000e+00 0.000e+00 0.000e+00 1.428e-16 1.500e-15 4.285e-16 0.000e+00 0.000e+00 0.000e+00 0.000e+00 0.000e+00 0.000e+00 0.000e+00
0.000e+00 0.000e+00 0.000e+00 0.000e+00 0.000e+00 0.000e+00 0.000e+00 0.000e+00 0.000e+00 0.000e+00 0.000e+00 1.071e-15 9.284e-16 0.000e+00 0.000e+00 0.000e+00 0.000e+00 0.000e+00 0.000e+00 0.000e+00
0.000e+00 0.000e+00 0.000e+00 0.000e+00 0.000e+00 0.000e+00 0.000e+00 0.000e+00 0.000e+00 0.000e+00 0.000e+00 7.142e-17 7.856e-16 5.713e-16 0.000e+00 0.000e+00 0.000e+00 7.142e-17 0.000e+00 0.000e+00
0.000e+00 0.000e+00 0.000e+00 0.000e+00 0.000e+00 0.000e+00 0.000e+00 0.000e+00 0.000e+00 0.000e+00 0.000e+00 0.000e+00 7.142e-17 3.571e-16 7.856e-16 0.000e+00 0.000e+00 7.142e-17 2.142e-16 0.000e+00
0.000e+00 0.000e+00 0.000e+00 0.000e+00 0.000e+00 0.000e+00 0.000e+00 0.000e+00 0.000e+00 0.000e+00 0.000e+00 0.000e+00 0.000e+00 7.142e-17 1.071e-15 5.713e-16 0.000e+00 2.857e-16 4.999e-16 2.142e-16
0.000e+00 0.000e+00 0.000e+00 0.000e+00 0.000e+00 0.000e+00 0.000e+00 0.000e+00 0.000e+00 0.000e+00 0.000e+00 0.000e+00 0.000e+00 0.000e+00 3.571e-16 7.856e-16 7.856e-16 7.856e-16 9.284e-16 7.142e-17
0.000e+00 0.000e+00 0.000e+00 0.000e+00 0.000e+00 0.000e+00 0.000e+00 0.000e+00 0.000e+00 0.000e+00 0.000e+00 0.000e+00 0.000e+00 0.000e+00 0.000e+00 3.571e-16 4.999e-16 2.857e-16 4.285e-16 2.142e-16
0.000e+00 0.000e+00 0.000e+00 0.000e+00 0.000e+00 0.000e+00 0.000e+00 0.000e+00 0.000e+00 0.000e+00 0.000e+00 0.000e+00 0.000e+00 0.000e+00 0.000e+00 0.000e+00 0.000e+00 0.000e+00 0.000e+00 7.142e-17
0.000e+00 0.000e+00 0.000e+00 0.000e+00 0.000e+00 0.000e+00 0.000e+00 0.000e+00 0.000e+00 0.000e+00 0.000e+00 0.000e+00 0.000e+00 0.000e+00 0.000e+00 0.000e+00 0.000e+00 0.000e+00 0.000e+00 2.142e-16
# 2D Marginal for parameters Pxx and Pzz with ranges 1.0572e+07 2.5950e+07 and 1.2795e+07 3.4044e+07
9.494e-15 1.656e-15 0.000e+00 0.000e+00 0.000e+00 0.000e+00 0.000e+00 0.000e+00 0.000e+00 0.000e+00 0.000e+00 0.000e+00 0.000e+00 0.000e+00 0.000e+00 0.000e+00 0.000e+00 0.000e+00 0.000e+00 0.000e+00
9.273e-15 2.075e-14 5.520e-16 0.000e+00 7.728e-16 0.000e+00 0.000e+00 0.000e+00 0.000e+00 0.000e+00 0.000e+00 0.000e+00 0.000e+00 0.000e+00 0.000e+00 0.000e+00 0.000e+00 0.000e+00 0.000e+00 0.000e+00
4.747e-15 5.851e-15 8.280e-15 4.416e-16 6.017e-14 1.093e-14 0.000e+00 0.000e+00 0.000e+00 0.000e+00 0.000e+00 0.000e+00 0.000e+00 0.000e+00 0.000e+00 0.000e+00 0.000e+00 0.000e+00 0.000e+00 0.000e+00
2.208e-15 2.042e-14 2.451e-14 2.661e-14 7.943e-13 3.698e-14 0.000e+00 0.000e+00 0.000e+00 0.000e+00 0.000e+00 0.000e+00 0.000e+00 0.000e+00 0.000e+00 0.000e+00 0.000e+00 0.000e+00 0.000e+00 0.000e+00
6.624e-16 3.643e-15 8.169e-15 4.515e-14 4.990e-14 1.987e-15 0.000e+00 0.000e+00 0.000e+00 0.000e+00 0.000e+00 0.000e+00 0.000e+00 0.000e+00 0.000e+00 0.000e+00 0.000e+00 0.000e+00 0.000e+00 0.000e+00
0.000e+00 7.838e-15 5.851e-15 7.397e-15 2.098e-15 2.208e-16 1.104e-16 0.000e+00 0.000e+00 0.000e+00 0.000e+00 0.000e+00 0.000e+00 0.000e+00 0.000e+00 0.000e+00 0.000e+00 0.000e+00 0.000e+00 0.000e+00
0.000e+00 3.533e-15 7.838e-15 2.429e-15 1.656e-15 3.312e-16 1.104e-15 3.312e-16 0.000e+00 0.000e+00 0.000e+00 0.000e+00 0.000e+00 0.000e+00 0.000e+00 0.000e+00 0.000e+00 0.000e+00 0.000e+00 0.000e+00
0.000e+00 0.000e+00 1.656e-15 1.435e-15 9.936e-16 5.520e-16 3.312e-16 3.312e-16 0.000e+00 0.000e+00 0.000e+00 0.000e+00 0.000e+00 0.000e+00 0.000e+00 0.000e+00 0.000e+00 0.000e+00 0.000e+00 0.000e+00
0.000e+00 0.000e+00 1.104e-16 3.312e-16 5.520e-16 0.000e+00 1.104e-16 3.312e-16 5.520e-16 1.104e-16 0.000e+00 0.000e+00 0.000e+00 0.000e+00 0.000e+00 0.000e+00 0.000e+00 0.000e+00 0.000e+00 0.000e+00
0.000e+00 0.000e+00 0.000e+00 0.000e+00 0.000e+00 0.000e+00 0.000e+00 0.000e+00 1.104e-16 9.936e-16 2.208e-16 0.000e+00 0.000e+00 0.000e+00 0.000e+00 0.000e+00 0.000e+00 0.000e+00 0.000e+00 0.000e+00
0.000e+00 0.000e+00 0.000e+00 0.000e+00 0.000e+00 0.000e+00 0.000e+00 0.000e+00 0.000e+00 2.208e-16 2.098e-15 7.728e-16 0.000e+00 0.000e+00 0.000e+00 0.000e+00 0.000e+00 0.000e+00 0.000e+00 0.000e+00
0.000e+00 0.000e+00 0.000e+00 0.000e+00 0.000e+00 0.000e+00 0.000e+00 0.000e+00 0.000e+00 0.000e+00 8.832e-16 2.098e-15 2.208e-16 0.000e+00 0.000e+00 0.000e+00 0.000e+00 0.000e+00 0.000e+00 0.000e+00
0.000e+00 0.000e+00 0.000e+00 0.000e+00 0.000e+00 0.000e+00 0.000e+00 0.000e+00 0.000e+00 0.000e+00 0.000e+00 1.987e-15 1.104e-15 0.000e+00 0.000e+00 0.000e+00 0.000e+00 0.000e+00 0.000e+00 0.000e+00
0.000e+00 0.000e+00 0.000e+00 0.000e+00 0.000e+00 0.000e+00 0.000e+00 0.000e+00 0.000e+00 0.000e+00 0.000e+00 1.104e-16 1.104e-15 9.936e-16 0.000e+00 0.000e+00 0.000e+00 0.000e+00 1.104e-16 0.000e+00
0.000e+00 0.000e+00 0.000e+00 0.000e+00 0.000e+00 0.000e+00 0.000e+00 0.000e+00 0.000e+00 0.000e+00 0.000e+00 0.000e+00 1.104e-16 1.104e-15 6.624e-16 0.000e+00 0.000e+00 0.000e+00 4.416e-16 0.000e+00
0.000e+00 0.000e+00 0.000e+00 0.000e+00 0.000e+00 0.000e+00 0.000e+00 0.000e+00 0.000e+00 0.000e+00 0.000e+00 0.000e+00 0.000e+00 2.208e-16 2.318e-15 1.104e-16 0.000e+00 0.000e+00 1.214e-15 3.312e-16
0.000e+00 0.000e+00 0.000e+00 0.000e+00 0.000e+00 0.000e+00 0.000e+00 0.000e+00 0.000e+00 0.000e+00 0.000e+00 0.000e+00 0.000e+00 0.000e+00 6.624e-16 1.214e-15 1.104e-15 1.435e-15 1.104e-15 2.208e-16
0.000e+00 0.000e+00 0.000e+00 0.000e+00 0.000e+00 0.000e+00 0.000e+00 0.000e+00 0.000e+00 0.000e+00 0.000e+00 0.000e+00 0.000e+00 0.000e+00 0.000e+00 3.312e-16 1.104e-15 5.520e-16 3.312e-16 4.416e-16
0.000e+00 0.000e+00 0.000e+00 0.000e+00 0.000e+00 0.000e+00 0.000e+00 0.000e+00 0.000e+00 0.000e+00 0.000e+00 0.000e+00 0.000e+00 0.000e+00 0.000e+00 0.000e+00 0.000e+00 0.000e+00 1.104e-16 0.000e+00
0.000e+00 0.000e+00 0.000e+00 0.000e+00 0.000e+00 0.000e+00 0.000e+00 0.000e+00 0.000e+00 0.000e+00 0.000e+00 0.000e+00 0.000e+00 0.000e+00 0.000e+00 0.000e+00 0.000e+00 0.000e+00 1.104e-16 2.208e-16
# 2D Marginal for parameters Pxx and Pxy with ranges 1.0572e+07 2.5950e+07 and -9.9690e+06 -3.7222e+05
0.000e+00 0.000e+00 0.000e+00 0.000e+00 0.000e+00 0.000e+00 0.000e+00 0.000e+00 0.000e+00 0.000e+00 0.000e+00 0.000e+00 0.000e+00 0.000e+00 0.000e+00 4.889e-16 5.622e-15 1.809e-14 4.889e-16 0.000e+00
0.000e+00 0.000e+00 0.000e+00 0.000e+00 0.000e+00 0.000e+00 0.000e+00 0.000e+00 0.000e+00 0.000e+00 0.000e+00 0.000e+00 0.000e+00 0.000e+00 0.000e+00 8.555e-15 2.811e-14 2.420e-14 8.555e-15 0.000e+00
0.000e+00 0.000e+00 0.000e+00 0.000e+00 0.000e+00 0.000e+00 0.000e+00 0.000e+00 0.000e+00 0.000e+00 0.000e+00 0.000e+00 0.000e+00 0.000e+00 4.889e-16 1.051e-14 1.809e-14 1.467e-15 1.017e-13 6.795e-14
0.000e+00 0.000e+00 0.000e+00 0.000e+00 0.000e+00 0.000e+00 0.000e+00 0.000e+00 0.000e+00 0.000e+00 0.000e+00 0.000e+00 0.000e+00 0.000e+00 4.889e-16 2.738e-14 2.860e-14 1.100e-14 1.702e-12 2.344e-13
0.000e+00 0.000e+00 0.000e+00 0.000e+00 0.000e+00 0.000e+00 0.000e+00 0.000e+00 0.000e+00 2.444e-16 2.444e-16 0.000e+00 4.889e-16 1.222e-15 2.444e-15 1.784e-14 2.200e-14 9.778e-16 9.924e-14 9.778e-14
0.000e+00 0.000e+00 0.000e+00 0.000e+00 4.889e-16 2.444e-16 2.444e-16 4.889e-16 2.444e-16 2.444e-15 1.222e-15 7.333e-16 2.933e-15 1.296e-14 6.111e-15 8.066e-15 1.540e-14 4.889e-16 0.000e+00 0.000e+00
0.000e+00 0.000e+00 4.889e-16 0.000e+00 7.333e-16 1.467e-15 2.444e-16 7.333e-16 1.467e-15 3.422e-15 3.422e-15 2.689e-15 1.124e-14 9.778e-15 9.778e-16 1.222e-15 2.444e-16 0.000e+00 0.000e+00 0.000e+00
0.000e+00 0.000e+00 0.000e+00 0.000e+00 0.000e+00 9.778e-16 7.333e-16 0.000e+00 7.333e-16 7.333e-16 2.689e-15 3.422e-15 1.711e-15 7.333e-16 0.000e+00 0.000e+00 0.000e+00 0.000e+00 0.000e+00 0.000e+00
0.000e+00 0.000e+00 0.000e+00 0.000e+00 4.889e-16 4.889e-16 1.222e-15 0.000e+00 2.444e-16 0.000e+00 1.222e-15 0.000e+00 9.778e-16 0.000e+00 0.000e+00 0.000e+00 0.000e+00 0.000e+00 0.000e+00 0.000e+00
0.000e+00 0.000e+00 7.333e-16 9.778e-16 7.333e-16 4.889e-16 0.000e+00 0.000e+00 0.000e+00 0.000e+00 0.000e+00 0.000e+00 0.000e+00 0.000e+00 0.000e+00 0.000e+00 0.000e+00 0.000e+00 0.000e+00 0.000e+00
0.000e+00 0.000e+00 1.956e-15 1.467e-15 1.956e-15 7.333e-16 7.333e-16 0.000e+00 0.000e+00 0.000e+00 0.000e+00 0.000e+00 0.000e+00 0.000e+00 0.000e+00 0.000e+00 0.000e+00 0.000e+00 0.000e+00 0.000e+00
0.000e+00 0.000e+00 2.444e-15 3.178e-15 9.778e-16 2.444e-16 2.444e-16 0.000e+00 0.000e+00 0.000e+00 0.000e+00 0.000e+00 0.000e+00 0.000e+00 0.000e+00 0.000e+00 0.000e+00 0.000e+00 0.000e+00 0.000e+00
0.000e+00 0.000e+00 0.000e+00 2.689e-15 3.667e-15 0.000e+00 2.444e-16 2.444e-16 0.000e+00 0.000e+00 0.000e+00 0.000e+00 0.000e+00 0.000e+00 0.000e+00 0.000e+00 0.000e+00 0.000e+00 0.000e+00 0.000e+00
2.444e-16 0.000e+00 0.000e+00 9.778e-16 3.667e-15 2.444e-16 0.000e+00 0.000e+00 0.000e+00 0.000e+00 0.000e+00 0.000e+00 0.000e+00 0.000e+00 0.000e+00 0.000e+00 0.000e+00 0.000e+00 0.000e+00 0.000e+00
7.333e-16 2.444e-16 0.000e+00 2.200e-15 1.956e-15 0.000e+00 0.000e+00 0.000e+00 0.000e+00 0.000e+00 0.000e+00 0.000e+00 0.000e+00 0.000e+00 0.000e+00 0.000e+00 0.000e+00 0.000e+00 0.000e+00 0.000e+00
1.222e-15 1.956e-15 2.444e-16 2.444e-15 3.422e-15 0.000e+00 0.000e+00 0.000e+00 0.000e+00 0.000e+00 0.000e+00 0.000e+00 0.000e+00 0.000e+00 0.000e+00 0.000e+00 0.000e+00 0.000e+00 0.000e+00 0.000e+00
2.444e-16 7.333e-16 3.422e-15 3.667e-15 4.400e-15 2.444e-16 0.000e+00 0.000e+00 0.000e+00 0.000e+00 0.000e+00 0.000e+00 0.000e+00 0.000e+00 0.000e+00 0.000e+00 0.000e+00 0.000e+00 0.000e+00 0.000e+00
0.000e+00 7.333e-16 1.222e-15 1.222e-15 2.689e-15 2.444e-16 0.000e+00 0.000e+00 0.000e+00 0.000e+00 0.000e+00 0.000e+00 0.000e+00 0.000e+00 0.000e+00 0.000e+00 0.000e+00 0.000e+00 0.000e+00 0.000e+00
0.000e+00 0.000e+00 2.444e-16 0.000e+00 0.000e+00 0.000e+00 0.000e+00 0.000e+00 0.000e+00 0.000e+00 0.000e+00 0.000e+00 0.000e+00 0.000e+00 0.000e+00 0.000e+00 0.000e+00 0.000e+00 0.000e+00 0.000e+00
0.000e+00 0.000e+00 2.444e-16 2.444e-16 2.444e-16 0.000e+00 0.000e+00 0.000e+00 0.000e+00 0.000e+00 0.000e+00 0.000e+00 0.000e+00 0.000e+00 0.000e+00 0.000e+00 0.000e+00 0.000e+00 0.000e+00 0.000e+00
# 2D Marginal for parameters Pxx and Pyz with ranges 1.0572e+07 2.5950e+07 and -3.5198e+06 3.5040e+06
0.000e+00 0.000e+00 0.000e+00 0.000e+00 0.000e+00 0.000e+00 0.000e+00 0.000e+00 0.000e+00 0.000e+00 0.000e+00 0.000e+00 0.000e+00 3.340e-16 4.342e-15 4.342e-15 2.204e-14 2.672e-15 0.000e+00 0.000e+00
0.000e+00 0.000e+00 0.000e+00 0.000e+00 0.000e+00 0.000e+00 0.000e+00 0.000e+00 0.000e+00 0.000e+00 1.336e-15 1.002e-15 6.680e-16 5.344e-15 1.904e-14 2.238e-14 3.039e-14 1.436e-14 3.340e-16 0.000e+00
0.000e+00 0.000e+00 0.000e+00 0.000e+00 0.000e+00 0.000e+00 0.000e+00 0.000e+00 0.000e+00 1.069e-14 1.737e-13 3.306e-14 1.002e-14 4.342e-15 3.674e-15 1.236e-14 1.971e-14 2.672e-15 1.336e-15 2.004e-15
0.000e+00 0.000e+00 0.000e+00 0.000e+00 0.000e+00 0.000e+00 0.000e+00 0.000e+00 0.000e+00 3.377e-13 2.170e-12 1.059e-13 4.442e-14 1.670e-15 1.169e-14 1.770e-14 4.676e-15 7.682e-15 2.939e-14 7.014e-15
0.000e+00 0.000e+00 0.000e+00 0.000e+00 0.000e+00 0.000e+00 0.000e+00 0.000e+00 0.000e+00 3.106e-14 1.176e-13 1.099e-13 1.136e-14 0.000e+00 3.006e-15 7.348e-15 7.682e-15 3.039e-14 1.303e-14 0.000e+00
0.000e+00 0.000e+00 0.000e+00 0.000e+00 0.000e+00 0.000e+00 0.000e+00 0.000e+00 0.000e+00 0.000e+00 0.000e+00 0.000e+00 3.340e-15 1.670e-15 1.670e-15 4.008e-15 2.238e-14 2.872e-14 9.352e-15 0.000e+00
0.000e+00 0.000e+00 0.000e+00 0.000e+00 0.000e+00 0.000e+00 0.000e+00 0.000e+00 0.000e+00 0.000e+00 2.004e-15 7.014e-15 3.674e-15 2.004e-15 6.680e-16 8.350e-15 1.703e-14 1.136e-14 0.000e+00 0.000e+00
0.000e+00 0.000e+00 0.000e+00 0.000e+00 0.000e+00 0.000e+00 0.000e+00 0.000e+00 0.000e+00 3.340e-16 4.008e-15 2.004e-15 6.680e-16 1.002e-15 3.340e-15 3.340e-15 1.336e-15 0.000e+00 0.000e+00 0.000e+00
0.000e+00 0.000e+00 0.000e+00 0.000e+00 0.000e+00 0.000e+00 0.000e+00 0.000e+00 0.000e+00 3.340e-15 0.000e+00 3.340e-16 3.340e-16 1.336e-15 6.680e-16 3.340e-16 0.000e+00 0.000e+00 0.000e+00 0.000e+00
0.000e+00 0.000e+00 0.000e+00 0.000e+00 0.000e+00 0.000e+00 1.002e-15 2.004e-15 1.002e-15 0.000e+00 0.000e+00 0.000e+00 0.000e+00 0.000e+00 0.000e+00 0.000e+00 0.000e+00 0.000e+00 0.000e+00 0.000e+00
0.000e+00 0.000e+00 0.000e+00 0.000e+00 3.340e-16 1.670e-15 5.678e-15 1.670e-15 0.000e+00 0.000e+00 0.000e+00 0.000e+00 0.000e+00 0.000e+00 0.000e+00 0.000e+00 0.000e+00 0.000e+00 0.000e+00 0.000e+00
0.000e+00 0.000e+00 0.000e+00 0.000e+00 2.338e-15 6.346e-15 1.002e-15 0.000e+00 0.000e+00 0.000e+00 0.000e+00 0.000e+00 0.000e+00 0.000e+00 0.000e+00 0.000e+00 0.000e+00 0.000e+00 0.000e+00 0.000e+00
0.000e+00 0.000e+00 0.000e+00 1.336e-15 6.346e-15 1.670e-15 0.000e+00 0.000e+00 0.000e+00 0.000e+00 0.000e+00 0.000e+00 0.000e+00 0.000e+00 0.000e+00 0.000e+00 0.000e+00 0.000e+00 0.000e+00 0.000e+00
0.000e+00 0.000e+00 2.338e-15 4.342e-15 3.340e-16 0.000e+00 0.000e+00 0.000e+00 0.000e+00 0.000e+00 0.000e+00 0.000e+00 0.000e+00 0.000e+00 0.000e+00 0.000e+00 0.000e+00 0.000e+00 0.000e+00 0.000e+00
0.000e+00 2.004e-15 4.676e-15 3.340e-16 0.000e+00 0.000e+00 0.000e+00 0.000e+00 0.000e+00 0.000e+00 0.000e+00 0.000e+00 0.000e+00 0.000e+00 0.000e+00 0.000e+00 0.000e+00 0.000e+00 0.000e+00 0.000e+00
6.680e-16 9.018e-15 3.006e-15 0.000e+00 0.000e+00 0.000e+00 0.000e+00 0.000e+00 0.000e+00 0.000e+00 0.000e+00 0.000e+00 0.000e+00 0.000e+00 0.000e+00 0.000e+00 0.000e+00 0.000e+00 0.000e+00 0.000e+00
1.670e-15 1.236e-14 3.006e-15 3.340e-16 0.000e+00 0.000e+00 0.000e+00 0.000e+00 0.000e+00 0.000e+00 0.000e+00 0.000e+00 0.000e+00 0.000e+00 0.000e+00 0.000e+00 0.000e+00 0.000e+00 0.000e+00 0.000e+00
4.008e-15 3.006e-15 1.002e-15 3.340e-16 0.000e+00 0.000e+00 0.000e+00 0.000e+00 0.000e+00 0.000e+00 0.000e+00 0.000e+00 0.000e+00 0.000e+00 0.000e+00 0.000e+00 0.000e+00 0.000e+00 0.000e+00 0.000e+00
0.000e+00 3.340e-16 0.000e+00 0.000e+00 0.000e+00 0.000e+00 0.000e+00 0.000e+00 0.000e+00 0.000e+00 0.000e+00 0.000e+00 0.000e+00 0.000e+00 0.000e+00 0.000e+00 0.000e+00 0.000e+00 0.000e+00 0.000e+00
3.340e-16 6.680e-16 0.000e+00 0.000e+00 0.000e+00 0.000e+00 0.000e+00 0.000e+00 0.000e+00 0.000e+00 0.000e+00 0.000e+00 0.000e+00 0.000e+00 0.000e+00 0.000e+00 0.000e+00 0.000e+00 0.000e+00 0.000e+00
# 2D Marginal for parameters Pxx and Pzx with ranges 1.0572e+07 2.5950e+07 and -5.8946e+05 3.0012e+06
0.000e+00 0.000e+00 0.000e+00 0.000e+00 0.000e+00 0.000e+00 0.000e+00 5.880e-15 3.267e-15 3.920e-14 1.633e-14 1.307e-15 0.000e+00 0.000e+00 0.000e+00 0.000e+00 0.000e+00 0.000e+00 0.000e+00 0.000e+00
1.307e-15 3.267e-15 0.000e+00 0.000e+00 0.000e+00 4.573e-15 8.493e-15 1.045e-14 2.548e-14 4.704e-14 1.437e-14 7.056e-14 0.000e+00 0.000e+00 0.000e+00 0.000e+00 0.000e+00 0.000e+00 0.000e+00 0.000e+00
9.669e-14 3.162e-13 1.045e-14 0.000e+00 2.613e-15 2.417e-14 3.267e-15 1.960e-15 6.533e-16 2.613e-15 0.000e+00 4.965e-14 2.548e-14 1.307e-15 0.000e+00 0.000e+00 0.000e+00 0.000e+00 0.000e+00 0.000e+00
1.339e-12 3.506e-12 2.032e-13 2.875e-14 8.950e-14 3.593e-14 6.533e-16 6.533e-16 0.000e+00 0.000e+00 0.000e+00 0.000e+00 9.800e-14 5.422e-14 0.000e+00 0.000e+00 0.000e+00 0.000e+00 0.000e+00 0.000e+00
5.161e-14 2.058e-13 2.489e-13 1.503e-14 6.533e-15 0.000e+00 0.000e+00 0.000e+00 0.000e+00 0.000e+00 0.000e+00 1.307e-15 7.970e-14 2.679e-14 1.176e-14 6.533e-16 0.000e+00 0.000e+00 0.000e+00 0.000e+00
0.000e+00 0.000e+00 0.000e+00 0.000e+00 0.000e+00 0.000e+00 0.000e+00 0.000e+00 0.000e+00 0.000e+00 0.000e+00 3.920e-15 4.443e-14 1.437e-14 6.141e-14 1.045e-14 2.613e-15 1.307e-15 6.533e-16 0.000e+00
0.000e+00 0.000e+00 0.000e+00 0.000e+00 0.000e+00 0.000e+00 0.000e+00 0.000e+00 0.000e+00 0.000e+00 0.000e+00 0.000e+00 1.960e-15 1.437e-14 5.880e-14 9.146e-15 1.372e-14 3.267e-15 6.533e-16 0.000e+00
0.000e+00 0.000e+00 0.000e+00 0.000e+00 0.000e+00 0.000e+00 0.000e+00 0.000e+00 0.000e+00 0.000e+00 0.000e+00 0.000e+00 0.000e+00 4.573e-15 1.241e-14 5.880e-15 5.226e-15 3.267e-15 0.000e+00 0.000e+00
0.000e+00 0.000e+00 0.000e+00 0.000e+00 0.000e+00 0.000e+00 0.000e+00 0.000e+00 0.000e+00 0.000e+00 0.000e+00 0.000e+00 0.000e+00 1.307e-15 3.267e-15 1.307e-15 4.573e-15 1.307e-15 6.533e-16 0.000e+00
0.000e+00 0.000e+00 0.000e+00 0.000e+00 0.000e+00 0.000e+00 0.000e+00 0.000e+00 0.000e+00 0.000e+00 0.000e+00 0.000e+00 1.307e-15 6.533e-16 1.307e-15 3.267e-15 1.307e-15 0.000e+00 0.000e+00 0.000e+00
0.000e+00 0.000e+00 0.000e+00 0.000e+00 0.000e+00 0.000e+00 0.000e+00 0.000e+00 0.000e+00 0.000e+00 0.000e+00 0.000e+00 0.000e+00 4.573e-15 3.267e-15 3.920e-15 2.613e-15 6.533e-16 1.307e-15 1.960e-15
0.000e+00 0.000e+00 0.000e+00 0.000e+00 0.000e+00 0.000e+00 0.000e+00 0.000e+00 0.000e+00 0.000e+00 0.000e+00 0.000e+00 3.920e-15 3.920e-15 3.920e-15 1.960e-15 1.960e-15 1.307e-15 1.307e-15 6.533e-16
0.000e+00 0.000e+00 0.000e+00 0.000e+00 0.000e+00 0.000e+00 0.000e+00 0.000e+00 0.000e+00 0.000e+00 0.000e+00 0.000e+00 1.307e-15 1.307e-15 2.613e-15 1.960e-15 3.920e-15 3.267e-15 3.920e-15 0.000e+00
0.000e+00 0.000e+00 0.000e+00 0.000e+00 0.000e+00 0.000e+00 0.000e+00 0.000e+00 0.000e+00 0.000e+00 0.000e+00 0.000e+00 0.000e+00 0.000e+00 6.533e-16 1.960e-15 5.880e-15 3.920e-15 1.307e-15 0.000e+00
0.000e+00 0.000e+00 0.000e+00 0.000e+00 0.000e+00 0.000e+00 0.000e+00 0.000e+00 0.000e+00 0.000e+00 0.000e+00 0.000e+00 0.000e+00 1.307e-15 1.960e-15 3.920e-15 5.880e-15 6.533e-16 0.000e+00 0.000e+00
0.000e+00 0.000e+00 0.000e+00 0.000e+00 0.000e+00 0.000e+00 0.000e+00 0.000e+00 0.000e+00 0.000e+00 0.000e+00 0.000e+00 3.920e-15 3.267e-15 6.533e-15 6.533e-15 4.573e-15 0.000e+00 0.000e+00 0.000e+00
0.000e+00 0.000e+00 0.000e+00 0.000e+00 0.000e+00 0.000e+00 0.000e+00 0.000e+00 0.000e+00 0.000e+00 6.533e-16 0.000e+00 6.533e-16 2.613e-15 1.437e-14 1.307e-14 2.613e-15 0.000e+00 0.000e+00 0.000e+00
0.000e+00 0.000e+00 0.000e+00 0.000e+00 0.000e+00 0.000e+00 0.000e+00 0.000e+00 0.000e+00 0.000e+00 0.000e+00 6.533e-16 1.307e-15 2.613e-15 5.880e-15 5.226e-15 6.533e-16 0.000e+00 0.000e+00 0.000e+00
0.000e+00 0.000e+00 0.000e+00 0.000e+00 0.000e+00 0.000e+00 0.000e+00 0.000e+00 0.000e+00 0.000e+00 0.000e+00 0.000e+00 0.000e+00 6.533e-16 0.000e+00 0.000e+00 0.000e+00 0.000e+00 0.000e+00 0.000e+00
0.000e+00 0.000e+00 0.000e+00 0.000e+00 0.000e+00 0.000e+00 0.000e+00 0.000e+00 0.000e+00 0.000e+00 6.533e-16 0.000e+00 1.307e-15 0.000e+00 0.000e+00 0.000e+00 0.000e+00 0.000e+00 0.000e+00 0.000e+00
# 2D Marginal for parameters Pyy and Pzz with ranges 4.4750e+06 3.7322e+07 and 1.2795e+07 3.4044e+07
3.101e-16 2.171e-15 0.000e+00 0.000e+00 0.000e+00 0.000e+00 0.000e+00 0.000e+00 0.000e+00 0.000e+00 0.000e+00 0.000e+00 0.000e+00 0.000e+00 0.000e+00 0.000e+00 0.000e+00 0.000e+00 0.000e+00 0.000e+00
0.000e+00 7.184e-15 5.169e-15 0.000e+00 0.000e+00 0.000e+00 0.000e+00 0.000e+00 0.000e+00 0.000e+00 0.000e+00 0.000e+00 0.000e+00 0.000e+00 0.000e+00 0.000e+00 0.000e+00 0.000e+00 0.000e+00 0.000e+00
1.757e-15 4.445e-15 7.391e-15 1.499e-15 5.169e-17 0.000e+00 0.000e+00 0.000e+00 0.000e+00 0.000e+00 0.000e+00 0.000e+00 0.000e+00 0.000e+00 0.000e+00 0.000e+00 0.000e+00 0.000e+00 0.000e+00 0.000e+00
6.099e-15 7.701e-15 4.548e-15 7.236e-15 6.719e-16 1.034e-16 0.000e+00 0.000e+00 0.000e+00 0.000e+00 0.000e+00 0.000e+00 0.000e+00 0.000e+00 0.000e+00 0.000e+00 0.000e+00 0.000e+00 0.000e+00 0.000e+00
3.876e-15 1.706e-15 3.411e-15 3.463e-15 1.912e-15 1.034e-16 1.551e-16 0.000e+00 0.000e+00 0.000e+00 0.000e+00 0.000e+00 0.000e+00 0.000e+00 0.000e+00 0.000e+00 0.000e+00 0.000e+00 0.000e+00 0.000e+00
3.101e-16 6.616e-15 9.820e-16 4.445e-15 8.812e-14 5.169e-16 4.135e-16 1.551e-16 0.000e+00 0.000e+00 0.000e+00 0.000e+00 0.000e+00 0.000e+00 0.000e+00 0.000e+00 0.000e+00 0.000e+00 0.000e+00 0.000e+00
0.000e+00 0.000e+00 5.169e-15 1.856e-14 3.254e-13 2.124e-14 2.067e-16 1.551e-16 0.000e+00 0.000e+00 0.000e+00 0.000e+00 0.000e+00 0.000e+00 0.000e+00 0.000e+00 0.000e+00 0.000e+00 0.000e+00 0.000e+00
0.000e+00 0.000e+00 0.000e+00 4.031e-15 1.013e-14 1.912e-15 0.000e+00 1.551e-16 2.584e-16 0.000e+00 0.000e+00 0.000e+00 0.000e+00 0.000e+00 0.000e+00 0.000e+00 0.000e+00 0.000e+00 0.000e+00 0.000e+00
0.000e+00 0.000e+00 0.000e+00 0.000e+00 0.000e+00 0.000e+00 0.000e+00 0.000e+00 5.169e-17 1.034e-16 0.000e+00 0.000e+00 0.000e+00 0.000e+00 0.000e+00 0.000e+00 0.000e+00 0.000e+00 0.000e+00 0.000e+00
0.000e+00 0.000e+00 0.000e+00 0.000e+00 0.000e+00 0.000e+00 0.000e+00 0.000e+00 0.000e+00 3.101e-16 1.034e-16 0.000e+00 0.000e+00 0.000e+00 0.000e+00 0.000e+00 0.000e+00 0.000e+00 0.000e+00 0.000e+00
0.000e+00 0.000e+00 0.000e+00 0.000e+00 0.000e+00 0.000e+00 0.000e+00 0.000e+00 0.000e+00 2.067e-16 4.652e-16 2.067e-16 0.000e+00 0.000e+00 0.000e+00 0.000e+00 0.000e+00 0.000e+00 0.000e+00 0.000e+00
0.000e+00 0.000e+00 0.000e+00 0.000e+00 0.000e+00 0.000e+00 0.000e+00 0.000e+00 0.000e+00 0.000e+00 9.303e-16 1.602e-15 5.169e-17 0.000e+00 0.000e+00 0.000e+00 0.000e+00 0.000e+00 0.000e+00 0.000e+00
0.000e+00 0.000e+00 0.000e+00 0.000e+00 0.000e+00 0.000e+00 0.000e+00 0.000e+00 0.000e+00 0.000e+00 0.000e+00 5.169e-16 1.137e-15 5.169e-17 0.000e+00 0.000e+00 0.000e+00 0.000e+00 0.000e+00 0.000e+00
0.000e+00 0.000e+00 0.000e+00 0.000e+00 0.000e+00 0.000e+00 0.000e+00 0.000e+00 0.000e+00 0.000e+00 0.000e+00 0.000e+00 0.000e+00 7.236e-16 0.000e+00 0.000e+00 0.000e+00 0.000e+00 0.000e+00 0.000e+00
0.000e+00 0.000e+00 0.000e+00 0.000e+00 0.000e+00 0.000e+00 0.000e+00 0.000e+00 0.000e+00 0.000e+00 0.000e+00 0.000e+00 0.000e+00 3.101e-16 1.292e-15 0.000e+00 0.000e+00 0.000e+00 0.000e+00 0.000e+00
0.000e+00 0.000e+00 0.000e+00 0.000e+00 0.000e+00 0.000e+00 0.000e+00 0.000e+00 0.000e+00 0.000e+00 0.000e+00 0.000e+00 0.000e+00 0.000e+00 4.135e-16 6.202e-16 2.067e-16 0.000e+00 0.000e+00 0.000e+00
0.000e+00 0.000e+00 0.000e+00 0.000e+00 0.000e+00 0.000e+00 0.000e+00 0.000e+00 0.000e+00 0.000e+00 0.000e+00 0.000e+00 0.000e+00 0.000e+00 0.000e+00 1.551e-16 7.236e-16 5.169e-17 0.000e+00 0.000e+00
0.000e+00 0.000e+00 0.000e+00 0.000e+00 0.000e+00 0.000e+00 0.000e+00 0.000e+00 0.000e+00 0.000e+00 0.000e+00 0.000e+00 0.000e+00 0.000e+00 0.000e+00 0.000e+00 1.034e-16 6.719e-16 3.101e-16 0.000e+00
0.000e+00 0.000e+00 0.000e+00 0.000e+00 0.000e+00 0.000e+00 0.000e+00 0.000e+00 0.000e+00 0.000e+00 0.000e+00 0.000e+00 0.000e+00 0.000e+00 0.000e+00 0.000e+00 0.000e+00 2.067e-16 1.085e-15 2.067e-16
0.000e+00 0.000e+00 0.000e+00 0.000e+00 0.000e+00 0.000e+00 0.000e+00 0.000e+00 0.000e+00 0.000e+00 0.000e+00 0.000e+00 0.000e+00 0.000e+00 0.000e+00 0.000e+00 0.000e+00 0.000e+00 2.067e-16 3.618e-16
# 2D Marginal for parameters Pyy and Pxy with ranges 4.4750e+06 3.7322e+07 and -9.9690e+06 -3.7222e+05
0.000e+00 0.000e+00 0.000e+00 0.000e+00 0.000e+00 0.000e+00 0.000e+00 0.000e+00 0.000e+00 1.144e-16 0.000e+00 2.289e-16 1.144e-15 2.403e-15 9.155e-16 5.722e-16 1.144e-16 0.000e+00 0.000e+00 0.000e+00
0.000e+00 0.000e+00 0.000e+00 0.000e+00 0.000e+00 0.000e+00 0.000e+00 0.000e+00 0.000e+00 1.144e-16 8.011e-16 1.259e-15 5.608e-15 8.812e-15 2.861e-15 2.403e-15 5.379e-15 1.144e-16 0.000e+00 0.000e+00
0.000e+00 0.000e+00 0.000e+00 0.000e+00 0.000e+00 0.000e+00 1.144e-16 0.000e+00 0.000e+00 8.011e-16 9.155e-16 1.488e-15 1.259e-15 3.433e-16 4.578e-16 6.294e-15 1.911e-14 2.747e-15 0.000e+00 0.000e+00
0.000e+00 0.000e+00 0.000e+00 0.000e+00 2.289e-16 0.000e+00 0.000e+00 3.433e-16 2.289e-16 9.155e-16 1.488e-15 2.289e-16 1.144e-16 0.000e+00 5.722e-16 1.190e-14 2.598e-14 1.476e-14 1.602e-15 0.000e+00
0.000e+00 0.000e+00 0.000e+00 0.000e+00 0.000e+00 3.433e-16 0.000e+00 1.144e-16 5.722e-16 8.011e-16 9.155e-16 0.000e+00 0.000e+00 0.000e+00 1.144e-16 1.305e-14 4.463e-15 3.319e-15 4.463e-15 4.234e-15
0.000e+00 0.000e+00 2.289e-16 0.000e+00 3.433e-16 5.722e-16 1.144e-16 1.144e-16 3.433e-16 4.578e-16 0.000e+00 0.000e+00 0.000e+00 0.000e+00 0.000e+00 4.578e-16 2.289e-16 2.403e-15 2.032e-13 1.637e-14
0.000e+00 0.000e+00 0.000e+00 0.000e+00 0.000e+00 3.433e-16 3.433e-16 0.000e+00 1.144e-16 0.000e+00 0.000e+00 0.000e+00 0.000e+00 0.000e+00 0.000e+00 0.000e+00 0.000e+00 2.975e-15 6.777e-13 1.393e-13
0.000e+00 0.000e+00 0.000e+00 0.000e+00 1.144e-16 2.289e-16 5.722e-16 0.000e+00 0.000e+00 0.000e+00 0.000e+00 0.000e+00 0.000e+00 0.000e+00 0.000e+00 0.000e+00 0.000e+00 0.000e+00 8.125e-15 2.747e-14
0.000e+00 0.000e+00 0.000e+00 1.144e-16 1.144e-16 1.144e-16 0.000e+00 0.000e+00 0.000e+00 0.000e+00 0.000e+00 0.000e+00 0.000e+00 0.000e+00 0.000e+00 0.000e+00 0.000e+00 0.000e+00 0.000e+00 0.000e+00
0.000e+00 0.000e+00 0.000e+00 3.433e-16 4.578e-16 0.000e+00 1.144e-16 0.000e+00 0.000e+00 0.000e+00 0.000e+00 0.000e+00 0.000e+00 0.000e+00 0.000e+00 0.000e+00 0.000e+00 0.000e+00 0.000e+00 0.000e+00
0.000e+00 0.000e+00 4.578e-16 2.289e-16 6.867e-16 4.578e-16 1.144e-16 0.000e+00 0.000e+00 0.000e+00 0.000e+00 0.000e+00 0.000e+00 0.000e+00 0.000e+00 0.000e+00 0.000e+00 0.000e+00 0.000e+00 0.000e+00
0.000e+00 0.000e+00 1.488e-15 2.289e-15 1.488e-15 2.289e-16 2.289e-16 0.000e+00 0.000e+00 0.000e+00 0.000e+00 0.000e+00 0.000e+00 0.000e+00 0.000e+00 0.000e+00 0.000e+00 0.000e+00 0.000e+00 0.000e+00
0.000e+00 0.000e+00 4.578e-16 9.155e-16 2.174e-15 0.000e+00 1.144e-16 1.144e-16 0.000e+00 0.000e+00 0.000e+00 0.000e+00 0.000e+00 0.000e+00 0.000e+00 0.000e+00 0.000e+00 0.000e+00 0.000e+00 0.000e+00
0.000e+00 0.000e+00 0.000e+00 4.578e-16 1.144e-15 0.000e+00 0.000e+00 0.000e+00 0.000e+00 0.000e+00 0.000e+00 0.000e+00 0.000e+00 0.000e+00 0.000e+00 0.000e+00 0.000e+00 0.000e+00 0.000e+00 0.000e+00
0.000e+00 0.000e+00 0.000e+00 1.717e-15 1.717e-15 1.144e-16 0.000e+00 0.000e+00 0.000e+00 0.000e+00 0.000e+00 0.000e+00 0.000e+00 0.000e+00 0.000e+00 0.000e+00 0.000e+00 0.000e+00 0.000e+00 0.000e+00
0.000e+00 0.000e+00 0.000e+00 6.867e-16 1.946e-15 1.144e-16 0.000e+00 0.000e+00 0.000e+00 0.000e+00 0.000e+00 0.000e+00 0.000e+00 0.000e+00 0.000e+00 0.000e+00 0.000e+00 0.000e+00 0.000e+00 0.000e+00
0.000e+00 0.000e+00 1.144e-16 8.011e-16 1.144e-15 0.000e+00 0.000e+00 0.000e+00 0.000e+00 0.000e+00 0.000e+00 0.000e+00 0.000e+00 0.000e+00 0.000e+00 0.000e+00 0.000e+00 0.000e+00 0.000e+00 0.000e+00
4.578e-16 2.289e-16 5.722e-16 1.030e-15 1.144e-16 0.000e+00 0.000e+00 0.000e+00 0.000e+00 0.000e+00 0.000e+00 0.000e+00 0.000e+00 0.000e+00 0.000e+00 0.000e+00 0.000e+00 0.000e+00 0.000e+00 0.000e+00
4.578e-16 1.144e-15 1.373e-15 2.289e-16 1.144e-16 0.000e+00 0.000e+00 0.000e+00 0.000e+00 0.000e+00 0.000e+00 0.000e+00 0.000e+00 0.000e+00 0.000e+00 0.000e+00 0.000e+00 0.000e+00 0.000e+00 0.000e+00
2.289e-16 3.433e-16 4.578e-16 1.144e-16 1.144e-16 0.000e+00 0.000e+00 0.000e+00 0.000e+00 0.000e+00 0.000e+00 0.000e+00 0.000e+00 0.000e+00 0.000e+00 0.000e+00 0.000e+00 0.000e+00 0.000e+00 0.000e+00
# 2D Marginal for parameters Pyy and Pyz with ranges 4.4750e+06 3.7322e+07 and -3.5198e+06 3.5040e+06
0.000e+00 0.000e+00 0.000e+00 0.000e+00 0.000e+00 0.000e+00 0.000e+00 0.000e+00 0.000e+00 0.000e+00 0.000e+00 0.000e+00 0.000e+00 0.000e+00 0.000e+00 1.564e-16 4.691e-16 1.876e-15 4.847e-15 1.564e-16
0.000e+00 0.000e+00 0.000e+00 0.000e+00 0.000e+00 0.000e+00 0.000e+00 0.000e+00 0.000e+00 0.000e+00 0.000e+00 0.000e+00 0.000e+00 0.000e+00 4.691e-16 2.971e-15 9.226e-15 1.282e-14 8.131e-15 3.753e-15
0.000e+00 0.000e+00 0.000e+00 0.000e+00 0.000e+00 0.000e+00 0.000e+00 0.000e+00 0.000e+00 0.000e+00 0.000e+00 0.000e+00 3.127e-16 1.251e-15 2.189e-15 2.502e-15 1.048e-14 1.704e-14 1.173e-14 3.127e-16
0.000e+00 0.000e+00 0.000e+00 0.000e+00 0.000e+00 0.000e+00 0.000e+00 0.000e+00 0.000e+00 0.000e+00 0.000e+00 4.691e-16 2.658e-15 1.564e-15 1.001e-14 1.657e-14 3.409e-14 1.407e-14 3.127e-16 0.000e+00
0.000e+00 0.000e+00 0.000e+00 0.000e+00 0.000e+00 0.000e+00 0.000e+00 0.000e+00 0.000e+00 0.000e+00 6.255e-16 2.502e-15 7.193e-15 5.473e-15 8.913e-15 1.517e-14 4.378e-15 0.000e+00 0.000e+00 0.000e+00
0.000e+00 0.000e+00 0.000e+00 0.000e+00 0.000e+00 0.000e+00 0.000e+00 0.000e+00 0.000e+00 1.564e-15 2.550e-13 3.393e-14 1.564e-14 0.000e+00 9.382e-16 1.564e-16 0.000e+00 0.000e+00 0.000e+00 0.000e+00
0.000e+00 0.000e+00 0.000e+00 0.000e+00 0.000e+00 0.000e+00 0.000e+00 0.000e+00 0.000e+00 1.725e-13 8.694e-13 7.052e-14 9.069e-15 0.000e+00 0.000e+00 0.000e+00 0.000e+00 0.000e+00 0.000e+00 0.000e+00
0.000e+00 0.000e+00 0.000e+00 0.000e+00 0.000e+00 0.000e+00 0.000e+00 0.000e+00 0.000e+00 5.160e-15 3.080e-14 1.392e-14 0.000e+00 0.000e+00 0.000e+00 0.000e+00 0.000e+00 0.000e+00 0.000e+00 0.000e+00
0.000e+00 0.000e+00 0.000e+00 0.000e+00 0.000e+00 0.000e+00 0.000e+00 0.000e+00 3.127e-16 1.564e-16 0.000e+00 0.000e+00 0.000e+00 0.000e+00 0.000e+00 0.000e+00 0.000e+00 0.000e+00 0.000e+00 0.000e+00
0.000e+00 0.000e+00 0.000e+00 0.000e+00 0.000e+00 1.564e-16 0.000e+00 9.382e-16 1.564e-16 0.000e+00 0.000e+00 0.000e+00 0.000e+00 0.000e+00 0.000e+00 0.000e+00 0.000e+00 0.000e+00 0.000e+00 0.000e+00
0.000e+00 0.000e+00 0.000e+00 0.000e+00 4.691e-16 3.127e-16 1.095e-15 7.818e-16 0.000e+00 0.000e+00 0.000e+00 0.000e+00 0.000e+00 0.000e+00 0.000e+00 0.000e+00 0.000e+00 0.000e+00 0.000e+00 0.000e+00
0.000e+00 0.000e+00 0.000e+00 1.564e-16 2.345e-15 3.127e-15 2.189e-15 0.000e+00 0.000e+00 0.000e+00 0.000e+00 0.000e+00 0.000e+00 0.000e+00 0.000e+00 0.000e+00 0.000e+00 0.000e+00 0.000e+00 0.000e+00
0.000e+00 0.000e+00 4.691e-16 1.876e-15 1.564e-15 9.382e-16 3.127e-16 0.000e+00 0.000e+00 0.000e+00 0.000e+00 0.000e+00 0.000e+00 0.000e+00 0.000e+00 0.000e+00 0.000e+00 0.000e+00 0.000e+00 0.000e+00
0.000e+00 1.564e-16 1.564e-15 4.691e-16 0.000e+00 0.000e+00 0.000e+00 0.000e+00 0.000e+00 0.000e+00 0.000e+00 0.000e+00 0.000e+00 0.000e+00 0.000e+00 0.000e+00 0.000e+00 0.000e+00 0.000e+00 0.000e+00
0.000e+00 4.066e-15 7.818e-16 0.000e+00 0.000e+00 0.000e+00 0.000e+00 0.000e+00 0.000e+00 0.000e+00 0.000e+00 0.000e+00 0.000e+00 0.000e+00 0.000e+00 0.000e+00 0.000e+00 0.000e+00 0.000e+00 0.000e+00
1.095e-15 2.345e-15 3.127e-16 0.000e+00 0.000e+00 0.000e+00 0.000e+00 0.000e+00 0.000e+00 0.000e+00 0.000e+00 0.000e+00 0.000e+00 0.000e+00 0.000e+00 0.000e+00 0.000e+00 0.000e+00 0.000e+00 0.000e+00
4.691e-16 2.345e-15 0.000e+00 0.000e+00 0.000e+00 0.000e+00 0.000e+00 0.000e+00 0.000e+00 0.000e+00 0.000e+00 0.000e+00 0.000e+00 0.000e+00 0.000e+00 0.000e+00 0.000e+00 0.000e+00 0.000e+00 0.000e+00
4.691e-16 1.720e-15 9.382e-16 1.564e-16 0.000e+00 0.000e+00 0.000e+00 0.000e+00 0.000e+00 0.000e+00 0.000e+00 0.000e+00 0.000e+00 0.000e+00 0.000e+00 0.000e+00 0.000e+00 0.000e+00 0.000e+00 0.000e+00
7.818e-16 1.564e-15 1.720e-15 4.691e-16 0.000e+00 0.000e+00 0.000e+00 0.000e+00 0.000e+00 0.000e+00 0.000e+00 0.000e+00 0.000e+00 0.000e+00 0.000e+00 0.000e+00 0.000e+00 0.000e+00 0.000e+00 0.000e+00
3.127e-16 6.255e-16 7.818e-16 0.000e+00 0.000e+00 0.000e+00 0.000e+00 0.000e+00 0.000e+00 0.000e+00 0.000e+00 0.000e+00 0.000e+00 0.000e+00 0.000e+00 0.000e+00 0.000e+00 0.000e+00 0.000e+00 0.000e+00
# 2D Marginal for parameters Pyy and Pzx with ranges 4.4750e+06 3.7322e+07 and -5.8946e+05 3.0012e+06
0.000e+00 0.000e+00 0.000e+00 0.000e+00 0.000e+00 0.000e+00 0.000e+00 0.000e+00 0.000e+00 0.000e+00 0.000e+00 0.000e+00 3.059e-16 2.753e-15 1.162e-14 0.000e+00 0.000e+00 0.000e+00 0.000e+00 0.000e+00
0.000e+00 0.000e+00 0.000e+00 0.000e+00 0.000e+00 0.000e+00 0.000e+00 0.000e+00 0.000e+00 0.000e+00 0.000e+00 0.000e+00 1.223e-14 1.713e-14 4.190e-14 1.835e-15 0.000e+00 0.000e+00 0.000e+00 0.000e+00
0.000e+00 0.000e+00 0.000e+00 0.000e+00 0.000e+00 0.000e+00 0.000e+00 0.000e+00 0.000e+00 7.035e-15 6.117e-15 1.835e-14 1.591e-14 2.845e-14 1.009e-14 3.365e-15 0.000e+00 3.059e-16 0.000e+00 0.000e+00
0.000e+00 0.000e+00 0.000e+00 0.000e+00 0.000e+00 0.000e+00 2.141e-15 6.117e-15 1.223e-14 2.753e-14 7.647e-15 3.976e-14 4.282e-14 5.812e-15 4.588e-15 3.976e-15 3.059e-15 3.059e-16 0.000e+00 0.000e+00
0.000e+00 0.000e+00 0.000e+00 0.000e+00 3.365e-15 1.499e-14 3.365e-15 2.753e-15 1.529e-15 6.729e-15 6.117e-16 1.223e-15 4.405e-14 3.059e-16 3.059e-16 2.753e-15 3.670e-15 6.117e-16 3.059e-16 0.000e+00
1.373e-13 4.068e-13 2.447e-15 3.059e-16 3.089e-14 1.499e-14 3.059e-16 0.000e+00 0.000e+00 3.059e-16 0.000e+00 0.000e+00 1.529e-15 3.059e-16 6.117e-16 6.117e-16 2.753e-15 1.529e-15 3.059e-16 0.000e+00
5.585e-13 1.461e-12 1.404e-13 1.896e-14 1.193e-14 3.059e-16 0.000e+00 0.000e+00 0.000e+00 0.000e+00 0.000e+00 0.000e+00 0.000e+00 0.000e+00 0.000e+00 3.059e-16 9.176e-16 9.176e-16 0.000e+00 0.000e+00
9.176e-16 1.927e-14 7.371e-14 1.223e-15 0.000e+00 0.000e+00 0.000e+00 0.000e+00 0.000e+00 0.000e+00 0.000e+00 0.000e+00 0.000e+00 0.000e+00 0.000e+00 0.000e+00 1.529e-15 6.117e-16 3.059e-16 0.000e+00
0.000e+00 0.000e+00 0.000e+00 0.000e+00 0.000e+00 0.000e+00 0.000e+00 0.000e+00 0.000e+00 0.000e+00 0.000e+00 0.000e+00 0.000e+00 0.000e+00 0.000e+00 3.059e-16 6.117e-16 0.000e+00 0.000e+00 0.000e+00
0.000e+00 0.000e+00 0.000e+00 0.000e+00 0.000e+00 0.000e+00 0.000e+00 0.000e+00 0.000e+00 0.000e+00 0.000e+00 0.000e+00 0.000e+00 3.059e-16 6.117e-16 9.176e-16 3.059e-16 0.000e+00 0.000e+00 3.059e-16
0.000e+00 0.000e+00 0.000e+00 0.000e+00 0.000e+00 0.000e+00 0.000e+00 0.000e+00 0.000e+00 0.000e+00 0.000e+00 0.000e+00 6.117e-16 3.059e-16 0.000e+00 1.223e-15 1.223e-15 0.000e+00 9.176e-16 9.176e-16
0.000e+00 0.000e+00 0.000e+00 0.000e+00 0.000e+00 0.000e+00 0.000e+00 0.000e+00 0.000e+00 0.000e+00 0.000e+00 0.000e+00 1.835e-15 3.365e-15 3.670e-15 1.835e-15 1.223e-15 1.529e-15 1.835e-15 0.000e+00
0.000e+00 0.000e+00 0.000e+00 0.000e+00 0.000e+00 0.000e+00 0.000e+00 0.000e+00 0.000e+00 0.000e+00 0.000e+00 0.000e+00 6.117e-16 9.176e-16 1.223e-15 1.223e-15 3.059e-15 2.141e-15 9.176e-16 0.000e+00
0.000e+00 0.000e+00 0.000e+00 0.000e+00 0.000e+00 0.000e+00 0.000e+00 0.000e+00 0.000e+00 0.000e+00 0.000e+00 0.000e+00 0.000e+00 0.000e+00 0.000e+00 3.059e-16 3.059e-15 9.176e-16 0.000e+00 0.000e+00
0.000e+00 0.000e+00 0.000e+00 0.000e+00 0.000e+00 0.000e+00 0.000e+00 0.000e+00 0.000e+00 0.000e+00 0.000e+00 0.000e+00 0.000e+00 0.000e+00 2.141e-15 4.894e-15 2.447e-15 0.000e+00 0.000e+00 0.000e+00
0.000e+00 0.000e+00 0.000e+00 0.000e+00 0.000e+00 0.000e+00 0.000e+00 0.000e+00 0.000e+00 0.000e+00 0.000e+00 0.000e+00 6.117e-16 3.059e-16 1.835e-15 3.365e-15 1.223e-15 0.000e+00 0.000e+00 0.000e+00
0.000e+00 0.000e+00 0.000e+00 0.000e+00 0.000e+00 0.000e+00 0.000e+00 0.000e+00 0.000e+00 0.000e+00 0.000e+00 0.000e+00 0.000e+00 0.000e+00 2.447e-15 3.059e-15 0.000e+00 0.000e+00 0.000e+00 0.000e+00
0.000e+00 0.000e+00 0.000e+00 0.000e+00 0.000e+00 0.000e+00 0.000e+00 0.000e+00 0.000e+00 0.000e+00 0.000e+00 0.000e+00 9.176e-16 1.223e-15 3.059e-15 9.176e-16 3.059e-16 0.000e+00 0.000e+00 0.000e+00
0.000e+00 0.000e+00 0.000e+00 0.000e+00 0.000e+00 0.000e+00 0.000e+00 0.000e+00 0.000e+00 0.000e+00 3.059e-16 0.000e+00 9.176e-16 2.141e-15 3.365e-15 1.529e-15 6.117e-16 0.000e+00 0.000e+00 0.000e+00
0.000e+00 0.000e+00 0.000e+00 0.000e+00 0.000e+00 0.000e+00 0.000e+00 0.000e+00 0.000e+00 0.000e+00 3.059e-16 3.059e-16 9.176e-16 1.223e-15 6.117e-16 0.000e+00 0.000e+00 0.000e+00 0.000e+00 0.000e+00
# 2D Marginal for parameters Pzz and Pxy with ranges 1.2795e+07 3.4044e+07 and -9.9690e+06 -3.7222e+05
0.000e+00 0.000e+00 0.000e+00 0.000e+00 0.000e+00 0.000e+00 0.000e+00 0.000e+00 0.000e+00 0.000e+00 0.000e+00 0.000e+00 1.769e-16 1.769e-16 1.769e-16 5.307e-16 8.138e-15 1.840e-14 7.607e-15 7.076e-15
0.000e+00 0.000e+00 0.000e+00 0.000e+00 0.000e+00 0.000e+00 0.000e+00 0.000e+00 0.000e+00 1.769e-16 1.769e-16 7.076e-16 4.069e-15 1.008e-14 5.484e-15 1.238e-14 3.114e-14 1.327e-14 8.845e-15 1.574e-14
0.000e+00 0.000e+00 0.000e+00 0.000e+00 0.000e+00 0.000e+00 0.000e+00 0.000e+00 0.000e+00 8.845e-16 1.415e-15 2.830e-15 7.607e-15 7.607e-15 1.238e-15 2.105e-14 2.724e-14 1.946e-15 9.199e-15 1.026e-14
0.000e+00 0.000e+00 0.000e+00 0.000e+00 0.000e+00 0.000e+00 0.000e+00 0.000e+00 1.769e-16 1.946e-15 2.654e-15 1.415e-15 7.076e-16 0.000e+00 7.076e-16 1.716e-14 1.645e-14 7.076e-16 3.025e-14 6.209e-14
0.000e+00 0.000e+00 0.000e+00 0.000e+00 0.000e+00 0.000e+00 1.769e-16 5.307e-16 8.845e-16 1.592e-15 2.123e-15 0.000e+00 0.000e+00 0.000e+00 0.000e+00 2.477e-15 2.477e-15 6.015e-15 1.289e-12 1.536e-13
0.000e+00 0.000e+00 0.000e+00 0.000e+00 3.538e-16 1.769e-16 0.000e+00 1.769e-16 7.076e-16 3.538e-16 0.000e+00 0.000e+00 0.000e+00 0.000e+00 0.000e+00 0.000e+00 0.000e+00 3.538e-16 3.874e-14 4.087e-14
0.000e+00 0.000e+00 0.000e+00 0.000e+00 5.307e-16 1.238e-15 5.307e-16 1.769e-16 1.769e-16 0.000e+00 0.000e+00 0.000e+00 0.000e+00 0.000e+00 0.000e+00 0.000e+00 0.000e+00 0.000e+00 0.000e+00 0.000e+00
0.000e+00 0.000e+00 3.538e-16 0.000e+00 0.000e+00 7.076e-16 5.307e-16 0.000e+00 0.000e+00 0.000e+00 0.000e+00 0.000e+00 0.000e+00 0.000e+00 0.000e+00 0.000e+00 0.000e+00 0.000e+00 0.000e+00 0.000e+00
0.000e+00 0.000e+00 0.000e+00 0.000e+00 1.769e-16 3.538e-16 5.307e-16 0.000e+00 0.000e+00 0.000e+00 0.000e+00 0.000e+00 0.000e+00 0.000e+00 0.000e+00 0.000e+00 0.000e+00 0.000e+00 0.000e+00 0.000e+00
0.000e+00 0.000e+00 3.538e-16 7.076e-16 7.076e-16 3.538e-16 0.000e+00 0.000e+00 0.000e+00 0.000e+00 0.000e+00 0.000e+00 0.000e+00 0.000e+00 0.000e+00 0.000e+00 0.000e+00 0.000e+00 0.000e+00 0.000e+00
0.000e+00 0.000e+00 1.946e-15 1.061e-15 1.238e-15 3.538e-16 5.307e-16 0.000e+00 0.000e+00 0.000e+00 0.000e+00 0.000e+00 0.000e+00 0.000e+00 0.000e+00 0.000e+00 0.000e+00 0.000e+00 0.000e+00 0.000e+00
0.000e+00 0.000e+00 1.415e-15 3.538e-15 2.123e-15 3.538e-16 3.538e-16 1.769e-16 0.000e+00 0.000e+00 0.000e+00 0.000e+00 0.000e+00 0.000e+00 0.000e+00 0.000e+00 0.000e+00 0.000e+00 0.000e+00 0.000e+00
0.000e+00 0.000e+00 0.000e+00 7.076e-16 3.361e-15 0.000e+00 0.000e+00 0.000e+00 0.000e+00 0.000e+00 0.000e+00 0.000e+00 0.000e+00 0.000e+00 0.000e+00 0.000e+00 0.000e+00 0.000e+00 0.000e+00 0.000e+00
0.000e+00 0.000e+00 0.000e+00 1.238e-15 2.477e-15 0.000e+00 0.000e+00 0.000e+00 0.000e+00 0.000e+00 0.000e+00 0.000e+00 0.000e+00 0.000e+00 0.000e+00 0.000e+00 0.000e+00 0.000e+00 0.000e+00 0.000e+00
0.000e+00 0.000e+00 0.000e+00 2.654e-15 3.007e-15 1.769e-16 0.000e+00 0.000e+00 0.000e+00 0.000e+00 0.000e+00 0.000e+00 0.000e+00 0.000e+00 0.000e+00 0.000e+00 0.000e+00 0.000e+00 0.000e+00 0.000e+00
0.000e+00 0.000e+00 0.000e+00 5.307e-16 1.946e-15 1.769e-16 0.000e+00 0.000e+00 0.000e+00 0.000e+00 0.000e+00 0.000e+00 0.000e+00 0.000e+00 0.000e+00 0.000e+00 0.000e+00 0.000e+00 0.000e+00 0.000e+00
0.000e+00 0.000e+00 1.769e-16 1.238e-15 2.123e-15 0.000e+00 0.000e+00 0.000e+00 0.000e+00 0.000e+00 0.000e+00 0.000e+00 0.000e+00 0.000e+00 0.000e+00 0.000e+00 0.000e+00 0.000e+00 0.000e+00 0.000e+00
0.000e+00 0.000e+00 1.061e-15 1.946e-15 1.769e-16 0.000e+00 0.000e+00 0.000e+00 0.000e+00 0.000e+00 0.000e+00 0.000e+00 0.000e+00 0.000e+00 0.000e+00 0.000e+00 0.000e+00 0.000e+00 0.000e+00 0.000e+00
1.415e-15 2.300e-15 1.592e-15 0.000e+00 1.769e-16 0.000e+00 0.000e+00 0.000e+00 0.000e+00 0.000e+00 0.000e+00 0.000e+00 0.000e+00 0.000e+00 0.000e+00 0.000e+00 0.000e+00 0.000e+00 0.000e+00 0.000e+00
3.538e-16 3.538e-16 1.061e-15 1.769e-16 0.000e+00 0.000e+00 0.000e+00 0.000e+00 0.000e+00 0.000e+00 0.000e+00 0.000e+00 0.000e+00 0.000e+00 0.000e+00 0.000e+00 0.000e+00 0.000e+00 0.000e+00 0.000e+00
# 2D Marginal for parameters Pzz and Pyz with ranges 1.2795e+07 3.4044e+07 and -3.5198e+06 3.5040e+06
0.000e+00 0.000e+00 0.000e+00 0.000e+00 0.000e+00 0.000e+00 0.000e+00 0.000e+00 0.000e+00 0.000e+00 0.000e+00 0.000e+00 1.064e-14 7.735e-15 1.571e-14 4.593e-15 1.547e-14 2.901e-15 7.251e-16 0.000e+00
0.000e+00 0.000e+00 0.000e+00 0.000e+00 0.000e+00 0.000e+00 0.000e+00 0.000e+00 0.000e+00 0.000e+00 0.000e+00 8.943e-15 2.296e-14 7.251e-16 1.934e-15 1.692e-14 3.553e-14 2.441e-14 2.175e-14 6.284e-15
0.000e+00 0.000e+00 0.000e+00 0.000e+00 0.000e+00 0.000e+00 0.000e+00 0.000e+00 0.000e+00 0.000e+00 4.834e-16 2.369e-14 4.593e-15 7.251e-16 1.015e-14 2.296e-14 2.200e-14 2.465e-14 1.523e-14 2.417e-16
0.000e+00 0.000e+00 0.000e+00 0.000e+00 0.000e+00 0.000e+00 0.000e+00 0.000e+00 0.000e+00 0.000e+00 2.804e-14 8.943e-14 1.257e-14 2.417e-15 5.559e-15 1.064e-14 1.523e-14 1.861e-14 9.668e-16 0.000e+00
0.000e+00 0.000e+00 0.000e+00 0.000e+00 0.000e+00 0.000e+00 0.000e+00 0.000e+00 0.000e+00 2.287e-13 1.692e-12 6.260e-14 1.692e-15 1.209e-15 1.450e-15 2.901e-15 2.417e-15 2.417e-16 0.000e+00 0.000e+00
0.000e+00 0.000e+00 0.000e+00 0.000e+00 0.000e+00 0.000e+00 0.000e+00 0.000e+00 0.000e+00 4.593e-14 6.405e-14 1.209e-15 4.834e-16 0.000e+00 0.000e+00 0.000e+00 0.000e+00 0.000e+00 0.000e+00 0.000e+00
0.000e+00 0.000e+00 0.000e+00 0.000e+00 0.000e+00 0.000e+00 0.000e+00 0.000e+00 0.000e+00 4.834e-16 1.209e-15 9.668e-16 9.668e-16 0.000e+00 0.000e+00 0.000e+00 0.000e+00 0.000e+00 0.000e+00 0.000e+00
0.000e+00 0.000e+00 0.000e+00 0.000e+00 0.000e+00 0.000e+00 0.000e+00 0.000e+00 0.000e+00 7.251e-16 7.251e-16 7.251e-16 0.000e+00 0.000e+00 0.000e+00 0.000e+00 0.000e+00 0.000e+00 0.000e+00 0.000e+00
0.000e+00 0.000e+00 0.000e+00 0.000e+00 0.000e+00 0.000e+00 0.000e+00 0.000e+00 2.417e-16 1.209e-15 0.000e+00 0.000e+00 0.000e+00 0.000e+00 0.000e+00 0.000e+00 0.000e+00 0.000e+00 0.000e+00 0.000e+00
0.000e+00 0.000e+00 0.000e+00 0.000e+00 0.000e+00 0.000e+00 4.834e-16 1.692e-15 4.834e-16 2.417e-16 0.000e+00 0.000e+00 0.000e+00 0.000e+00 0.000e+00 0.000e+00 0.000e+00 0.000e+00 0.000e+00 0.000e+00
0.000e+00 0.000e+00 0.000e+00 0.000e+00 0.000e+00 2.659e-15 3.384e-15 9.668e-16 0.000e+00 0.000e+00 0.000e+00 0.000e+00 0.000e+00 0.000e+00 0.000e+00 0.000e+00 0.000e+00 0.000e+00 0.000e+00 0.000e+00
0.000e+00 0.000e+00 0.000e+00 2.417e-16 4.593e-15 4.351e-15 1.692e-15 0.000e+00 0.000e+00 0.000e+00 0.000e+00 0.000e+00 0.000e+00 0.000e+00 0.000e+00 0.000e+00 0.000e+00 0.000e+00 0.000e+00 0.000e+00
0.000e+00 0.000e+00 4.834e-16 2.901e-15 2.175e-15 0.000e+00 0.000e+00 0.000e+00 0.000e+00 0.000e+00 0.000e+00 0.000e+00 0.000e+00 0.000e+00 0.000e+00 0.000e+00 0.000e+00 0.000e+00 0.000e+00 0.000e+00
0.000e+00 9.668e-16 3.384e-15 7.251e-16 0.000e+00 0.000e+00 0.000e+00 0.000e+00 0.000e+00 0.000e+00 0.000e+00 0.000e+00 0.000e+00 0.000e+00 0.000e+00 0.000e+00 0.000e+00 0.000e+00 0.000e+00 0.000e+00
2.417e-16 6.768e-15 9.668e-16 0.000e+00 0.000e+00 0.000e+00 0.000e+00 0.000e+00 0.000e+00 0.000e+00 0.000e+00 0.000e+00 0.000e+00 0.000e+00 0.000e+00 0.000e+00 0.000e+00 0.000e+00 0.000e+00 0.000e+00
1.209e-15 2.417e-15 0.000e+00 0.000e+00 0.000e+00 0.000e+00 0.000e+00 0.000e+00 0.000e+00 0.000e+00 0.000e+00 0.000e+00 0.000e+00 0.000e+00 0.000e+00 0.000e+00 0.000e+00 0.000e+00 0.000e+00 0.000e+00
9.668e-16 3.867e-15 0.000e+00 0.000e+00 0.000e+00 0.000e+00 0.000e+00 0.000e+00 0.000e+00 0.000e+00 0.000e+00 0.000e+00 0.000e+00 0.000e+00 0.000e+00 0.000e+00 0.000e+00 0.000e+00 0.000e+00 0.000e+00
7.251e-16 2.417e-15 1.209e-15 0.000e+00 0.000e+00 0.000e+00 0.000e+00 0.000e+00 0.000e+00 0.000e+00 0.000e+00 0.000e+00 0.000e+00 0.000e+00 0.000e+00 0.000e+00 0.000e+00 0.000e+00 0.000e+00 0.000e+00
1.450e-15 3.142e-15 2.417e-15 4.834e-16 0.000e+00 0.000e+00 0.000e+00 0.000e+00 0.000e+00 0.000e+00 0.000e+00 0.000e+00 0.000e+00 0.000e+00 0.000e+00 0.000e+00 0.000e+00 0.000e+00 0.000e+00 0.000e+00
2.417e-16 2.417e-16 1.692e-15 4.834e-16 0.000e+00 0.000e+00 0.000e+00 0.000e+00 0.000e+00 0.000e+00 0.000e+00 0.000e+00 0.000e+00 0.000e+00 0.000e+00 0.000e+00 0.000e+00 0.000e+00 0.000e+00 0.000e+00
# 2D Marginal for parameters Pzz and Pzx with ranges 1.2795e+07 3.4044e+07 and -5.8946e+05 3.0012e+06
0.000e+00 0.000e+00 0.000e+00 0.000e+00 4.728e-15 2.459e-14 8.038e-15 1.324e-14 1.844e-14 2.979e-14 1.135e-14 0.000e+00 0.000e+00 1.418e-15 1.418e-15 0.000e+00 0.000e+00 0.000e+00 0.000e+00 0.000e+00
0.000e+00 0.000e+00 0.000e+00 4.728e-16 4.019e-14 2.128e-14 9.456e-16 4.728e-16 2.837e-15 3.404e-14 1.040e-14 6.761e-14 1.986e-14 2.979e-14 4.444e-14 4.728e-16 0.000e+00 0.000e+00 0.000e+00 0.000e+00
0.000e+00 4.728e-16 1.466e-14 1.324e-14 2.648e-14 9.456e-16 0.000e+00 0.000e+00 0.000e+00 4.728e-16 4.728e-16 2.033e-14 6.478e-14 4.775e-14 4.917e-14 5.201e-15 0.000e+00 0.000e+00 0.000e+00 0.000e+00
7.092e-15 5.721e-14 1.678e-13 1.513e-14 0.000e+00 0.000e+00 0.000e+00 0.000e+00 0.000e+00 0.000e+00 0.000e+00 3.310e-15 8.322e-14 5.201e-15 9.456e-15 8.511e-15 1.891e-15 0.000e+00 0.000e+00 0.000e+00
1.003e-12 2.719e-12 1.461e-13 2.837e-15 0.000e+00 0.000e+00 0.000e+00 0.000e+00 0.000e+00 0.000e+00 0.000e+00 4.728e-16 1.277e-14 4.728e-16 1.418e-15 4.255e-15 7.565e-15 9.456e-16 0.000e+00 0.000e+00
6.667e-14 1.409e-13 6.147e-15 0.000e+00 0.000e+00 0.000e+00 0.000e+00 0.000e+00 0.000e+00 0.000e+00 0.000e+00 0.000e+00 0.000e+00 0.000e+00 0.000e+00 0.000e+00 3.310e-15 1.418e-15 0.000e+00 0.000e+00
0.000e+00 0.000e+00 0.000e+00 0.000e+00 0.000e+00 0.000e+00 0.000e+00 0.000e+00 0.000e+00 0.000e+00 0.000e+00 0.000e+00 0.000e+00 0.000e+00 0.000e+00 1.418e-15 2.837e-15 2.364e-15 4.728e-16 0.000e+00
0.000e+00 0.000e+00 0.000e+00 0.000e+00 0.000e+00 0.000e+00 0.000e+00 0.000e+00 0.000e+00 0.000e+00 0.000e+00 0.000e+00 0.000e+00 0.000e+00 9.456e-16 0.000e+00 1.891e-15 9.456e-16 4.728e-16 0.000e+00
0.000e+00 0.000e+00 0.000e+00 0.000e+00 0.000e+00 0.000e+00 0.000e+00 0.000e+00 0.000e+00 0.000e+00 0.000e+00 0.000e+00 0.000e+00 0.000e+00 0.000e+00 0.000e+00 1.418e-15 9.456e-16 4.728e-16 0.000e+00
0.000e+00 0.000e+00 0.000e+00 0.000e+00 0.000e+00 0.000e+00 0.000e+00 0.000e+00 0.000e+00 0.000e+00 0.000e+00 0.000e+00 9.456e-16 4.728e-16 9.456e-16 1.891e-15 1.418e-15 0.000e+00 0.000e+00 0.000e+00
0.000e+00 0.000e+00 0.000e+00 0.000e+00 0.000e+00 0.000e+00 0.000e+00 0.000e+00 0.000e+00 0.000e+00 0.000e+00 0.000e+00 1.891e-15 4.255e-15 1.891e-15 2.364e-15 1.418e-15 4.728e-16 4.728e-16 9.456e-16
0.000e+00 0.000e+00 0.000e+00 0.000e+00 0.000e+00 0.000e+00 0.000e+00 0.000e+00 0.000e+00 0.000e+00 0.000e+00 0.000e+00 1.891e-15 2.837e-15 4.728e-15 3.783e-15 1.891e-15 1.418e-15 3.783e-15 9.456e-16
0.000e+00 0.000e+00 0.000e+00 0.000e+00 0.000e+00 0.000e+00 0.000e+00 0.000e+00 0.000e+00 0.000e+00 0.000e+00 0.000e+00 0.000e+00 0.000e+00 9.456e-16 4.728e-16 4.728e-15 3.310e-15 1.418e-15 0.000e+00
0.000e+00 0.000e+00 0.000e+00 0.000e+00 0.000e+00 0.000e+00 0.000e+00 0.000e+00 0.000e+00 0.000e+00 0.000e+00 0.000e+00 0.000e+00 0.000e+00 4.728e-16 1.418e-15 6.147e-15 1.891e-15 0.000e+00 0.000e+00
0.000e+00 0.000e+00 0.000e+00 0.000e+00 0.000e+00 0.000e+00 0.000e+00 0.000e+00 0.000e+00 0.000e+00 0.000e+00 0.000e+00 9.456e-16 4.728e-16 3.783e-15 8.038e-15 2.364e-15 0.000e+00 0.000e+00 0.000e+00
0.000e+00 0.000e+00 0.000e+00 0.000e+00 0.000e+00 0.000e+00 0.000e+00 0.000e+00 0.000e+00 0.000e+00 0.000e+00 0.000e+00 0.000e+00 0.000e+00 2.364e-15 3.310e-15 1.418e-15 0.000e+00 0.000e+00 0.000e+00
0.000e+00 0.000e+00 0.000e+00 0.000e+00 0.000e+00 0.000e+00 0.000e+00 0.000e+00 0.000e+00 0.000e+00 0.000e+00 0.000e+00 0.000e+00 4.728e-16 3.310e-15 5.201e-15 4.728e-16 0.000e+00 0.000e+00 0.000e+00
0.000e+00 0.000e+00 0.000e+00 0.000e+00 0.000e+00 0.000e+00 0.000e+00 0.000e+00 0.000e+00 0.000e+00 0.000e+00 0.000e+00 0.000e+00 1.418e-15 5.201e-15 1.418e-15 4.728e-16 0.000e+00 0.000e+00 0.000e+00
0.000e+00 0.000e+00 0.000e+00 0.000e+00 0.000e+00 0.000e+00 0.000e+00 0.000e+00 0.000e+00 0.000e+00 4.728e-16 4.728e-16 3.310e-15 4.255e-15 3.783e-15 1.418e-15 9.456e-16 0.000e+00 0.000e+00 0.000e+00
0.000e+00 0.000e+00 0.000e+00 0.000e+00 0.000e+00 0.000e+00 0.000e+00 0.000e+00 0.000e+00 0.000e+00 4.728e-16 0.000e+00 9.456e-16 9.456e-16 1.891e-15 9.456e-16 0.000e+00 0.000e+00 0.000e+00 0.000e+00
# 2D Marginal for parameters Pxy and Pyz with ranges -9.9690e+06 -3.7222e+05 and -3.5198e+06 3.5040e+06
5.352e-16 1.606e-15 2.676e-15 5.352e-16 0.000e+00 0.000e+00 0.000e+00 0.000e+00 0.000e+00 0.000e+00 0.000e+00 0.000e+00 0.000e+00 0.000e+00 0.000e+00 0.000e+00 0.000e+00 0.000e+00 0.000e+00 0.000e+00
2.141e-15 2.676e-15 2.141e-15 1.070e-15 0.000e+00 0.000e+00 0.000e+00 0.000e+00 0.000e+00 0.000e+00 0.000e+00 0.000e+00 0.000e+00 0.000e+00 0.000e+00 0.000e+00 0.000e+00 0.000e+00 0.000e+00 0.000e+00
1.606e-15 5.352e-15 4.282e-15 5.352e-16 0.000e+00 6.422e-15 4.817e-15 0.000e+00 0.000e+00 0.000e+00 0.000e+00 1.070e-15 0.000e+00 0.000e+00 0.000e+00 0.000e+00 0.000e+00 0.000e+00 0.000e+00 0.000e+00
3.211e-15 1.338e-14 6.422e-15 5.352e-16 6.958e-15 6.958e-15 2.141e-15 1.606e-15 5.352e-16 0.000e+00 0.000e+00 0.000e+00 0.000e+00 0.000e+00 0.000e+00 0.000e+00 0.000e+00 0.000e+00 0.000e+00 0.000e+00
3.211e-15 1.980e-14 6.958e-15 7.493e-15 8.028e-15 1.070e-15 2.676e-15 2.141e-15 5.352e-16 1.070e-15 5.352e-16 5.352e-16 1.606e-15 0.000e+00 0.000e+00 0.000e+00 0.000e+00 0.000e+00 0.000e+00 0.000e+00
0.000e+00 1.070e-15 0.000e+00 5.352e-16 0.000e+00 0.000e+00 1.070e-15 1.606e-15 5.352e-16 1.606e-15 2.141e-15 1.606e-15 1.606e-15 0.000e+00 0.000e+00 0.000e+00 0.000e+00 0.000e+00 0.000e+00 0.000e+00
0.000e+00 0.000e+00 0.000e+00 0.000e+00 0.000e+00 5.352e-16 1.606e-15 5.352e-16 0.000e+00 2.676e-15 2.141e-15 0.000e+00 0.000e+00 5.352e-16 0.000e+00 0.000e+00 0.000e+00 0.000e+00 0.000e+00 0.000e+00
0.000e+00 0.000e+00 0.000e+00 0.000e+00 0.000e+00 5.352e-16 0.000e+00 0.000e+00 0.000e+00 0.000e+00 0.000e+00 1.070e-15 1.606e-15 0.000e+00 0.000e+00 0.000e+00 0.000e+00 0.000e+00 0.000e+00 0.000e+00
0.000e+00 0.000e+00 0.000e+00 0.000e+00 0.000e+00 0.000e+00 0.000e+00 0.000e+00 0.000e+00 5.352e-16 1.606e-15 2.676e-15 1.070e-15 0.000e+00 0.000e+00 0.000e+00 0.000e+00 0.000e+00 0.000e+00 0.000e+00
0.000e+00 0.000e+00 0.000e+00 0.000e+00 0.000e+00 0.000e+00 0.000e+00 0.000e+00 0.000e+00 0.000e+00 2.141e-15 5.352e-15 3.746e-15 1.606e-15 1.070e-15 1.070e-15 0.000e+00 0.000e+00 0.000e+00 0.000e+00
0.000e+00 0.000e+00 0.000e+00 0.000e+00 0.000e+00 0.000e+00 0.000e+00 0.000e+00 0.000e+00 0.000e+00 1.070e-15 2.676e-15 3.211e-15 6.422e-15 1.070e-15 3.211e-15 1.606e-15 0.000e+00 0.000e+00 0.000e+00
0.000e+00 0.000e+00 0.000e+00 0.000e+00 0.000e+00 0.000e+00 0.000e+00 0.000e+00 0.000e+00 0.000e+00 0.000e+00 0.000e+00 0.000e+00 5.352e-16 5.887e-15 4.282e-15 4.282e-15 0.000e+00 0.000e+00 0.000e+00
0.000e+00 0.000e+00 0.000e+00 0.000e+00 0.000e+00 0.000e+00 0.000e+00 0.000e+00 0.000e+00 0.000e+00 0.000e+00 0.000e+00 0.000e+00 5.352e-16 1.606e-15 9.634e-15 1.713e-14 8.563e-15 5.352e-16 0.000e+00
0.000e+00 0.000e+00 0.000e+00 0.000e+00 0.000e+00 0.000e+00 0.000e+00 0.000e+00 0.000e+00 0.000e+00 0.000e+00 0.000e+00 0.000e+00 0.000e+00 0.000e+00 5.352e-16 8.563e-15 3.051e-14 1.445e-14 0.000e+00
0.000e+00 0.000e+00 0.000e+00 0.000e+00 0.000e+00 0.000e+00 0.000e+00 0.000e+00 0.000e+00 0.000e+00 0.000e+00 0.000e+00 0.000e+00 0.000e+00 5.352e-16 1.070e-15 6.422e-15 9.098e-15 5.887e-15 0.000e+00
0.000e+00 0.000e+00 0.000e+00 0.000e+00 0.000e+00 0.000e+00 0.000e+00 0.000e+00 0.000e+00 0.000e+00 0.000e+00 0.000e+00 0.000e+00 0.000e+00 2.569e-14 4.977e-14 4.496e-14 2.890e-14 8.563e-15 4.282e-15
0.000e+00 0.000e+00 0.000e+00 0.000e+00 0.000e+00 0.000e+00 0.000e+00 0.000e+00 0.000e+00 0.000e+00 0.000e+00 0.000e+00 0.000e+00 1.606e-15 1.177e-14 2.194e-14 8.189e-14 7.600e-14 5.566e-14 9.634e-15
0.000e+00 0.000e+00 0.000e+00 0.000e+00 0.000e+00 0.000e+00 0.000e+00 0.000e+00 0.000e+00 4.282e-15 1.445e-14 4.817e-15 1.070e-15 2.141e-15 2.462e-14 3.425e-14 3.265e-14 3.746e-15 5.352e-16 5.352e-16
0.000e+00 0.000e+00 0.000e+00 0.000e+00 0.000e+00 0.000e+00 0.000e+00 0.000e+00 0.000e+00 5.604e-13 3.422e-12 1.595e-13 2.301e-14 1.124e-14 4.817e-15 2.676e-15 3.211e-15 0.000e+00 0.000e+00 0.000e+00
0.000e+00 0.000e+00 0.000e+00 0.000e+00 0.000e+00 0.000e+00 0.000e+00 0.000e+00 0.000e+00 4.335e-14 5.106e-13 2.360e-13 8.242e-14 3.746e-15 0.000e+00 0.000e+00 0.000e+00 0.000e+00 0.000e+00 0.000e+00
# 2D Marginal for parameters Pxy and Pzx with ranges -9.9690e+06 -3.7222e+05 and -5.8946e+05 3.0012e+06
0.000e+00 0.000e+00 0.000e+00 0.000e+00 0.000e+00 0.000e+00 0.000e+00 0.000e+00 0.000e+00 0.000e+00 1.047e-15 0.000e+00 2.094e-15 4.188e-15 1.047e-15 2.094e-15 0.000e+00 0.000e+00 0.000e+00 0.000e+00
0.000e+00 0.000e+00 0.000e+00 0.000e+00 0.000e+00 0.000e+00 0.000e+00 0.000e+00 0.000e+00 0.000e+00 0.000e+00 1.047e-15 4.188e-15 4.188e-15 4.188e-15 1.047e-15 1.047e-15 0.000e+00 0.000e+00 0.000e+00
0.000e+00 0.000e+00 0.000e+00 0.000e+00 0.000e+00 0.000e+00 0.000e+00 0.000e+00 0.000e+00 0.000e+00 1.047e-15 0.000e+00 7.328e-15 1.675e-14 1.675e-14 4.188e-15 1.047e-15 0.000e+00 0.000e+00 0.000e+00
0.000e+00 0.000e+00 0.000e+00 0.000e+00 0.000e+00 0.000e+00 0.000e+00 0.000e+00 0.000e+00 0.000e+00 0.000e+00 0.000e+00 7.328e-15 8.375e-15 3.245e-14 1.884e-14 1.152e-14 1.047e-15 1.047e-15 1.047e-15
0.000e+00 0.000e+00 0.000e+00 0.000e+00 0.000e+00 0.000e+00 0.000e+00 0.000e+00 0.000e+00 0.000e+00 0.000e+00 0.000e+00 1.047e-15 0.000e+00 1.256e-14 3.978e-14 3.036e-14 1.152e-14 1.047e-14 3.141e-15
0.000e+00 0.000e+00 0.000e+00 0.000e+00 0.000e+00 0.000e+00 0.000e+00 0.000e+00 0.000e+00 0.000e+00 0.000e+00 0.000e+00 0.000e+00 0.000e+00 0.000e+00 2.094e-15 1.466e-14 4.188e-15 2.094e-15 0.000e+00
0.000e+00 0.000e+00 0.000e+00 0.000e+00 0.000e+00 0.000e+00 0.000e+00 0.000e+00 0.000e+00 0.000e+00 0.000e+00 0.000e+00 0.000e+00 0.000e+00 0.000e+00 1.047e-15 4.188e-15 8.375e-15 2.094e-15 0.000e+00
0.000e+00 0.000e+00 0.000e+00 0.000e+00 0.000e+00 0.000e+00 0.000e+00 0.000e+00 0.000e+00 0.000e+00 0.000e+00 0.000e+00 0.000e+00 0.000e+00 0.000e+00 1.047e-15 3.141e-15 2.094e-15 0.000e+00 0.000e+00
0.000e+00 0.000e+00 0.000e+00 0.000e+00 0.000e+00 0.000e+00 0.000e+00 0.000e+00 0.000e+00 0.000e+00 0.000e+00 0.000e+00 0.000e+00 0.000e+00 0.000e+00 0.000e+00 1.047e-14 1.047e-15 0.000e+00 0.000e+00
0.000e+00 0.000e+00 0.000e+00 0.000e+00 0.000e+00 0.000e+00 0.000e+00 0.000e+00 0.000e+00 0.000e+00 0.000e+00 0.000e+00 0.000e+00 0.000e+00 2.094e-15 1.466e-14 1.047e-14 2.094e-15 0.000e+00 0.000e+00
0.000e+00 0.000e+00 0.000e+00 0.000e+00 0.000e+00 0.000e+00 0.000e+00 0.000e+00 0.000e+00 0.000e+00 0.000e+00 0.000e+00 0.000e+00 0.000e+00 1.466e-14 2.094e-14 2.094e-15 0.000e+00 0.000e+00 0.000e+00
0.000e+00 0.000e+00 0.000e+00 0.000e+00 0.000e+00 0.000e+00 0.000e+00 0.000e+00 0.000e+00 0.000e+00 0.000e+00 0.000e+00 0.000e+00 1.047e-15 2.827e-14 0.000e+00 0.000e+00 0.000e+00 0.000e+00 0.000e+00
0.000e+00 0.000e+00 0.000e+00 0.000e+00 0.000e+00 0.000e+00 0.000e+00 0.000e+00 0.000e+00 0.000e+00 0.000e+00 0.000e+00 0.000e+00 2.199e-14 5.235e-14 0.000e+00 0.000e+00 0.000e+00 0.000e+00 0.000e+00
0.000e+00 0.000e+00 0.000e+00 0.000e+00 0.000e+00 0.000e+00 0.000e+00 0.000e+00 0.000e+00 0.000e+00 0.000e+00 0.000e+00 0.000e+00 1.256e-14 8.794e-14 5.235e-15 0.000e+00 0.000e+00 0.000e+00 0.000e+00
0.000e+00 0.000e+00 0.000e+00 0.000e+00 0.000e+00 0.000e+00 0.000e+00 0.000e+00 0.000e+00 0.000e+00 0.000e+00 0.000e+00 4.188e-15 7.328e-15 3.350e-14 0.000e+00 0.000e+00 0.000e+00 0.000e+00 0.000e+00
0.000e+00 0.000e+00 0.000e+00 0.000e+00 0.000e+00 0.000e+00 0.000e+00 0.000e+00 0.000e+00 0.000e+00 1.047e-15 6.177e-14 2.010e-13 3.769e-14 1.570e-14 0.000e+00 0.000e+00 0.000e+00 0.000e+00 0.000e+00
0.000e+00 0.000e+00 0.000e+00 0.000e+00 0.000e+00 0.000e+00 0.000e+00 5.235e-15 1.989e-14 1.152e-14 3.350e-14 1.392e-13 1.916e-13 1.047e-13 0.000e+00 0.000e+00 0.000e+00 0.000e+00 0.000e+00 0.000e+00
3.141e-15 3.350e-14 0.000e+00 2.094e-15 9.422e-15 0.000e+00 5.235e-15 1.884e-14 2.513e-14 1.214e-13 1.466e-14 2.094e-15 3.141e-15 2.094e-15 0.000e+00 0.000e+00 0.000e+00 0.000e+00 0.000e+00 0.000e+00
2.253e-12 5.605e-12 1.706e-13 1.675e-14 7.538e-14 3.559e-14 1.466e-14 6.281e-15 2.094e-15 9.422e-15 0.000e+00 0.000e+00 0.000e+00 0.000e+00 0.000e+00 0.000e+00 0.000e+00 0.000e+00 0.000e+00 0.000e+00
1.288e-13 8.218e-13 5.706e-13 5.130e-14 7.328e-14 6.805e-14 0.000e+00 0.000e+00 0.000e+00 0.000e+00 0.000e+00 0.000e+00 0.000e+00 0.000e+00 0.000e+00 0.000e+00 0.000e+00 0.000e+00 0.000e+00 0.000e+00
# 2D Marginal for parameters Pyz and Pzx with ranges -3.5198e+06 3.5040e+06 and -5.8946e+05 3.0012e+06
0.000e+00 0.000e+00 0.000e+00 0.000e+00 0.000e+00 0.000e+00 0.000e+00 0.000e+00 0.000e+00 0.000e+00 2.861e-15 1.430e-15 4.291e-15 5.722e-15 8.583e-15 5.722e-15 0.000e+00 0.000e+00 0.000e+00 0.000e+00
0.000e+00 0.000e+00 0.000e+00 0.000e+00 0.000e+00 0.000e+00 0.000e+00 0.000e+00 0.000e+00 0.000e+00 0.000e+00 0.000e+00 7.152e-15 8.583e-15 4.148e-14 4.577e-14 1.430e-14 0.000e+00 0.000e+00 0.000e+00
0.000e+00 0.000e+00 0.000e+00 0.000e+00 0.000e+00 0.000e+00 0.000e+00 0.000e+00 0.000e+00 0.000e+00 0.000e+00 0.000e+00 4.291e-15 8.583e-15 1.287e-14 8.583e-15 2.146e-14 4.291e-15 0.000e+00 0.000e+00
0.000e+00 0.000e+00 0.000e+00 0.000e+00 0.000e+00 0.000e+00 0.000e+00 0.000e+00 0.000e+00 0.000e+00 0.000e+00 0.000e+00 0.000e+00 0.000e+00 0.000e+00 7.152e-15 8.583e-15 8.583e-15 4.291e-15 0.000e+00
0.000e+00 0.000e+00 0.000e+00 0.000e+00 0.000e+00 0.000e+00 0.000e+00 0.000e+00 0.000e+00 0.000e+00 0.000e+00 0.000e+00 0.000e+00 1.430e-15 8.583e-15 1.430e-15 1.001e-14 5.722e-15 1.001e-14 2.861e-15
0.000e+00 0.000e+00 0.000e+00 0.000e+00 0.000e+00 0.000e+00 0.000e+00 0.000e+00 0.000e+00 0.000e+00 0.000e+00 0.000e+00 1.144e-14 1.001e-14 8.583e-15 7.152e-15 0.000e+00 0.000e+00 1.430e-15 2.861e-15
0.000e+00 0.000e+00 0.000e+00 0.000e+00 0.000e+00 0.000e+00 0.000e+00 0.000e+00 0.000e+00 0.000e+00 0.000e+00 0.000e+00 2.861e-15 1.001e-14 5.722e-15 5.722e-15 4.291e-15 2.861e-15 1.430e-15 0.000e+00
0.000e+00 0.000e+00 0.000e+00 0.000e+00 0.000e+00 0.000e+00 0.000e+00 0.000e+00 0.000e+00 0.000e+00 0.000e+00 0.000e+00 0.000e+00 1.430e-15 2.861e-15 7.152e-15 4.291e-15 0.000e+00 0.000e+00 0.000e+00
0.000e+00 0.000e+00 0.000e+00 0.000e+00 0.000e+00 0.000e+00 0.000e+00 0.000e+00 0.000e+00 0.000e+00 0.000e+00 0.000e+00 0.000e+00 0.000e+00 0.000e+00 2.861e-15 1.430e-15 0.000e+00 0.000e+00 0.000e+00
7.467e-13 8.697e-13 8.583e-15 0.000e+00 0.000e+00 0.000e+00 0.000e+00 0.000e+00 0.000e+00 0.000e+00 0.000e+00 0.000e+00 0.000e+00 0.000e+00 0.000e+00 1.430e-15 1.001e-14 2.861e-15 1.430e-15 0.000e+00
2.469e-12 7.661e-12 4.034e-13 1.287e-14 1.430e-15 0.000e+00 0.000e+00 0.000e+00 0.000e+00 0.000e+00 0.000e+00 0.000e+00 0.000e+00 0.000e+00 0.000e+00 2.861e-15 1.573e-14 7.152e-15 0.000e+00 0.000e+00
4.291e-14 2.961e-13 5.264e-13 7.581e-14 1.101e-13 1.717e-14 1.430e-15 0.000e+00 0.000e+00 0.000e+00 0.000e+00 0.000e+00 0.000e+00 0.000e+00 2.861e-15 1.144e-14 2.003e-14 4.291e-15 1.430e-15 0.000e+00
0.000e+00 0.000e+00 7.438e-14 7.152e-15 1.030e-13 9.870e-14 1.430e-15 0.000e+00 0.000e+00 0.000e+00 0.000e+00 0.000e+00 0.000e+00 0.000e+00 0.000e+00 1.717e-14 1.144e-14 4.291e-15 1.430e-15 0.000e+00
0.000e+00 0.000e+00 0.000e+00 0.000e+00 1.430e-15 2.432e-14 1.287e-14 8.583e-15 2.861e-15 0.000e+00 0.000e+00 0.000e+00 0.000e+00 0.000e+00 1.144e-14 1.287e-14 0.000e+00 1.430e-15 0.000e+00 0.000e+00
0.000e+00 0.000e+00 0.000e+00 0.000e+00 0.000e+00 1.430e-15 1.144e-14 3.290e-14 4.863e-14 1.001e-14 2.861e-15 0.000e+00 7.009e-14 5.722e-15 1.860e-14 4.291e-15 0.000e+00 0.000e+00 0.000e+00 0.000e+00
0.000e+00 0.000e+00 0.000e+00 0.000e+00 0.000e+00 0.000e+00 0.000e+00 0.000e+00 1.287e-14 9.298e-14 7.152e-15 2.289e-14 1.502e-13 1.573e-14 3.862e-14 2.861e-15 0.000e+00 0.000e+00 0.000e+00 0.000e+00
0.000e+00 0.000e+00 0.000e+00 0.000e+00 0.000e+00 0.000e+00 0.000e+00 0.000e+00 0.000e+00 8.296e-14 4.148e-14 1.888e-13 9.155e-14 4.577e-14 8.583e-14 0.000e+00 0.000e+00 0.000e+00 0.000e+00 0.000e+00
0.000e+00 0.000e+00 0.000e+00 0.000e+00 0.000e+00 0.000e+00 0.000e+00 0.000e+00 0.000e+00 8.583e-15 1.573e-14 5.865e-14 1.402e-13 7.438e-14 1.144e-13 7.152e-15 0.000e+00 0.000e+00 0.000e+00 0.000e+00
0.000e+00 0.000e+00 0.000e+00 0.000e+00 0.000e+00 0.000e+00 0.000e+00 0.000e+00 0.000e+00 0.000e+00 0.000e+00 7.152e-15 5.865e-14 1.116e-13 5.150e-14 0.000e+00 0.000e+00 0.000e+00 0.000e+00 0.000e+00
0.000e+00 0.000e+00 0.000e+00 0.000e+00 0.000e+00 0.000e+00 0.000e+00 0.000e+00 0.000e+00 0.000e+00 0.000e+00 0.000e+00 3.576e-14 2.861e-15 0.000e+00 0.000e+00 0.000e+00 0.000e+00 0.000e+00 0.000e+00
