# 2D Marginal for parameters xcen and ycen with ranges 4.2614e+05 4.2624e+05 and 4.5185e+06 4.5186e+06
0.000e+00 0.000e+00 0.000e+00 0.000e+00 0.000e+00 7.603e-06 0.000e+00 7.603e-06 7.603e-06 0.000e+00 0.000e+00 0.000e+00 0.000e+00 0.000e+00 0.000e+00 0.000e+00 0.000e+00 0.000e+00 0.000e+00 0.000e+00
0.000e+00 0.000e+00 0.000e+00 0.000e+00 0.000e+00 7.603e-06 0.000e+00 1.521e-05 1.521e-05 7.603e-06 1.521e-05 7.603e-06 0.000e+00 7.603e-06 0.000e+00 0.000e+00 0.000e+00 0.000e+00 0.000e+00 0.000e+00
7.603e-06 0.000e+00 7.603e-06 7.603e-06 2.281e-05 7.603e-06 0.000e+00 1.521e-05 2.281e-05 3.041e-05 2.281e-05 3.801e-05 7.603e-06 7.603e-06 0.000e+00 0.000e+00 7.603e-06 0.000e+00 0.000e+00 0.000e+00
0.000e+00 0.000e+00 7.603e-06 7.603e-06 1.521e-05 2.281e-05 5.322e-05 9.123e-05 6.843e-05 8.363e-05 9.123e-05 6.082e-05 6.082e-05 6.082e-05 7.603e-06 3.041e-05 2.281e-05 0.000e+00 7.603e-06 0.000e+00
0.000e+00 7.603e-06 0.000e+00 7.603e-06 4.562e-05 6.082e-05 1.064e-04 1.292e-04 2.129e-04 1.673e-04 2.205e-04 2.205e-04 2.205e-04 9.884e-05 8.363e-05 9.123e-05 1.521e-05 7.603e-06 0.000e+00 0.000e+00
0.000e+00 1.521e-05 7.603e-06 3.801e-05 9.884e-05 1.216e-04 2.433e-04 3.117e-04 3.954e-04 5.170e-04 5.854e-04 4.866e-04 4.106e-04 2.281e-04 1.825e-04 9.884e-05 6.082e-05 2.281e-05 7.603e-06 7.603e-06
0.000e+00 0.000e+00 3.801e-05 7.603e-05 1.369e-04 2.129e-04 4.486e-04 6.158e-04 7.831e-04 6.615e-04 7.299e-04 7.755e-04 4.866e-04 4.182e-04 3.345e-04 9.884e-05 5.322e-05 1.521e-05 2.281e-05 7.603e-06
2.281e-05 7.603e-06 6.082e-05 1.140e-04 2.281e-04 4.030e-04 5.550e-04 6.234e-04 8.819e-04 1.011e-03 1.232e-03 9.047e-04 7.451e-04 6.310e-04 3.117e-04 1.825e-04 5.322e-05 4.562e-05 7.603e-06 0.000e+00
0.000e+00 3.801e-05 3.801e-05 9.123e-05 2.661e-04 3.497e-04 5.626e-04 8.135e-04 1.019e-03 1.384e-03 1.148e-03 1.072e-03 9.123e-04 5.550e-04 3.269e-04 2.281e-04 1.292e-04 9.884e-05 0.000e+00 1.521e-05
2.281e-05 3.041e-05 3.801e-05 9.123e-05 3.117e-04 3.497e-04 5.398e-04 8.363e-04 1.004e-03 8.971e-04 1.163e-03 9.884e-04 7.603e-04 5.778e-04 3.725e-04 1.445e-04 1.140e-04 6.082e-05 2.281e-05 7.603e-06
1.521e-05 7.603e-06 4.562e-05 7.603e-05 1.140e-04 1.216e-04 3.345e-04 5.398e-04 6.158e-04 6.158e-04 7.299e-04 6.234e-04 6.615e-04 3.345e-04 2.433e-04 1.597e-04 3.801e-05 2.281e-05 7.603e-06 2.281e-05
0.000e+00 0.000e+00 2.281e-05 4.562e-05 9.123e-05 1.064e-04 2.281e-04 2.357e-04 4.030e-04 3.497e-04 4.714e-04 3.877e-04 2.813e-04 9.884e-05 1.369e-04 7.603e-05 3.801e-05 2.281e-05 0.000e+00 0.000e+00
0.000e+00 7.603e-06 7.603e-06 7.603e-06 2.281e-05 9.123e-05 8.363e-05 1.521e-04 1.216e-04 1.901e-04 1.445e-04 2.205e-04 1.369e-04 8.363e-05 4.562e-05 1.521e-05 1.521e-05 7.603e-06 0.000e+00 1.521e-05
0.000e+00 0.000e+00 0.000e+00 0.000e+00 7.603e-06 1.521e-05 4.562e-05 3.801e-05 3.801e-05 9.884e-05 6.082e-05 6.082e-05 3.041e-05 3.801e-05 7.603e-06 1.521e-05 2.281e-05 0.000e+00 0.000e+00 0.000e+00
0.000e+00 0.000e+00 0.000e+00 0.000e+00 0.000e+00 0.000e+00 0.000e+00 1.521e-05 1.521e-05 2.281e-05 1.521e-05 2.281e-05 7.603e-06 7.603e-06 0.000e+00 7.603e-06 7.603e-06 0.000e+00 0.000e+00 0.000e+00
0.000e+00 0.000e+00 0.000e+00 0.000e+00 0.000e+00 0.000e+00 0.000e+00 0.000e+00 0.000e+00 0.000e+00 0.000e+00 7.603e-06 7.603e-06 0.000e+00 0.000e+00 0.000e+00 0.000e+00 0.000e+00 0.000e+00 0.000e+00
0.000e+00 0.000e+00 0.000e+00 0.000e+00 0.000e+00 0.000e+00 0.000e+00 0.000e+00 0.000e+00 0.000e+00 0.000e+00 0.000e+00 0.000e+00 0.000e+00 0.000e+00 0.000e+00 0.000e+00 0.000e+00 0.000e+00 0.000e+00
0.000e+00 0.000e+00 0.000e+00 0.000e+00 0.000e+00 0.000e+00 0.000e+00 0.000e+00 0.000e+00 7.603e-06 0.000e+00 0.000e+00 0.000e+00 0.000e+00 0.000e+00 0.000e+00 0.000e+00 0.000e+00 0.000e+00 0.000e+00
0.000e+00 0.000e+00 0.000e+00 0.000e+00 0.000e+00 0.000e+00 0.000e+00 0.000e+00 0.000e+00 0.000e+00 0.000e+00 0.000e+00 0.000e+00 0.000e+00 0.000e+00 0.000e+00 0.000e+00 0.000e+00 0.000e+00 0.000e+00
0.000e+00 0.000e+00 0.000e+00 0.000e+00 0.000e+00 0.000e+00 0.000e+00 0.000e+00 0.000e+00 0.000e+00 0.000e+00 0.000e+00 0.000e+00 0.000e+00 7.603e-06 0.000e+00 0.000e+00 0.000e+00 0.000e+00 0.000e+00
# 2D Marginal for parameters xcen and depth with ranges 4.2614e+05 4.2624e+05 and 3.7315e+03 4.0140e+03
0.000e+00 0.000e+00 0.000e+00 0.000e+00 2.234e-06 4.468e-06 0.000e+00 0.000e+00 0.000e+00 0.000e+00 0.000e+00 0.000e+00 0.000e+00 0.000e+00 0.000e+00 0.000e+00 0.000e+00 0.000e+00 0.000e+00 0.000e+00
0.000e+00 0.000e+00 0.000e+00 8.936e-06 2.234e-06 6.702e-06 2.234e-06 2.234e-06 0.000e+00 0.000e+00 0.000e+00 0.000e+00 0.000e+00 0.000e+00 0.000e+00 0.000e+00 0.000e+00 0.000e+00 0.000e+00 0.000e+00
0.000e+00 0.000e+00 0.000e+00 8.936e-06 1.117e-05 1.564e-05 6.702e-06 1.564e-05 2.234e-06 0.000e+00 0.000e+00 0.000e+00 0.000e+00 0.000e+00 0.000e+00 0.000e+00 0.000e+00 0.000e+00 0.000e+00 0.000e+00
0.000e+00 4.468e-06 0.000e+00 2.457e-05 4.691e-05 5.585e-05 4.915e-05 1.787e-05 0.000e+00 2.234e-06 0.000e+00 0.000e+00 0.000e+00 0.000e+00 0.000e+00 0.000e+00 2.234e-06 0.000e+00 0.000e+00 0.000e+00
0.000e+00 2.234e-06 8.936e-06 5.585e-05 1.095e-04 1.452e-04 1.095e-04 5.585e-05 8.936e-06 0.000e+00 0.000e+00 0.000e+00 0.000e+00 0.000e+00 0.000e+00 2.234e-06 0.000e+00 0.000e+00 0.000e+00 0.000e+00
2.234e-06 6.702e-06 4.021e-05 1.407e-04 2.569e-04 2.971e-04 2.346e-04 1.251e-04 1.787e-05 6.702e-06 0.000e+00 0.000e+00 0.000e+00 0.000e+00 0.000e+00 0.000e+00 0.000e+00 0.000e+00 0.000e+00 0.000e+00
0.000e+00 6.702e-06 5.808e-05 1.899e-04 4.177e-04 5.049e-04 3.731e-04 1.340e-04 4.468e-05 4.468e-06 4.468e-06 0.000e+00 0.000e+00 0.000e+00 0.000e+00 0.000e+00 0.000e+00 0.000e+00 0.000e+00 0.000e+00
0.000e+00 2.011e-05 8.042e-05 2.658e-04 5.920e-04 6.769e-04 4.468e-04 2.011e-04 4.244e-05 2.234e-05 0.000e+00 0.000e+00 0.000e+00 0.000e+00 0.000e+00 2.234e-06 2.234e-06 0.000e+00 0.000e+00 4.468e-06
4.468e-06 3.128e-05 7.372e-05 3.329e-04 5.965e-04 7.394e-04 5.205e-04 2.792e-04 5.138e-05 1.340e-05 0.000e+00 0.000e+00 0.000e+00 2.234e-06 1.117e-05 2.234e-06 0.000e+00 0.000e+00 0.000e+00 0.000e+00
2.234e-06 1.117e-05 8.266e-05 2.703e-04 6.009e-04 6.612e-04 4.870e-04 2.457e-04 7.372e-05 4.468e-06 2.234e-06 2.234e-06 0.000e+00 0.000e+00 0.000e+00 0.000e+00 0.000e+00 2.234e-06 0.000e+00 2.234e-06
0.000e+00 1.564e-05 4.915e-05 1.899e-04 3.798e-04 4.066e-04 3.463e-04 1.184e-04 4.244e-05 1.117e-05 0.000e+00 0.000e+00 2.234e-06 0.000e+00 4.468e-06 0.000e+00 0.000e+00 0.000e+00 0.000e+00 0.000e+00
2.234e-06 1.564e-05 8.936e-06 9.606e-05 2.011e-04 2.524e-04 2.189e-04 5.138e-05 2.681e-05 2.234e-06 4.468e-06 0.000e+00 0.000e+00 0.000e+00 0.000e+00 0.000e+00 0.000e+00 0.000e+00 0.000e+00 0.000e+00
0.000e+00 4.468e-06 6.702e-06 4.021e-05 8.936e-05 1.206e-04 8.712e-05 3.351e-05 1.117e-05 4.468e-06 2.234e-06 0.000e+00 0.000e+00 0.000e+00 2.234e-06 0.000e+00 0.000e+00 0.000e+00 0.000e+00 0.000e+00
0.000e+00 0.000e+00 6.702e-06 2.011e-05 2.457e-05 5.138e-05 2.011e-05 8.936e-06 8.936e-06 0.000e+00 0.000e+00 0.000e+00 0.000e+00 0.000e+00 0.000e+00 0.000e+00 0.000e+00 0.000e+00 0.000e+00 0.000e+00
0.000e+00 0.000e+00 2.234e-06 4.468e-06 4.468e-06 6.702e-06 1.117e-05 2.234e-06 0.000e+00 0.000e+00 4.468e-06 0.000e+00 0.000e+00 0.000e+00 0.000e+00 0.000e+00 0.000e+00 0.000e+00 0.000e+00 0.000e+00
0.000e+00 0.000e+00 0.000e+00 0.000e+00 0.000e+00 0.000e+00 0.000e+00 2.234e-06 2.234e-06 0.000e+00 0.000e+00 0.000e+00 0.000e+00 0.000e+00 0.000e+00 0.000e+00 0.000e+00 0.000e+00 0.000e+00 0.000e+00
0.000e+00 0.000e+00 0.000e+00 0.000e+00 0.000e+00 0.000e+00 0.000e+00 0.000e+00 0.000e+00 0.000e+00 0.000e+00 0.000e+00 0.000e+00 0.000e+00 0.000e+00 0.000e+00 0.000e+00 0.000e+00 0.000e+00 0.000e+00
0.000e+00 0.000e+00 0.000e+00 0.000e+00 0.000e+00 0.000e+00 2.234e-06 0.000e+00 0.000e+00 0.000e+00 0.000e+00 0.000e+00 0.000e+00 0.000e+00 0.000e+00 0.000e+00 0.000e+00 0.000e+00 0.000e+00 0.000e+00
0.000e+00 0.000e+00 0.000e+00 0.000e+00 0.000e+00 0.000e+00 0.000e+00 0.000e+00 0.000e+00 0.000e+00 0.000e+00 0.000e+00 0.000e+00 0.000e+00 0.000e+00 0.000e+00 0.000e+00 0.000e+00 0.000e+00 0.000e+00
0.000e+00 0.000e+00 0.000e+00 0.000e+00 0.000e+00 0.000e+00 0.000e+00 0.000e+00 0.000e+00 0.000e+00 2.234e-06 0.000e+00 0.000e+00 0.000e+00 0.000e+00 0.000e+00 0.000e+00 0.000e+00 0.000e+00 0.000e+00
# 2D Marginal for parameters xcen and dP_mu with ranges 4.2614e+05 4.2624e+05 and 3.2358e-03 3.5572e-03
0.000e+00 0.000e+00 0.000e+00 0.000e+00 0.000e+00 1.963e+00 0.000e+00 1.963e+00 1.963e+00 0.000e+00 0.000e+00 0.000e+00 0.000e+00 0.000e+00 0.000e+00 0.000e+00 0.000e+00 0.000e+00 0.000e+00 0.000e+00
0.000e+00 0.000e+00 0.000e+00 0.000e+00 1.963e+00 0.000e+00 5.890e+00 5.890e+00 5.890e+00 0.000e+00 0.000e+00 0.000e+00 0.000e+00 0.000e+00 0.000e+00 0.000e+00 0.000e+00 0.000e+00 0.000e+00 0.000e+00
0.000e+00 0.000e+00 0.000e+00 0.000e+00 1.963e+00 9.817e+00 7.854e+00 5.890e+00 9.817e+00 1.178e+01 5.890e+00 0.000e+00 0.000e+00 0.000e+00 0.000e+00 0.000e+00 0.000e+00 0.000e+00 0.000e+00 0.000e+00
0.000e+00 0.000e+00 0.000e+00 3.927e+00 1.178e+01 2.749e+01 4.123e+01 3.927e+01 2.945e+01 2.160e+01 1.963e+00 0.000e+00 0.000e+00 1.963e+00 0.000e+00 0.000e+00 0.000e+00 0.000e+00 0.000e+00 0.000e+00
0.000e+00 0.000e+00 1.963e+00 5.890e+00 3.141e+01 5.694e+01 7.657e+01 1.237e+02 7.657e+01 4.320e+01 1.374e+01 5.890e+00 0.000e+00 1.963e+00 0.000e+00 0.000e+00 0.000e+00 0.000e+00 0.000e+00 0.000e+00
0.000e+00 0.000e+00 7.854e+00 1.963e+01 8.246e+01 1.531e+02 2.258e+02 2.022e+02 1.747e+02 8.443e+01 3.141e+01 7.854e+00 1.963e+00 0.000e+00 0.000e+00 0.000e+00 0.000e+00 0.000e+00 0.000e+00 0.000e+00
0.000e+00 0.000e+00 5.890e+00 1.571e+01 1.060e+02 2.474e+02 3.220e+02 4.104e+02 2.572e+02 1.217e+02 3.338e+01 3.927e+00 3.927e+00 0.000e+00 0.000e+00 0.000e+00 0.000e+00 0.000e+00 0.000e+00 0.000e+00
0.000e+00 0.000e+00 5.890e+00 4.320e+01 1.669e+02 2.690e+02 5.125e+02 4.653e+02 3.515e+02 1.649e+02 6.479e+01 1.767e+01 1.963e+00 1.963e+00 0.000e+00 0.000e+00 1.963e+00 1.963e+00 1.963e+00 0.000e+00
0.000e+00 3.927e+00 1.374e+01 4.712e+01 1.374e+02 3.416e+02 5.655e+02 5.282e+02 3.848e+02 2.219e+02 7.068e+01 1.571e+01 5.890e+00 0.000e+00 0.000e+00 0.000e+00 0.000e+00 0.000e+00 0.000e+00 0.000e+00
0.000e+00 1.963e+00 1.767e+01 5.890e+01 1.531e+02 2.847e+02 5.007e+02 5.066e+02 3.613e+02 1.885e+02 6.087e+01 1.374e+01 0.000e+00 0.000e+00 1.963e+00 0.000e+00 0.000e+00 0.000e+00 0.000e+00 1.963e+00
1.963e+00 1.963e+00 9.817e+00 2.945e+01 7.854e+01 2.297e+02 3.436e+02 3.240e+02 2.317e+02 8.639e+01 2.749e+01 7.854e+00 3.927e+00 0.000e+00 0.000e+00 0.000e+00 0.000e+00 0.000e+00 0.000e+00 0.000e+00
0.000e+00 0.000e+00 5.890e+00 2.356e+01 4.320e+01 1.217e+02 2.042e+02 1.983e+02 1.139e+02 4.516e+01 1.374e+01 3.927e+00 0.000e+00 0.000e+00 0.000e+00 0.000e+00 0.000e+00 0.000e+00 0.000e+00 0.000e+00
0.000e+00 1.963e+00 3.927e+00 9.817e+00 1.178e+01 6.479e+01 7.854e+01 7.657e+01 6.676e+01 2.749e+01 5.890e+00 1.963e+00 1.963e+00 1.963e+00 0.000e+00 0.000e+00 0.000e+00 0.000e+00 0.000e+00 0.000e+00
0.000e+00 0.000e+00 0.000e+00 1.963e+00 1.374e+01 1.374e+01 3.730e+01 2.552e+01 1.963e+01 9.817e+00 1.963e+00 0.000e+00 0.000e+00 0.000e+00 0.000e+00 0.000e+00 0.000e+00 0.000e+00 0.000e+00 0.000e+00
0.000e+00 0.000e+00 0.000e+00 0.000e+00 0.000e+00 3.927e+00 9.817e+00 7.854e+00 9.817e+00 0.000e+00 0.000e+00 0.000e+00 0.000e+00 0.000e+00 0.000e+00 0.000e+00 0.000e+00 0.000e+00 0.000e+00 0.000e+00
0.000e+00 0.000e+00 0.000e+00 0.000e+00 0.000e+00 0.000e+00 0.000e+00 1.963e+00 1.963e+00 0.000e+00 0.000e+00 0.000e+00 0.000e+00 0.000e+00 0.000e+00 0.000e+00 0.000e+00 0.000e+00 0.000e+00 0.000e+00
0.000e+00 0.000e+00 0.000e+00 0.000e+00 0.000e+00 0.000e+00 0.000e+00 0.000e+00 0.000e+00 0.000e+00 0.000e+00 0.000e+00 0.000e+00 0.000e+00 0.000e+00 0.000e+00 0.000e+00 0.000e+00 0.000e+00 0.000e+00
0.000e+00 0.000e+00 0.000e+00 0.000e+00 0.000e+00 0.000e+00 0.000e+00 1.963e+00 0.000e+00 0.000e+00 0.000e+00 0.000e+00 0.000e+00 0.000e+00 0.000e+00 0.000e+00 0.000e+00 0.000e+00 0.000e+00 0.000e+00
0.000e+00 0.000e+00 0.000e+00 0.000e+00 0.000e+00 0.000e+00 0.000e+00 0.000e+00 0.000e+00 0.000e+00 0.000e+00 0.000e+00 0.000e+00 0.000e+00 0.000e+00 0.000e+00 0.000e+00 0.000e+00 0.000e+00 0.000e+00
0.000e+00 0.000e+00 0.000e+00 0.000e+00 0.000e+00 0.000e+00 0.000e+00 0.000e+00 0.000e+00 0.000e+00 1.963e+00 0.000e+00 0.000e+00 0.000e+00 0.000e+00 0.000e+00 0.000e+00 0.000e+00 0.000e+00 0.000e+00
# 2D Marginal for parameters ycen and depth with ranges 4.5185e+06 4.5186e+06 and 3.7315e+03 4.0140e+03
0.000e+00 0.000e+00 0.000e+00 0.000e+00 2.692e-06 0.000e+00 5.384e-06 5.384e-06 2.692e-06 2.692e-06 0.000e+00 0.000e+00 0.000e+00 0.000e+00 0.000e+00 0.000e+00 0.000e+00 2.692e-06 0.000e+00 2.692e-06
0.000e+00 0.000e+00 0.000e+00 2.692e-06 2.692e-06 2.692e-06 1.346e-05 1.077e-05 5.384e-06 0.000e+00 0.000e+00 0.000e+00 0.000e+00 0.000e+00 0.000e+00 0.000e+00 0.000e+00 0.000e+00 0.000e+00 2.692e-06
0.000e+00 0.000e+00 0.000e+00 8.076e-06 5.384e-06 2.154e-05 2.154e-05 1.615e-05 1.077e-05 1.346e-05 0.000e+00 0.000e+00 0.000e+00 0.000e+00 0.000e+00 0.000e+00 0.000e+00 0.000e+00 0.000e+00 0.000e+00
0.000e+00 0.000e+00 0.000e+00 8.076e-06 1.615e-05 4.846e-05 5.115e-05 3.769e-05 2.692e-05 8.076e-06 0.000e+00 0.000e+00 0.000e+00 0.000e+00 2.692e-06 0.000e+00 0.000e+00 0.000e+00 0.000e+00 0.000e+00
0.000e+00 0.000e+00 2.692e-06 1.615e-05 8.345e-05 8.884e-05 1.454e-04 8.884e-05 4.307e-05 1.077e-05 0.000e+00 2.692e-06 0.000e+00 0.000e+00 0.000e+00 0.000e+00 0.000e+00 0.000e+00 0.000e+00 0.000e+00
0.000e+00 0.000e+00 5.384e-06 2.154e-05 1.023e-04 1.669e-04 1.938e-04 1.238e-04 3.769e-05 5.384e-06 8.076e-06 0.000e+00 0.000e+00 0.000e+00 0.000e+00 0.000e+00 0.000e+00 0.000e+00 0.000e+00 0.000e+00
0.000e+00 2.692e-06 1.346e-05 1.023e-04 2.181e-04 3.419e-04 2.692e-04 1.373e-04 4.038e-05 5.384e-06 0.000e+00 0.000e+00 0.000e+00 0.000e+00 2.692e-06 0.000e+00 0.000e+00 0.000e+00 0.000e+00 0.000e+00
0.000e+00 8.076e-06 1.346e-05 1.346e-04 2.800e-04 4.307e-04 4.146e-04 2.127e-04 5.384e-05 1.346e-05 2.692e-06 0.000e+00 0.000e+00 0.000e+00 5.384e-06 2.692e-06 0.000e+00 0.000e+00 0.000e+00 0.000e+00
0.000e+00 5.384e-06 2.692e-05 1.615e-04 4.549e-04 6.165e-04 4.496e-04 2.100e-04 4.846e-05 5.384e-06 0.000e+00 0.000e+00 0.000e+00 0.000e+00 0.000e+00 0.000e+00 5.384e-06 0.000e+00 0.000e+00 0.000e+00
0.000e+00 8.076e-06 5.653e-05 2.530e-04 4.926e-04 6.030e-04 4.442e-04 2.181e-04 5.384e-05 5.384e-06 0.000e+00 0.000e+00 0.000e+00 0.000e+00 2.692e-06 2.692e-06 0.000e+00 0.000e+00 0.000e+00 0.000e+00
0.000e+00 1.346e-05 7.268e-05 2.692e-04 5.519e-04 6.892e-04 5.115e-04 1.831e-04 3.769e-05 1.077e-05 5.384e-06 0.000e+00 0.000e+00 0.000e+00 0.000e+00 0.000e+00 0.000e+00 0.000e+00 0.000e+00 2.692e-06
5.384e-06 1.615e-05 6.461e-05 2.988e-04 5.169e-04 6.326e-04 3.930e-04 1.346e-04 1.615e-05 0.000e+00 0.000e+00 0.000e+00 0.000e+00 0.000e+00 2.692e-06 0.000e+00 0.000e+00 0.000e+00 0.000e+00 0.000e+00
0.000e+00 1.077e-05 7.538e-05 2.288e-04 4.684e-04 4.630e-04 3.123e-04 9.960e-05 1.077e-05 2.692e-06 0.000e+00 0.000e+00 2.692e-06 0.000e+00 0.000e+00 0.000e+00 0.000e+00 0.000e+00 0.000e+00 0.000e+00
0.000e+00 2.154e-05 8.076e-05 1.588e-04 3.876e-04 2.854e-04 1.292e-04 3.500e-05 1.077e-05 2.692e-06 0.000e+00 0.000e+00 0.000e+00 0.000e+00 0.000e+00 2.692e-06 0.000e+00 0.000e+00 0.000e+00 0.000e+00
2.692e-06 2.423e-05 3.230e-05 1.534e-04 1.938e-04 2.019e-04 8.614e-05 2.692e-05 2.692e-06 0.000e+00 2.692e-06 0.000e+00 0.000e+00 2.692e-06 0.000e+00 0.000e+00 0.000e+00 0.000e+00 0.000e+00 0.000e+00
2.692e-06 1.346e-05 2.154e-05 6.192e-05 1.481e-04 9.960e-05 4.307e-05 1.077e-05 0.000e+00 0.000e+00 2.692e-06 0.000e+00 0.000e+00 0.000e+00 2.692e-06 0.000e+00 0.000e+00 0.000e+00 0.000e+00 0.000e+00
2.692e-06 1.077e-05 1.884e-05 5.115e-05 5.115e-05 3.230e-05 2.692e-05 8.076e-06 0.000e+00 0.000e+00 2.692e-06 0.000e+00 0.000e+00 0.000e+00 0.000e+00 0.000e+00 0.000e+00 0.000e+00 0.000e+00 0.000e+00
0.000e+00 2.692e-06 1.077e-05 3.769e-05 2.692e-05 2.423e-05 2.692e-06 0.000e+00 0.000e+00 0.000e+00 0.000e+00 0.000e+00 0.000e+00 0.000e+00 2.692e-06 0.000e+00 0.000e+00 0.000e+00 0.000e+00 0.000e+00
0.000e+00 0.000e+00 0.000e+00 1.346e-05 1.077e-05 2.692e-06 0.000e+00 0.000e+00 0.000e+00 0.000e+00 0.000e+00 0.000e+00 0.000e+00 0.000e+00 0.000e+00 0.000e+00 0.000e+00 0.000e+00 0.000e+00 0.000e+00
0.000e+00 5.384e-06 8.076e-06 5.384e-06 5.384e-06 2.692e-06 0.000e+00 0.000e+00 0.000e+00 0.000e+00 0.000e+00 0.000e+00 0.000e+00 0.000e+00 0.000e+00 0.000e+00 0.000e+00 0.000e+00 0.000e+00 0.000e+00
# 2D Marginal for parameters ycen and dP_mu with ranges 4.5185e+06 4.5186e+06 and 3.2358e-03 3.5572e-03
0.000e+00 0.000e+00 0.000e+00 0.000e+00 0.000e+00 0.000e+00 0.000e+00 0.000e+00 4.732e+00 9.464e+00 2.366e+00 0.000e+00 0.000e+00 0.000e+00 2.366e+00 0.000e+00 0.000e+00 2.366e+00 0.000e+00 0.000e+00
0.000e+00 0.000e+00 0.000e+00 0.000e+00 0.000e+00 0.000e+00 2.366e+00 4.732e+00 2.366e+00 1.420e+01 7.098e+00 2.366e+00 0.000e+00 0.000e+00 0.000e+00 0.000e+00 0.000e+00 0.000e+00 2.366e+00 0.000e+00
0.000e+00 0.000e+00 0.000e+00 2.366e+00 0.000e+00 0.000e+00 2.366e+00 1.183e+01 1.656e+01 1.893e+01 2.366e+01 7.098e+00 2.366e+00 0.000e+00 0.000e+00 0.000e+00 0.000e+00 0.000e+00 0.000e+00 0.000e+00
0.000e+00 0.000e+00 0.000e+00 0.000e+00 0.000e+00 2.366e+00 7.098e+00 3.312e+01 4.022e+01 5.205e+01 2.366e+01 1.656e+01 0.000e+00 0.000e+00 0.000e+00 0.000e+00 0.000e+00 0.000e+00 0.000e+00 0.000e+00
0.000e+00 0.000e+00 0.000e+00 0.000e+00 0.000e+00 1.183e+01 4.259e+01 7.571e+01 1.372e+02 8.991e+01 4.969e+01 1.183e+01 4.732e+00 0.000e+00 0.000e+00 0.000e+00 0.000e+00 0.000e+00 0.000e+00 0.000e+00
0.000e+00 0.000e+00 0.000e+00 0.000e+00 9.464e+00 2.129e+01 5.915e+01 1.420e+02 1.609e+02 1.278e+02 4.495e+01 1.420e+01 4.732e+00 0.000e+00 0.000e+00 0.000e+00 0.000e+00 0.000e+00 0.000e+00 0.000e+00
0.000e+00 0.000e+00 0.000e+00 0.000e+00 9.464e+00 6.861e+01 1.869e+02 2.461e+02 2.697e+02 1.443e+02 5.678e+01 1.183e+01 0.000e+00 2.366e+00 0.000e+00 0.000e+00 0.000e+00 0.000e+00 0.000e+00 0.000e+00
0.000e+00 0.000e+00 0.000e+00 2.366e+00 2.603e+01 1.017e+02 2.768e+02 3.431e+02 3.667e+02 1.940e+02 5.915e+01 4.732e+00 4.732e+00 2.366e+00 0.000e+00 0.000e+00 0.000e+00 0.000e+00 0.000e+00 0.000e+00
0.000e+00 0.000e+00 0.000e+00 1.183e+01 4.022e+01 1.562e+02 3.975e+02 5.347e+02 3.999e+02 1.562e+02 4.022e+01 2.366e+00 0.000e+00 2.366e+00 0.000e+00 0.000e+00 2.366e+00 0.000e+00 0.000e+00 0.000e+00
0.000e+00 0.000e+00 2.366e+00 1.656e+01 1.159e+02 2.437e+02 4.708e+02 4.921e+02 3.478e+02 1.372e+02 4.022e+01 9.464e+00 2.366e+00 2.366e+00 0.000e+00 0.000e+00 0.000e+00 0.000e+00 0.000e+00 0.000e+00
0.000e+00 0.000e+00 2.366e+00 3.076e+01 1.207e+02 3.265e+02 5.394e+02 5.584e+02 3.005e+02 1.514e+02 2.366e+01 4.732e+00 2.366e+00 0.000e+00 0.000e+00 0.000e+00 0.000e+00 0.000e+00 0.000e+00 2.366e+00
0.000e+00 0.000e+00 1.420e+01 3.312e+01 1.656e+02 3.525e+02 4.898e+02 4.637e+02 2.319e+02 6.152e+01 1.420e+01 2.366e+00 0.000e+00 0.000e+00 0.000e+00 0.000e+00 0.000e+00 0.000e+00 0.000e+00 0.000e+00
0.000e+00 0.000e+00 1.183e+01 3.549e+01 1.207e+02 3.596e+02 4.188e+02 3.147e+02 1.514e+02 5.442e+01 2.366e+00 2.366e+00 0.000e+00 0.000e+00 0.000e+00 0.000e+00 0.000e+00 0.000e+00 0.000e+00 0.000e+00
0.000e+00 4.732e+00 1.183e+01 5.205e+01 1.349e+02 2.484e+02 2.910e+02 1.514e+02 5.205e+01 2.366e+01 4.732e+00 2.366e+00 2.366e+00 0.000e+00 0.000e+00 0.000e+00 0.000e+00 0.000e+00 0.000e+00 0.000e+00
0.000e+00 0.000e+00 1.183e+01 6.152e+01 1.041e+02 1.372e+02 1.987e+02 8.991e+01 3.076e+01 2.366e+00 4.732e+00 0.000e+00 0.000e+00 0.000e+00 0.000e+00 0.000e+00 0.000e+00 0.000e+00 0.000e+00 0.000e+00
2.366e+00 2.366e+00 1.183e+01 2.603e+01 7.571e+01 8.281e+01 1.112e+02 3.076e+01 9.464e+00 0.000e+00 4.732e+00 0.000e+00 0.000e+00 0.000e+00 0.000e+00 0.000e+00 0.000e+00 0.000e+00 0.000e+00 0.000e+00
0.000e+00 4.732e+00 4.732e+00 1.183e+01 5.205e+01 5.442e+01 2.603e+01 2.129e+01 4.732e+00 0.000e+00 0.000e+00 0.000e+00 0.000e+00 0.000e+00 0.000e+00 0.000e+00 0.000e+00 0.000e+00 0.000e+00 0.000e+00
0.000e+00 0.000e+00 9.464e+00 1.656e+01 2.366e+01 1.893e+01 1.183e+01 1.183e+01 0.000e+00 0.000e+00 0.000e+00 2.366e+00 0.000e+00 0.000e+00 0.000e+00 0.000e+00 0.000e+00 0.000e+00 0.000e+00 0.000e+00
0.000e+00 0.000e+00 0.000e+00 2.366e+00 1.420e+01 7.098e+00 0.000e+00 0.000e+00 0.000e+00 0.000e+00 0.000e+00 0.000e+00 0.000e+00 0.000e+00 0.000e+00 0.000e+00 0.000e+00 0.000e+00 0.000e+00 0.000e+00
0.000e+00 0.000e+00 7.098e+00 9.464e+00 0.000e+00 7.098e+00 0.000e+00 0.000e+00 0.000e+00 0.000e+00 0.000e+00 0.000e+00 0.000e+00 0.000e+00 0.000e+00 0.000e+00 0.000e+00 0.000e+00 0.000e+00 0.000e+00
# 2D Marginal for parameters depth and dP_mu with ranges 3.7315e+03 4.0140e+03 and 3.2358e-03 3.5572e-03
0.000e+00 6.952e-01 1.390e+00 1.390e+00 0.000e+00 0.000e+00 0.000e+00 0.000e+00 0.000e+00 0.000e+00 0.000e+00 0.000e+00 0.000e+00 0.000e+00 0.000e+00 0.000e+00 0.000e+00 0.000e+00 0.000e+00 0.000e+00
6.952e-01 2.781e+00 9.733e+00 1.529e+01 6.257e+00 1.390e+00 6.952e-01 0.000e+00 0.000e+00 0.000e+00 0.000e+00 0.000e+00 0.000e+00 0.000e+00 0.000e+00 0.000e+00 0.000e+00 0.000e+00 0.000e+00 0.000e+00
0.000e+00 0.000e+00 6.257e+00 2.850e+01 5.283e+01 3.128e+01 1.112e+01 0.000e+00 0.000e+00 0.000e+00 0.000e+00 0.000e+00 0.000e+00 0.000e+00 0.000e+00 0.000e+00 0.000e+00 0.000e+00 0.000e+00 0.000e+00
0.000e+00 0.000e+00 8.342e+00 3.545e+01 1.133e+02 1.877e+02 1.307e+02 3.406e+01 3.476e+00 0.000e+00 0.000e+00 0.000e+00 0.000e+00 0.000e+00 0.000e+00 0.000e+00 0.000e+00 0.000e+00 0.000e+00 0.000e+00
0.000e+00 0.000e+00 0.000e+00 1.112e+01 1.022e+02 2.906e+02 3.942e+02 1.821e+02 5.075e+01 6.952e+00 0.000e+00 0.000e+00 0.000e+00 0.000e+00 0.000e+00 0.000e+00 0.000e+00 0.000e+00 0.000e+00 0.000e+00
0.000e+00 0.000e+00 0.000e+00 0.000e+00 2.155e+01 1.140e+02 3.719e+02 4.387e+02 2.336e+02 4.449e+01 3.476e+00 0.000e+00 0.000e+00 0.000e+00 0.000e+00 0.000e+00 0.000e+00 0.000e+00 0.000e+00 0.000e+00
0.000e+00 0.000e+00 0.000e+00 0.000e+00 1.390e+00 2.016e+01 1.140e+02 3.087e+02 2.989e+02 1.328e+02 2.989e+01 1.390e+00 0.000e+00 0.000e+00 0.000e+00 0.000e+00 0.000e+00 0.000e+00 0.000e+00 0.000e+00
0.000e+00 0.000e+00 0.000e+00 0.000e+00 0.000e+00 1.390e+00 1.529e+01 6.326e+01 1.314e+02 1.411e+02 3.963e+01 9.733e+00 6.952e-01 0.000e+00 0.000e+00 0.000e+00 0.000e+00 0.000e+00 0.000e+00 0.000e+00
0.000e+00 0.000e+00 0.000e+00 0.000e+00 0.000e+00 0.000e+00 0.000e+00 9.038e+00 1.947e+01 3.198e+01 3.545e+01 6.952e+00 6.952e-01 0.000e+00 0.000e+00 0.000e+00 0.000e+00 0.000e+00 0.000e+00 0.000e+00
0.000e+00 0.000e+00 0.000e+00 0.000e+00 0.000e+00 0.000e+00 0.000e+00 0.000e+00 3.476e+00 4.171e+00 6.257e+00 5.562e+00 2.781e+00 0.000e+00 0.000e+00 0.000e+00 0.000e+00 0.000e+00 0.000e+00 0.000e+00
0.000e+00 0.000e+00 0.000e+00 0.000e+00 0.000e+00 0.000e+00 0.000e+00 0.000e+00 1.390e+00 2.086e+00 1.390e+00 1.390e+00 0.000e+00 0.000e+00 0.000e+00 0.000e+00 0.000e+00 0.000e+00 0.000e+00 0.000e+00
0.000e+00 0.000e+00 0.000e+00 0.000e+00 0.000e+00 0.000e+00 0.000e+00 0.000e+00 0.000e+00 0.000e+00 6.952e-01 0.000e+00 0.000e+00 0.000e+00 0.000e+00 0.000e+00 0.000e+00 0.000e+00 0.000e+00 0.000e+00
0.000e+00 0.000e+00 0.000e+00 0.000e+00 0.000e+00 0.000e+00 0.000e+00 0.000e+00 0.000e+00 0.000e+00 0.000e+00 6.952e-01 0.000e+00 0.000e+00 0.000e+00 0.000e+00 0.000e+00 0.000e+00 0.000e+00 0.000e+00
0.000e+00 0.000e+00 0.000e+00 0.000e+00 0.000e+00 0.000e+00 0.000e+00 0.000e+00 0.000e+00 0.000e+00 6.952e-01 0.000e+00 0.000e+00 0.000e+00 0.000e+00 0.000e+00 0.000e+00 0.000e+00 0.000e+00 0.000e+00
0.000e+00 0.000e+00 0.000e+00 0.000e+00 0.000e+00 0.000e+00 0.000e+00 0.000e+00 0.000e+00 0.000e+00 6.952e-01 2.086e+00 2.086e+00 6.952e-01 0.000e+00 0.000e+00 0.000e+00 0.000e+00 0.000e+00 0.000e+00
0.000e+00 0.000e+00 0.000e+00 0.000e+00 0.000e+00 0.000e+00 0.000e+00 0.000e+00 0.000e+00 0.000e+00 0.000e+00 0.000e+00 6.952e-01 1.390e+00 0.000e+00 0.000e+00 0.000e+00 0.000e+00 0.000e+00 0.000e+00
0.000e+00 0.000e+00 0.000e+00 0.000e+00 0.000e+00 0.000e+00 0.000e+00 0.000e+00 0.000e+00 0.000e+00 0.000e+00 0.000e+00 0.000e+00 6.952e-01 0.000e+00 0.000e+00 6.952e-01 0.000e+00 0.000e+00 0.000e+00
0.000e+00 0.000e+00 0.000e+00 0.000e+00 0.000e+00 0.000e+00 0.000e+00 0.000e+00 0.000e+00 0.000e+00 0.000e+00 0.000e+00 0.000e+00 0.000e+00 6.952e-01 0.000e+00 0.000e+00 0.000e+00 0.000e+00 0.000e+00
0.000e+00 0.000e+00 0.000e+00 0.000e+00 0.000e+00 0.000e+00 0.000e+00 0.000e+00 0.000e+00 0.000e+00 0.000e+00 0.000e+00 0.000e+00 0.000e+00 0.000e+00 0.000e+00 0.000e+00 0.000e+00 0.000e+00 0.000e+00
0.000e+00 0.000e+00 0.000e+00 0.000e+00 0.000e+00 0.000e+00 0.000e+00 0.000e+00 0.000e+00 0.000e+00 0.000e+00 0.000e+00 0.000e+00 0.000e+00 0.000e+00 0.000e+00 0.000e+00 6.952e-01 6.952e-01 6.952e-01
