# 2D Marginal for parameters xcen and ycen with ranges 4.2599e+05 4.2638e+05 and 4.5180e+06 4.5188e+06
0.000e+00 0.000e+00 0.000e+00 0.000e+00 0.000e+00 0.000e+00 0.000e+00 0.000e+00 0.000e+00 0.000e+00 6.827e-07 0.000e+00 2.276e-07 9.103e-07 4.552e-07 0.000e+00 0.000e+00 0.000e+00 0.000e+00 0.000e+00
0.000e+00 0.000e+00 0.000e+00 0.000e+00 0.000e+00 0.000e+00 0.000e+00 0.000e+00 0.000e+00 0.000e+00 2.048e-06 6.827e-07 8.420e-06 8.876e-06 2.959e-06 2.276e-07 2.845e-06 4.552e-07 0.000e+00 0.000e+00
0.000e+00 0.000e+00 0.000e+00 0.000e+00 0.000e+00 0.000e+00 0.000e+00 0.000e+00 0.000e+00 5.689e-07 3.414e-06 2.048e-06 5.121e-06 1.161e-05 8.648e-06 5.917e-06 2.742e-05 2.162e-06 0.000e+00 0.000e+00
0.000e+00 0.000e+00 0.000e+00 0.000e+00 0.000e+00 0.000e+00 0.000e+00 2.276e-07 0.000e+00 3.186e-06 4.665e-06 1.365e-06 3.186e-06 6.258e-06 5.462e-06 1.127e-05 2.344e-05 1.252e-06 0.000e+00 0.000e+00
0.000e+00 0.000e+00 0.000e+00 0.000e+00 0.000e+00 0.000e+00 0.000e+00 7.965e-07 1.593e-06 8.307e-06 2.503e-06 1.138e-07 4.096e-06 2.731e-06 5.007e-06 8.079e-06 2.276e-07 0.000e+00 0.000e+00 0.000e+00
0.000e+00 0.000e+00 0.000e+00 0.000e+00 0.000e+00 0.000e+00 0.000e+00 1.707e-06 6.486e-06 8.193e-06 2.276e-07 0.000e+00 4.324e-06 5.803e-06 6.258e-06 2.162e-06 3.414e-07 0.000e+00 0.000e+00 0.000e+00
0.000e+00 0.000e+00 0.000e+00 0.000e+00 0.000e+00 0.000e+00 0.000e+00 1.138e-07 4.096e-06 4.096e-06 4.552e-07 0.000e+00 2.048e-06 1.934e-06 3.300e-06 6.258e-06 5.234e-06 1.024e-06 0.000e+00 0.000e+00
0.000e+00 0.000e+00 0.000e+00 0.000e+00 0.000e+00 0.000e+00 1.138e-07 5.689e-07 1.821e-06 1.024e-06 1.138e-07 0.000e+00 1.138e-07 1.138e-07 7.965e-07 4.552e-07 1.593e-06 6.827e-07 0.000e+00 0.000e+00
0.000e+00 0.000e+00 0.000e+00 0.000e+00 0.000e+00 1.138e-07 1.934e-06 3.414e-07 1.024e-06 2.162e-06 2.276e-07 0.000e+00 0.000e+00 0.000e+00 0.000e+00 1.138e-07 6.827e-07 7.965e-07 0.000e+00 0.000e+00
0.000e+00 0.000e+00 0.000e+00 0.000e+00 0.000e+00 2.276e-07 5.917e-06 3.527e-06 2.276e-06 1.138e-06 1.138e-07 0.000e+00 0.000e+00 0.000e+00 0.000e+00 1.138e-07 1.138e-07 1.479e-06 3.414e-07 0.000e+00
0.000e+00 0.000e+00 0.000e+00 0.000e+00 0.000e+00 0.000e+00 2.959e-06 5.803e-06 1.707e-06 7.965e-07 1.138e-07 0.000e+00 0.000e+00 0.000e+00 0.000e+00 0.000e+00 2.276e-07 1.593e-06 6.827e-07 0.000e+00
0.000e+00 0.000e+00 0.000e+00 0.000e+00 0.000e+00 1.138e-07 0.000e+00 2.959e-06 1.479e-06 2.276e-07 1.138e-07 0.000e+00 0.000e+00 0.000e+00 0.000e+00 0.000e+00 0.000e+00 1.479e-06 5.689e-07 0.000e+00
0.000e+00 0.000e+00 0.000e+00 0.000e+00 0.000e+00 0.000e+00 3.414e-07 5.917e-06 1.138e-07 0.000e+00 0.000e+00 0.000e+00 0.000e+00 0.000e+00 0.000e+00 0.000e+00 0.000e+00 1.024e-06 2.162e-06 0.000e+00
0.000e+00 0.000e+00 0.000e+00 0.000e+00 0.000e+00 1.138e-07 1.138e-06 4.893e-06 5.689e-07 0.000e+00 0.000e+00 0.000e+00 0.000e+00 0.000e+00 0.000e+00 0.000e+00 0.000e+00 3.414e-07 2.856e-05 3.527e-06
0.000e+00 0.000e+00 0.000e+00 0.000e+00 0.000e+00 7.965e-07 7.055e-06 6.941e-06 3.414e-07 0.000e+00 0.000e+00 0.000e+00 0.000e+00 0.000e+00 0.000e+00 0.000e+00 0.000e+00 4.552e-06 3.216e-04 8.409e-05
0.000e+00 0.000e+00 0.000e+00 0.000e+00 0.000e+00 7.965e-07 8.648e-06 5.007e-06 3.414e-07 0.000e+00 0.000e+00 0.000e+00 0.000e+00 0.000e+00 0.000e+00 0.000e+00 0.000e+00 1.138e-06 2.953e-04 1.336e-04
1.138e-07 0.000e+00 0.000e+00 0.000e+00 1.138e-07 6.827e-07 2.617e-06 5.689e-07 3.414e-07 0.000e+00 0.000e+00 0.000e+00 0.000e+00 0.000e+00 0.000e+00 0.000e+00 0.000e+00 1.138e-07 1.707e-05 1.502e-05
1.138e-07 0.000e+00 0.000e+00 1.138e-07 0.000e+00 3.414e-07 2.276e-07 1.138e-07 1.138e-07 1.138e-07 0.000e+00 0.000e+00 0.000e+00 0.000e+00 0.000e+00 0.000e+00 0.000e+00 0.000e+00 0.000e+00 3.414e-07
0.000e+00 0.000e+00 0.000e+00 0.000e+00 1.138e-07 1.138e-07 0.000e+00 0.000e+00 0.000e+00 0.000e+00 0.000e+00 0.000e+00 0.000e+00 0.000e+00 0.000e+00 0.000e+00 0.000e+00 0.000e+00 0.000e+00 0.000e+00
0.000e+00 0.000e+00 0.000e+00 0.000e+00 0.000e+00 0.000e+00 1.138e-07 0.000e+00 0.000e+00 0.000e+00 0.000e+00 0.000e+00 0.000e+00 0.000e+00 0.000e+00 0.000e+00 0.000e+00 0.000e+00 0.000e+00 0.000e+00
# 2D Marginal for parameters xcen and depth with ranges 4.2599e+05 4.2638e+05 and 2.8211e+03 5.0929e+03
0.000e+00 0.000e+00 0.000e+00 0.000e+00 0.000e+00 0.000e+00 0.000e+00 0.000e+00 0.000e+00 8.165e-08 4.899e-07 0.000e+00 4.083e-08 8.165e-08 1.225e-07 0.000e+00 0.000e+00 0.000e+00 0.000e+00 0.000e+00
0.000e+00 0.000e+00 0.000e+00 0.000e+00 0.000e+00 0.000e+00 8.982e-07 8.165e-07 1.470e-06 1.184e-06 4.205e-06 1.225e-07 2.041e-07 3.266e-07 2.858e-07 0.000e+00 0.000e+00 0.000e+00 0.000e+00 0.000e+00
0.000e+00 0.000e+00 0.000e+00 0.000e+00 0.000e+00 0.000e+00 5.103e-06 6.532e-06 2.205e-06 9.798e-07 5.634e-06 1.960e-06 1.633e-07 9.390e-07 4.491e-07 4.083e-08 0.000e+00 0.000e+00 0.000e+00 0.000e+00
0.000e+00 0.000e+00 0.000e+00 0.000e+00 0.000e+00 0.000e+00 3.103e-06 4.981e-06 4.409e-06 2.245e-06 1.674e-06 1.878e-06 3.674e-07 7.349e-07 1.470e-06 6.940e-07 4.083e-08 4.083e-08 0.000e+00 0.000e+00
0.000e+00 0.000e+00 0.000e+00 0.000e+00 0.000e+00 0.000e+00 4.083e-07 3.103e-06 8.165e-08 8.573e-07 4.083e-08 1.470e-06 1.306e-06 4.083e-08 1.470e-06 2.286e-06 7.349e-07 2.041e-07 0.000e+00 0.000e+00
0.000e+00 0.000e+00 0.000e+00 0.000e+00 0.000e+00 8.165e-08 1.225e-07 2.735e-06 0.000e+00 0.000e+00 0.000e+00 4.899e-07 3.348e-06 0.000e+00 1.225e-07 2.368e-06 2.654e-06 8.165e-07 0.000e+00 0.000e+00
0.000e+00 0.000e+00 0.000e+00 0.000e+00 6.124e-07 2.123e-06 2.572e-06 6.124e-07 0.000e+00 0.000e+00 0.000e+00 1.633e-07 1.021e-06 0.000e+00 0.000e+00 9.798e-07 1.592e-06 5.716e-07 0.000e+00 0.000e+00
0.000e+00 0.000e+00 0.000e+00 4.083e-07 3.266e-07 8.165e-08 4.899e-07 0.000e+00 0.000e+00 0.000e+00 0.000e+00 0.000e+00 4.083e-08 0.000e+00 0.000e+00 8.165e-08 8.573e-07 3.674e-07 0.000e+00 0.000e+00
0.000e+00 0.000e+00 1.225e-07 4.491e-07 0.000e+00 0.000e+00 0.000e+00 0.000e+00 0.000e+00 0.000e+00 0.000e+00 0.000e+00 0.000e+00 0.000e+00 0.000e+00 0.000e+00 6.124e-07 1.306e-06 1.633e-07 0.000e+00
0.000e+00 4.083e-08 6.124e-07 8.165e-08 0.000e+00 0.000e+00 0.000e+00 0.000e+00 0.000e+00 0.000e+00 0.000e+00 0.000e+00 0.000e+00 0.000e+00 0.000e+00 0.000e+00 3.266e-07 2.694e-06 1.715e-06 0.000e+00
0.000e+00 2.041e-07 5.307e-07 1.633e-07 0.000e+00 0.000e+00 0.000e+00 0.000e+00 0.000e+00 0.000e+00 0.000e+00 0.000e+00 0.000e+00 0.000e+00 0.000e+00 0.000e+00 1.225e-07 2.245e-06 1.715e-06 0.000e+00
0.000e+00 0.000e+00 6.532e-07 8.165e-08 0.000e+00 0.000e+00 0.000e+00 0.000e+00 0.000e+00 0.000e+00 0.000e+00 0.000e+00 0.000e+00 0.000e+00 0.000e+00 0.000e+00 4.083e-08 7.349e-07 7.757e-07 2.041e-07
0.000e+00 1.225e-07 1.021e-06 0.000e+00 0.000e+00 0.000e+00 0.000e+00 0.000e+00 0.000e+00 0.000e+00 0.000e+00 0.000e+00 0.000e+00 0.000e+00 0.000e+00 0.000e+00 0.000e+00 4.083e-08 2.041e-06 2.041e-07
0.000e+00 9.063e-06 2.572e-06 0.000e+00 0.000e+00 0.000e+00 0.000e+00 0.000e+00 0.000e+00 0.000e+00 0.000e+00 0.000e+00 0.000e+00 0.000e+00 0.000e+00 0.000e+00 0.000e+00 0.000e+00 1.429e-06 9.798e-07
6.450e-06 1.279e-04 1.282e-05 0.000e+00 0.000e+00 0.000e+00 0.000e+00 0.000e+00 0.000e+00 0.000e+00 0.000e+00 0.000e+00 0.000e+00 0.000e+00 0.000e+00 0.000e+00 0.000e+00 0.000e+00 8.165e-07 4.613e-06
1.915e-05 1.307e-04 4.409e-06 0.000e+00 0.000e+00 0.000e+00 0.000e+00 0.000e+00 0.000e+00 0.000e+00 0.000e+00 0.000e+00 0.000e+00 0.000e+00 0.000e+00 0.000e+00 0.000e+00 0.000e+00 6.124e-07 4.695e-06
2.776e-06 8.737e-06 4.083e-08 0.000e+00 0.000e+00 0.000e+00 0.000e+00 0.000e+00 0.000e+00 0.000e+00 0.000e+00 0.000e+00 0.000e+00 0.000e+00 0.000e+00 0.000e+00 0.000e+00 0.000e+00 1.633e-07 1.429e-06
1.225e-07 0.000e+00 0.000e+00 0.000e+00 0.000e+00 0.000e+00 0.000e+00 0.000e+00 0.000e+00 0.000e+00 0.000e+00 0.000e+00 0.000e+00 0.000e+00 0.000e+00 0.000e+00 0.000e+00 0.000e+00 2.450e-07 1.633e-07
0.000e+00 0.000e+00 0.000e+00 0.000e+00 0.000e+00 0.000e+00 0.000e+00 0.000e+00 0.000e+00 0.000e+00 0.000e+00 0.000e+00 0.000e+00 0.000e+00 0.000e+00 0.000e+00 0.000e+00 0.000e+00 8.165e-08 0.000e+00
0.000e+00 0.000e+00 0.000e+00 0.000e+00 0.000e+00 0.000e+00 0.000e+00 0.000e+00 0.000e+00 0.000e+00 0.000e+00 0.000e+00 0.000e+00 0.000e+00 0.000e+00 0.000e+00 0.000e+00 0.000e+00 4.083e-08 0.000e+00
# 2D Marginal for parameters xcen and Pxx with ranges 4.2599e+05 4.2638e+05 and 1.0001e+06 1.4878e+07
0.000e+00 0.000e+00 0.000e+00 0.000e+00 6.683e-12 1.337e-11 0.000e+00 6.683e-12 6.683e-12 3.341e-11 1.337e-11 3.341e-11 2.005e-11 0.000e+00 0.000e+00 0.000e+00 0.000e+00 0.000e+00 0.000e+00 0.000e+00
0.000e+00 0.000e+00 0.000e+00 0.000e+00 3.341e-11 2.005e-11 3.341e-11 4.678e-11 2.139e-10 2.940e-10 4.010e-10 2.740e-10 4.010e-11 1.002e-10 1.002e-10 0.000e+00 0.000e+00 0.000e+00 0.000e+00 0.000e+00
0.000e+00 6.683e-12 0.000e+00 0.000e+00 6.683e-11 6.683e-11 6.683e-11 8.020e-11 1.203e-10 4.010e-10 5.747e-10 5.681e-10 5.213e-10 5.948e-10 7.218e-10 1.403e-10 0.000e+00 0.000e+00 0.000e+00 0.000e+00
2.005e-11 2.673e-11 7.351e-11 7.351e-11 1.203e-10 8.688e-11 7.351e-11 7.351e-11 8.688e-11 3.408e-10 4.879e-10 6.616e-10 2.205e-10 2.205e-10 2.072e-10 4.544e-10 2.874e-10 2.673e-11 0.000e+00 0.000e+00
2.540e-10 2.005e-10 1.671e-10 1.136e-10 2.673e-11 1.337e-11 4.010e-11 7.351e-11 1.604e-10 1.470e-10 1.002e-10 6.683e-11 2.673e-11 0.000e+00 1.337e-11 1.804e-10 3.475e-10 3.341e-11 0.000e+00 0.000e+00
6.750e-10 1.804e-10 1.203e-10 0.000e+00 0.000e+00 0.000e+00 1.470e-10 1.738e-10 1.738e-10 7.351e-11 2.005e-11 3.341e-11 0.000e+00 6.683e-12 1.136e-10 2.606e-10 1.002e-10 6.683e-12 0.000e+00 0.000e+00
4.745e-10 4.010e-11 0.000e+00 0.000e+00 0.000e+00 6.683e-12 7.351e-11 4.678e-11 2.005e-11 1.337e-11 2.005e-11 0.000e+00 1.337e-11 6.683e-12 4.678e-11 2.339e-10 6.015e-10 7.351e-11 6.683e-12 0.000e+00
1.938e-10 1.337e-11 6.683e-12 0.000e+00 0.000e+00 0.000e+00 0.000e+00 0.000e+00 6.683e-12 0.000e+00 0.000e+00 0.000e+00 0.000e+00 0.000e+00 0.000e+00 4.010e-11 5.346e-11 7.351e-11 4.678e-11 0.000e+00
3.408e-10 0.000e+00 0.000e+00 0.000e+00 0.000e+00 0.000e+00 0.000e+00 0.000e+00 0.000e+00 0.000e+00 0.000e+00 0.000e+00 0.000e+00 0.000e+00 0.000e+00 0.000e+00 0.000e+00 6.683e-12 7.351e-11 1.337e-11
7.752e-10 0.000e+00 0.000e+00 0.000e+00 0.000e+00 0.000e+00 0.000e+00 0.000e+00 0.000e+00 0.000e+00 0.000e+00 0.000e+00 0.000e+00 0.000e+00 0.000e+00 0.000e+00 0.000e+00 0.000e+00 1.069e-10 1.337e-11
6.683e-10 0.000e+00 0.000e+00 0.000e+00 0.000e+00 0.000e+00 0.000e+00 0.000e+00 0.000e+00 0.000e+00 0.000e+00 0.000e+00 0.000e+00 0.000e+00 0.000e+00 0.000e+00 0.000e+00 2.005e-11 7.351e-11 5.346e-11
2.874e-10 0.000e+00 0.000e+00 0.000e+00 0.000e+00 0.000e+00 0.000e+00 0.000e+00 0.000e+00 0.000e+00 0.000e+00 0.000e+00 0.000e+00 0.000e+00 0.000e+00 0.000e+00 0.000e+00 6.683e-12 8.020e-11 3.341e-11
3.742e-10 0.000e+00 0.000e+00 0.000e+00 0.000e+00 0.000e+00 0.000e+00 0.000e+00 0.000e+00 0.000e+00 0.000e+00 0.000e+00 0.000e+00 0.000e+00 0.000e+00 0.000e+00 0.000e+00 0.000e+00 1.403e-10 4.678e-11
3.943e-10 0.000e+00 0.000e+00 0.000e+00 0.000e+00 0.000e+00 0.000e+00 0.000e+00 0.000e+00 0.000e+00 0.000e+00 0.000e+00 0.000e+00 0.000e+00 0.000e+00 0.000e+00 0.000e+00 0.000e+00 1.163e-09 7.418e-10
8.755e-10 1.337e-11 0.000e+00 0.000e+00 0.000e+00 0.000e+00 0.000e+00 0.000e+00 0.000e+00 0.000e+00 0.000e+00 0.000e+00 0.000e+00 0.000e+00 0.000e+00 0.000e+00 0.000e+00 0.000e+00 1.190e-08 1.220e-08
8.421e-10 2.673e-11 0.000e+00 0.000e+00 0.000e+00 0.000e+00 0.000e+00 0.000e+00 0.000e+00 0.000e+00 0.000e+00 0.000e+00 0.000e+00 0.000e+00 0.000e+00 0.000e+00 0.000e+00 0.000e+00 9.443e-09 1.581e-08
2.139e-10 2.673e-11 6.683e-12 6.683e-12 6.683e-12 0.000e+00 0.000e+00 0.000e+00 0.000e+00 0.000e+00 0.000e+00 0.000e+00 0.000e+00 0.000e+00 0.000e+00 0.000e+00 0.000e+00 0.000e+00 5.614e-10 1.330e-09
4.678e-11 6.683e-12 6.683e-12 0.000e+00 0.000e+00 6.683e-12 0.000e+00 0.000e+00 0.000e+00 0.000e+00 0.000e+00 0.000e+00 0.000e+00 0.000e+00 0.000e+00 0.000e+00 0.000e+00 0.000e+00 0.000e+00 2.005e-11
6.683e-12 0.000e+00 0.000e+00 0.000e+00 0.000e+00 6.683e-12 0.000e+00 0.000e+00 0.000e+00 0.000e+00 0.000e+00 0.000e+00 0.000e+00 0.000e+00 0.000e+00 0.000e+00 0.000e+00 0.000e+00 0.000e+00 0.000e+00
0.000e+00 6.683e-12 0.000e+00 0.000e+00 0.000e+00 0.000e+00 0.000e+00 0.000e+00 0.000e+00 0.000e+00 0.000e+00 0.000e+00 0.000e+00 0.000e+00 0.000e+00 0.000e+00 0.000e+00 0.000e+00 0.000e+00 0.000e+00
# 2D Marginal for parameters xcen and Pyy with ranges 4.2599e+05 4.2638e+05 and 7.0993e+06 2.1336e+07
0.000e+00 0.000e+00 0.000e+00 0.000e+00 0.000e+00 0.000e+00 0.000e+00 3.909e-11 1.303e-11 6.515e-12 6.515e-11 0.000e+00 0.000e+00 6.515e-12 0.000e+00 0.000e+00 0.000e+00 0.000e+00 0.000e+00 0.000e+00
0.000e+00 0.000e+00 0.000e+00 0.000e+00 0.000e+00 0.000e+00 4.560e-11 2.345e-10 3.453e-10 3.974e-10 3.779e-10 9.121e-11 6.515e-12 1.303e-11 0.000e+00 6.515e-12 0.000e+00 0.000e+00 0.000e+00 0.000e+00
0.000e+00 0.000e+00 6.515e-12 0.000e+00 0.000e+00 0.000e+00 1.954e-11 1.954e-10 5.798e-10 1.134e-09 1.225e-09 4.691e-10 4.560e-11 4.560e-11 5.212e-11 5.863e-11 0.000e+00 0.000e+00 0.000e+00 0.000e+00
0.000e+00 1.303e-11 5.212e-11 5.212e-11 2.606e-11 3.909e-11 7.166e-11 2.671e-10 6.841e-10 7.362e-10 6.254e-10 4.821e-10 2.541e-10 6.515e-11 6.515e-11 1.954e-11 0.000e+00 0.000e+00 0.000e+00 0.000e+00
2.606e-11 1.303e-10 1.629e-10 1.173e-10 9.772e-11 1.433e-10 1.042e-10 6.515e-11 2.085e-10 1.173e-10 4.560e-11 1.759e-10 3.388e-10 1.694e-10 1.303e-11 0.000e+00 0.000e+00 0.000e+00 0.000e+00 0.000e+00
0.000e+00 7.818e-11 1.108e-10 1.824e-10 1.303e-10 2.476e-10 3.388e-10 1.629e-10 9.121e-11 1.042e-10 1.368e-10 2.476e-10 1.694e-10 2.606e-11 6.515e-12 0.000e+00 0.000e+00 0.000e+00 0.000e+00 0.000e+00
0.000e+00 1.303e-11 5.212e-11 1.042e-10 5.863e-11 8.469e-11 7.166e-11 1.564e-10 7.818e-11 9.772e-11 4.951e-10 2.867e-10 1.173e-10 1.954e-11 0.000e+00 0.000e+00 0.000e+00 0.000e+00 0.000e+00 0.000e+00
0.000e+00 0.000e+00 1.303e-11 0.000e+00 0.000e+00 0.000e+00 0.000e+00 4.560e-11 1.173e-10 5.863e-11 6.515e-11 1.303e-11 3.257e-11 5.212e-11 2.606e-11 0.000e+00 0.000e+00 0.000e+00 0.000e+00 0.000e+00
0.000e+00 0.000e+00 0.000e+00 0.000e+00 0.000e+00 0.000e+00 0.000e+00 1.303e-11 1.889e-10 1.238e-10 6.515e-12 0.000e+00 0.000e+00 3.257e-11 5.863e-11 0.000e+00 0.000e+00 0.000e+00 0.000e+00 0.000e+00
0.000e+00 0.000e+00 0.000e+00 0.000e+00 0.000e+00 0.000e+00 0.000e+00 6.515e-12 3.518e-10 3.518e-10 4.560e-11 0.000e+00 0.000e+00 2.606e-11 9.121e-11 0.000e+00 0.000e+00 0.000e+00 0.000e+00 0.000e+00
0.000e+00 0.000e+00 0.000e+00 0.000e+00 0.000e+00 0.000e+00 0.000e+00 3.257e-11 2.867e-10 3.127e-10 1.954e-11 0.000e+00 1.954e-11 6.515e-11 2.606e-11 3.257e-11 0.000e+00 0.000e+00 0.000e+00 0.000e+00
0.000e+00 0.000e+00 0.000e+00 0.000e+00 0.000e+00 0.000e+00 1.303e-11 7.166e-11 9.121e-11 7.818e-11 1.954e-11 0.000e+00 3.909e-11 6.515e-11 1.954e-11 0.000e+00 0.000e+00 0.000e+00 0.000e+00 0.000e+00
0.000e+00 0.000e+00 0.000e+00 0.000e+00 0.000e+00 0.000e+00 6.515e-12 1.629e-10 1.303e-10 5.212e-11 6.515e-12 6.515e-12 5.863e-11 1.173e-10 6.515e-12 0.000e+00 0.000e+00 0.000e+00 0.000e+00 0.000e+00
0.000e+00 0.000e+00 0.000e+00 0.000e+00 0.000e+00 0.000e+00 0.000e+00 1.368e-10 9.121e-11 5.212e-11 6.515e-11 3.257e-11 4.039e-10 1.427e-09 3.257e-11 0.000e+00 0.000e+00 0.000e+00 0.000e+00 0.000e+00
0.000e+00 0.000e+00 0.000e+00 0.000e+00 0.000e+00 0.000e+00 0.000e+00 5.863e-11 1.694e-10 1.759e-10 1.824e-10 1.564e-10 3.485e-09 1.967e-08 4.560e-10 0.000e+00 0.000e+00 0.000e+00 0.000e+00 0.000e+00
0.000e+00 0.000e+00 0.000e+00 0.000e+00 0.000e+00 0.000e+00 0.000e+00 3.257e-11 1.824e-10 3.062e-10 1.498e-10 5.212e-11 2.808e-09 2.121e-08 7.297e-10 0.000e+00 0.000e+00 0.000e+00 0.000e+00 0.000e+00
0.000e+00 0.000e+00 0.000e+00 0.000e+00 0.000e+00 0.000e+00 6.515e-12 2.606e-11 4.560e-11 7.818e-11 3.257e-11 0.000e+00 1.368e-10 1.642e-09 1.108e-10 6.515e-12 6.515e-12 0.000e+00 0.000e+00 6.515e-12
0.000e+00 0.000e+00 0.000e+00 0.000e+00 0.000e+00 0.000e+00 0.000e+00 0.000e+00 6.515e-12 6.515e-12 0.000e+00 0.000e+00 0.000e+00 3.257e-11 1.954e-11 0.000e+00 1.303e-11 0.000e+00 0.000e+00 6.515e-12
0.000e+00 0.000e+00 0.000e+00 0.000e+00 0.000e+00 0.000e+00 0.000e+00 0.000e+00 0.000e+00 0.000e+00 0.000e+00 0.000e+00 0.000e+00 0.000e+00 6.515e-12 0.000e+00 0.000e+00 0.000e+00 6.515e-12 0.000e+00
0.000e+00 0.000e+00 0.000e+00 0.000e+00 0.000e+00 0.000e+00 0.000e+00 0.000e+00 0.000e+00 0.000e+00 0.000e+00 0.000e+00 0.000e+00 0.000e+00 6.515e-12 0.000e+00 0.000e+00 0.000e+00 0.000e+00 0.000e+00
# 2D Marginal for parameters xcen and Pzz with ranges 4.2599e+05 4.2638e+05 and 1.6710e+07 3.0978e+07
0.000e+00 0.000e+00 0.000e+00 0.000e+00 0.000e+00 0.000e+00 0.000e+00 0.000e+00 1.300e-11 5.850e-11 1.950e-11 0.000e+00 3.250e-11 6.500e-12 0.000e+00 0.000e+00 0.000e+00 0.000e+00 0.000e+00 0.000e+00
0.000e+00 0.000e+00 0.000e+00 0.000e+00 1.950e-11 1.690e-10 7.150e-11 2.405e-10 2.925e-10 2.470e-10 3.315e-10 0.000e+00 9.751e-11 4.550e-11 0.000e+00 0.000e+00 0.000e+00 0.000e+00 0.000e+00 0.000e+00
0.000e+00 0.000e+00 0.000e+00 0.000e+00 1.300e-11 1.632e-09 3.315e-10 2.665e-10 1.040e-10 3.900e-11 1.014e-09 0.000e+00 1.950e-10 2.275e-10 0.000e+00 0.000e+00 0.000e+00 0.000e+00 0.000e+00 0.000e+00
0.000e+00 0.000e+00 0.000e+00 0.000e+00 0.000e+00 5.590e-10 1.352e-09 4.225e-10 6.500e-12 6.500e-12 3.965e-10 5.200e-11 2.080e-10 4.290e-10 1.300e-11 0.000e+00 0.000e+00 0.000e+00 0.000e+00 0.000e+00
0.000e+00 0.000e+00 0.000e+00 0.000e+00 0.000e+00 6.500e-12 4.810e-10 2.015e-10 1.950e-11 0.000e+00 1.105e-10 1.560e-10 4.745e-10 3.185e-10 1.430e-10 0.000e+00 0.000e+00 0.000e+00 0.000e+00 0.000e+00
0.000e+00 0.000e+00 0.000e+00 0.000e+00 0.000e+00 3.250e-11 2.730e-10 1.625e-10 0.000e+00 0.000e+00 1.950e-11 4.290e-10 2.275e-10 4.290e-10 4.550e-10 0.000e+00 0.000e+00 0.000e+00 0.000e+00 0.000e+00
0.000e+00 0.000e+00 0.000e+00 4.550e-11 2.990e-10 3.575e-10 2.210e-10 1.950e-11 0.000e+00 0.000e+00 0.000e+00 1.365e-10 5.200e-11 2.470e-10 2.080e-10 4.550e-11 0.000e+00 0.000e+00 0.000e+00 0.000e+00
0.000e+00 0.000e+00 0.000e+00 7.800e-11 6.500e-11 1.950e-11 4.550e-11 0.000e+00 0.000e+00 0.000e+00 0.000e+00 0.000e+00 6.500e-12 1.300e-11 7.800e-11 1.170e-10 0.000e+00 0.000e+00 0.000e+00 0.000e+00
0.000e+00 0.000e+00 1.300e-11 6.500e-11 1.300e-11 0.000e+00 0.000e+00 0.000e+00 0.000e+00 0.000e+00 0.000e+00 0.000e+00 0.000e+00 0.000e+00 9.101e-11 2.015e-10 3.900e-11 0.000e+00 0.000e+00 0.000e+00
0.000e+00 6.500e-12 7.800e-11 3.250e-11 0.000e+00 0.000e+00 0.000e+00 0.000e+00 0.000e+00 0.000e+00 0.000e+00 0.000e+00 0.000e+00 0.000e+00 0.000e+00 6.370e-10 1.170e-10 0.000e+00 0.000e+00 0.000e+00
0.000e+00 1.950e-11 9.751e-11 2.600e-11 0.000e+00 0.000e+00 0.000e+00 0.000e+00 0.000e+00 0.000e+00 0.000e+00 0.000e+00 0.000e+00 0.000e+00 6.500e-12 5.785e-10 6.500e-11 0.000e+00 0.000e+00 0.000e+00
0.000e+00 1.300e-11 9.101e-11 1.300e-11 0.000e+00 0.000e+00 0.000e+00 0.000e+00 0.000e+00 0.000e+00 0.000e+00 0.000e+00 0.000e+00 0.000e+00 0.000e+00 2.405e-10 3.900e-11 0.000e+00 0.000e+00 0.000e+00
0.000e+00 3.250e-11 1.495e-10 0.000e+00 0.000e+00 0.000e+00 0.000e+00 0.000e+00 0.000e+00 0.000e+00 0.000e+00 0.000e+00 0.000e+00 0.000e+00 6.500e-12 3.185e-10 3.900e-11 0.000e+00 0.000e+00 0.000e+00
1.300e-11 1.463e-09 3.770e-10 0.000e+00 0.000e+00 0.000e+00 0.000e+00 0.000e+00 0.000e+00 0.000e+00 0.000e+00 0.000e+00 0.000e+00 0.000e+00 6.500e-12 3.705e-10 6.500e-12 0.000e+00 0.000e+00 0.000e+00
1.313e-09 2.022e-08 1.898e-09 0.000e+00 0.000e+00 0.000e+00 0.000e+00 0.000e+00 0.000e+00 0.000e+00 0.000e+00 0.000e+00 0.000e+00 0.000e+00 0.000e+00 7.670e-10 9.751e-11 0.000e+00 0.000e+00 0.000e+00
3.393e-09 2.039e-08 7.865e-10 0.000e+00 0.000e+00 0.000e+00 0.000e+00 0.000e+00 0.000e+00 0.000e+00 0.000e+00 0.000e+00 0.000e+00 0.000e+00 0.000e+00 7.930e-10 4.550e-11 6.500e-12 0.000e+00 0.000e+00
4.550e-10 1.352e-09 3.250e-11 0.000e+00 0.000e+00 0.000e+00 0.000e+00 0.000e+00 0.000e+00 0.000e+00 0.000e+00 0.000e+00 0.000e+00 0.000e+00 1.300e-11 1.885e-10 3.250e-11 6.500e-12 6.500e-12 6.500e-12
1.950e-11 0.000e+00 0.000e+00 0.000e+00 0.000e+00 0.000e+00 0.000e+00 0.000e+00 0.000e+00 0.000e+00 0.000e+00 0.000e+00 0.000e+00 0.000e+00 6.500e-12 1.950e-11 6.500e-12 1.950e-11 6.500e-12 6.500e-12
0.000e+00 0.000e+00 0.000e+00 0.000e+00 0.000e+00 0.000e+00 0.000e+00 0.000e+00 0.000e+00 0.000e+00 0.000e+00 0.000e+00 0.000e+00 0.000e+00 0.000e+00 0.000e+00 6.500e-12 0.000e+00 0.000e+00 6.500e-12
0.000e+00 0.000e+00 0.000e+00 0.000e+00 0.000e+00 0.000e+00 0.000e+00 0.000e+00 0.000e+00 0.000e+00 0.000e+00 0.000e+00 0.000e+00 0.000e+00 0.000e+00 0.000e+00 6.500e-12 0.000e+00 0.000e+00 0.000e+00
# 2D Marginal for parameters ycen and depth with ranges 4.5180e+06 4.5188e+06 and 2.8211e+03 5.0929e+03
0.000e+00 0.000e+00 0.000e+00 0.000e+00 0.000e+00 0.000e+00 0.000e+00 0.000e+00 0.000e+00 0.000e+00 0.000e+00 0.000e+00 0.000e+00 0.000e+00 0.000e+00 0.000e+00 0.000e+00 0.000e+00 0.000e+00 3.896e-08
0.000e+00 0.000e+00 0.000e+00 0.000e+00 0.000e+00 0.000e+00 0.000e+00 0.000e+00 0.000e+00 0.000e+00 0.000e+00 0.000e+00 0.000e+00 0.000e+00 0.000e+00 0.000e+00 0.000e+00 0.000e+00 0.000e+00 0.000e+00
0.000e+00 0.000e+00 0.000e+00 0.000e+00 0.000e+00 0.000e+00 0.000e+00 0.000e+00 0.000e+00 0.000e+00 0.000e+00 0.000e+00 0.000e+00 0.000e+00 0.000e+00 0.000e+00 0.000e+00 0.000e+00 0.000e+00 0.000e+00
0.000e+00 0.000e+00 0.000e+00 0.000e+00 0.000e+00 0.000e+00 0.000e+00 0.000e+00 0.000e+00 0.000e+00 0.000e+00 0.000e+00 0.000e+00 0.000e+00 0.000e+00 0.000e+00 0.000e+00 0.000e+00 0.000e+00 1.948e-08
0.000e+00 0.000e+00 0.000e+00 0.000e+00 0.000e+00 0.000e+00 0.000e+00 0.000e+00 0.000e+00 0.000e+00 0.000e+00 0.000e+00 0.000e+00 0.000e+00 0.000e+00 0.000e+00 0.000e+00 0.000e+00 1.948e-08 1.948e-08
0.000e+00 0.000e+00 0.000e+00 0.000e+00 0.000e+00 0.000e+00 0.000e+00 0.000e+00 0.000e+00 0.000e+00 0.000e+00 0.000e+00 0.000e+00 0.000e+00 0.000e+00 0.000e+00 0.000e+00 5.845e-08 7.793e-08 4.286e-07
0.000e+00 0.000e+00 0.000e+00 0.000e+00 0.000e+00 0.000e+00 0.000e+00 0.000e+00 0.000e+00 0.000e+00 0.000e+00 0.000e+00 0.000e+00 0.000e+00 0.000e+00 0.000e+00 0.000e+00 1.110e-06 9.546e-07 3.254e-06
0.000e+00 0.000e+00 0.000e+00 0.000e+00 0.000e+00 0.000e+00 0.000e+00 0.000e+00 0.000e+00 0.000e+00 0.000e+00 0.000e+00 0.000e+00 0.000e+00 0.000e+00 5.845e-08 2.533e-07 1.052e-06 3.526e-06 1.870e-06
0.000e+00 0.000e+00 0.000e+00 0.000e+00 0.000e+00 0.000e+00 0.000e+00 0.000e+00 0.000e+00 0.000e+00 0.000e+00 0.000e+00 0.000e+00 0.000e+00 1.948e-08 4.481e-07 1.598e-06 1.442e-06 7.793e-08 2.338e-07
0.000e+00 0.000e+00 0.000e+00 0.000e+00 0.000e+00 0.000e+00 0.000e+00 0.000e+00 0.000e+00 0.000e+00 0.000e+00 0.000e+00 0.000e+00 5.845e-08 8.182e-07 2.299e-06 1.305e-06 6.039e-07 1.948e-08 0.000e+00
0.000e+00 0.000e+00 0.000e+00 0.000e+00 0.000e+00 0.000e+00 0.000e+00 0.000e+00 0.000e+00 0.000e+00 0.000e+00 0.000e+00 7.793e-08 9.546e-07 1.013e-06 2.533e-07 1.753e-07 3.896e-08 0.000e+00 0.000e+00
0.000e+00 0.000e+00 0.000e+00 0.000e+00 0.000e+00 0.000e+00 0.000e+00 0.000e+00 0.000e+00 5.845e-08 0.000e+00 3.896e-07 2.338e-07 0.000e+00 1.948e-08 1.948e-08 0.000e+00 0.000e+00 0.000e+00 0.000e+00
0.000e+00 0.000e+00 0.000e+00 0.000e+00 0.000e+00 0.000e+00 0.000e+00 0.000e+00 4.676e-07 6.234e-07 1.169e-06 9.546e-07 1.500e-06 0.000e+00 0.000e+00 0.000e+00 0.000e+00 0.000e+00 0.000e+00 0.000e+00
0.000e+00 0.000e+00 0.000e+00 0.000e+00 0.000e+00 0.000e+00 3.896e-08 4.091e-07 8.182e-07 7.208e-07 2.533e-06 8.377e-07 1.188e-06 0.000e+00 0.000e+00 0.000e+00 0.000e+00 0.000e+00 0.000e+00 0.000e+00
0.000e+00 0.000e+00 0.000e+00 0.000e+00 0.000e+00 0.000e+00 5.455e-07 1.578e-06 7.793e-08 7.403e-07 1.870e-06 7.208e-07 9.741e-08 0.000e+00 0.000e+00 0.000e+00 0.000e+00 0.000e+00 0.000e+00 0.000e+00
0.000e+00 0.000e+00 0.000e+00 3.896e-08 0.000e+00 3.312e-07 1.753e-06 2.260e-06 9.741e-07 3.896e-07 1.753e-07 0.000e+00 0.000e+00 0.000e+00 0.000e+00 0.000e+00 0.000e+00 0.000e+00 0.000e+00 0.000e+00
0.000e+00 0.000e+00 3.896e-08 2.338e-07 2.727e-07 7.403e-07 3.254e-06 4.559e-06 1.520e-06 1.948e-08 0.000e+00 0.000e+00 0.000e+00 0.000e+00 0.000e+00 0.000e+00 0.000e+00 0.000e+00 0.000e+00 0.000e+00
0.000e+00 5.065e-07 1.442e-06 2.922e-07 1.753e-07 1.948e-08 4.676e-07 1.559e-07 3.896e-08 0.000e+00 0.000e+00 0.000e+00 0.000e+00 0.000e+00 0.000e+00 0.000e+00 0.000e+00 0.000e+00 0.000e+00 0.000e+00
4.013e-06 1.008e-04 9.254e-06 0.000e+00 0.000e+00 0.000e+00 0.000e+00 0.000e+00 0.000e+00 0.000e+00 0.000e+00 0.000e+00 0.000e+00 0.000e+00 0.000e+00 0.000e+00 0.000e+00 0.000e+00 0.000e+00 0.000e+00
9.585e-06 3.078e-05 1.364e-07 0.000e+00 0.000e+00 0.000e+00 0.000e+00 0.000e+00 0.000e+00 0.000e+00 0.000e+00 0.000e+00 0.000e+00 0.000e+00 0.000e+00 0.000e+00 0.000e+00 0.000e+00 0.000e+00 0.000e+00
# 2D Marginal for parameters ycen and Pxx with ranges 4.5180e+06 4.5188e+06 and 1.0001e+06 1.4878e+07
0.000e+00 3.189e-12 0.000e+00 0.000e+00 3.189e-12 0.000e+00 0.000e+00 0.000e+00 0.000e+00 0.000e+00 0.000e+00 0.000e+00 0.000e+00 0.000e+00 0.000e+00 0.000e+00 0.000e+00 0.000e+00 0.000e+00 0.000e+00
0.000e+00 0.000e+00 0.000e+00 0.000e+00 0.000e+00 0.000e+00 0.000e+00 0.000e+00 0.000e+00 0.000e+00 0.000e+00 0.000e+00 0.000e+00 0.000e+00 0.000e+00 0.000e+00 0.000e+00 0.000e+00 0.000e+00 0.000e+00
0.000e+00 0.000e+00 0.000e+00 0.000e+00 0.000e+00 0.000e+00 0.000e+00 0.000e+00 0.000e+00 0.000e+00 0.000e+00 0.000e+00 0.000e+00 0.000e+00 0.000e+00 0.000e+00 0.000e+00 0.000e+00 0.000e+00 0.000e+00
0.000e+00 0.000e+00 0.000e+00 0.000e+00 0.000e+00 3.189e-12 0.000e+00 0.000e+00 0.000e+00 0.000e+00 0.000e+00 0.000e+00 0.000e+00 0.000e+00 0.000e+00 0.000e+00 0.000e+00 0.000e+00 0.000e+00 0.000e+00
3.189e-12 3.189e-12 0.000e+00 0.000e+00 0.000e+00 0.000e+00 0.000e+00 0.000e+00 0.000e+00 0.000e+00 0.000e+00 0.000e+00 0.000e+00 0.000e+00 0.000e+00 0.000e+00 0.000e+00 0.000e+00 0.000e+00 0.000e+00
7.654e-11 9.567e-12 0.000e+00 3.189e-12 0.000e+00 3.189e-12 0.000e+00 0.000e+00 0.000e+00 0.000e+00 0.000e+00 0.000e+00 0.000e+00 0.000e+00 0.000e+00 0.000e+00 0.000e+00 0.000e+00 0.000e+00 0.000e+00
8.547e-10 9.567e-12 6.378e-12 0.000e+00 0.000e+00 0.000e+00 0.000e+00 0.000e+00 0.000e+00 0.000e+00 0.000e+00 0.000e+00 0.000e+00 0.000e+00 0.000e+00 0.000e+00 0.000e+00 0.000e+00 0.000e+00 0.000e+00
1.091e-09 1.595e-11 0.000e+00 0.000e+00 0.000e+00 0.000e+00 0.000e+00 0.000e+00 0.000e+00 0.000e+00 0.000e+00 0.000e+00 0.000e+00 0.000e+00 0.000e+00 0.000e+00 0.000e+00 0.000e+00 0.000e+00 0.000e+00
5.964e-10 2.870e-11 0.000e+00 0.000e+00 0.000e+00 0.000e+00 0.000e+00 0.000e+00 0.000e+00 0.000e+00 0.000e+00 0.000e+00 0.000e+00 0.000e+00 0.000e+00 0.000e+00 0.000e+00 0.000e+00 0.000e+00 0.000e+00
4.082e-10 1.722e-10 1.435e-10 4.784e-11 4.146e-11 1.595e-11 6.378e-12 0.000e+00 0.000e+00 0.000e+00 0.000e+00 0.000e+00 0.000e+00 0.000e+00 0.000e+00 0.000e+00 0.000e+00 0.000e+00 0.000e+00 0.000e+00
4.465e-11 1.913e-11 2.870e-11 4.146e-11 7.973e-11 7.335e-11 7.973e-11 3.189e-11 9.567e-12 0.000e+00 3.189e-12 0.000e+00 0.000e+00 0.000e+00 0.000e+00 0.000e+00 0.000e+00 0.000e+00 0.000e+00 0.000e+00
0.000e+00 0.000e+00 3.189e-12 0.000e+00 0.000e+00 3.189e-12 0.000e+00 0.000e+00 1.276e-11 1.276e-11 3.189e-11 3.827e-11 1.276e-11 3.189e-12 0.000e+00 0.000e+00 0.000e+00 0.000e+00 0.000e+00 0.000e+00
0.000e+00 0.000e+00 0.000e+00 0.000e+00 0.000e+00 6.378e-12 7.335e-11 6.697e-11 1.403e-10 2.201e-10 1.084e-10 7.654e-11 6.378e-11 1.595e-11 0.000e+00 0.000e+00 0.000e+00 0.000e+00 0.000e+00 0.000e+00
0.000e+00 0.000e+00 0.000e+00 0.000e+00 0.000e+00 0.000e+00 4.465e-11 1.148e-10 1.467e-10 2.009e-10 3.285e-10 1.595e-10 5.103e-11 3.189e-12 1.276e-11 6.378e-12 3.189e-12 0.000e+00 0.000e+00 0.000e+00
0.000e+00 0.000e+00 0.000e+00 0.000e+00 0.000e+00 0.000e+00 3.189e-12 2.551e-11 6.697e-11 1.531e-10 1.658e-10 1.403e-10 1.913e-11 0.000e+00 6.697e-11 2.009e-10 7.973e-11 0.000e+00 0.000e+00 0.000e+00
0.000e+00 0.000e+00 0.000e+00 0.000e+00 0.000e+00 0.000e+00 0.000e+00 0.000e+00 0.000e+00 3.189e-11 1.021e-10 1.308e-10 2.870e-11 4.465e-11 4.465e-11 1.722e-10 3.731e-10 3.508e-11 6.378e-12 0.000e+00
0.000e+00 0.000e+00 0.000e+00 0.000e+00 0.000e+00 0.000e+00 0.000e+00 0.000e+00 0.000e+00 3.189e-12 3.189e-11 2.328e-10 2.169e-10 3.604e-10 3.827e-10 2.328e-10 1.913e-10 4.784e-11 3.508e-11 6.378e-12
0.000e+00 0.000e+00 0.000e+00 0.000e+00 0.000e+00 0.000e+00 0.000e+00 0.000e+00 0.000e+00 0.000e+00 0.000e+00 3.189e-12 9.567e-12 1.595e-11 6.697e-11 1.276e-11 1.595e-11 3.189e-11 2.456e-10 1.052e-10
0.000e+00 0.000e+00 0.000e+00 0.000e+00 0.000e+00 0.000e+00 0.000e+00 0.000e+00 0.000e+00 0.000e+00 0.000e+00 0.000e+00 0.000e+00 0.000e+00 0.000e+00 0.000e+00 0.000e+00 3.189e-12 8.263e-09 1.041e-08
0.000e+00 0.000e+00 0.000e+00 0.000e+00 0.000e+00 0.000e+00 0.000e+00 0.000e+00 0.000e+00 0.000e+00 0.000e+00 0.000e+00 0.000e+00 0.000e+00 0.000e+00 0.000e+00 0.000e+00 0.000e+00 2.708e-09 3.923e-09
# 2D Marginal for parameters ycen and Pyy with ranges 4.5180e+06 4.5188e+06 and 7.0993e+06 2.1336e+07
0.000e+00 0.000e+00 0.000e+00 0.000e+00 0.000e+00 0.000e+00 0.000e+00 0.000e+00 0.000e+00 0.000e+00 0.000e+00 0.000e+00 0.000e+00 0.000e+00 0.000e+00 0.000e+00 3.109e-12 0.000e+00 0.000e+00 3.109e-12
0.000e+00 0.000e+00 0.000e+00 0.000e+00 0.000e+00 0.000e+00 0.000e+00 0.000e+00 0.000e+00 0.000e+00 0.000e+00 0.000e+00 0.000e+00 0.000e+00 0.000e+00 0.000e+00 0.000e+00 0.000e+00 0.000e+00 0.000e+00
0.000e+00 0.000e+00 0.000e+00 0.000e+00 0.000e+00 0.000e+00 0.000e+00 0.000e+00 0.000e+00 0.000e+00 0.000e+00 0.000e+00 0.000e+00 0.000e+00 0.000e+00 0.000e+00 0.000e+00 0.000e+00 0.000e+00 0.000e+00
0.000e+00 0.000e+00 0.000e+00 0.000e+00 0.000e+00 0.000e+00 0.000e+00 0.000e+00 0.000e+00 0.000e+00 0.000e+00 0.000e+00 0.000e+00 0.000e+00 0.000e+00 0.000e+00 0.000e+00 0.000e+00 0.000e+00 3.109e-12
0.000e+00 0.000e+00 0.000e+00 0.000e+00 0.000e+00 0.000e+00 0.000e+00 0.000e+00 0.000e+00 0.000e+00 0.000e+00 0.000e+00 0.000e+00 0.000e+00 6.218e-12 0.000e+00 0.000e+00 0.000e+00 0.000e+00 0.000e+00
0.000e+00 0.000e+00 0.000e+00 0.000e+00 0.000e+00 0.000e+00 0.000e+00 3.109e-12 1.244e-11 2.487e-11 3.109e-12 0.000e+00 6.218e-12 1.865e-11 1.554e-11 0.000e+00 3.109e-12 0.000e+00 3.109e-12 0.000e+00
0.000e+00 0.000e+00 0.000e+00 0.000e+00 0.000e+00 0.000e+00 3.109e-12 4.663e-11 1.772e-10 4.290e-10 1.306e-10 9.327e-12 2.487e-11 1.865e-11 3.109e-12 3.109e-12 3.109e-12 0.000e+00 0.000e+00 0.000e+00
0.000e+00 0.000e+00 0.000e+00 1.554e-11 6.218e-12 2.487e-11 3.731e-11 1.928e-10 3.700e-10 1.865e-10 8.083e-11 9.638e-11 5.285e-11 1.244e-11 3.109e-12 0.000e+00 0.000e+00 0.000e+00 0.000e+00 0.000e+00
0.000e+00 3.109e-12 2.487e-11 5.285e-11 3.109e-11 5.596e-11 1.150e-10 5.285e-11 1.368e-10 8.394e-11 3.731e-11 1.244e-11 0.000e+00 3.109e-12 0.000e+00 0.000e+00 0.000e+00 0.000e+00 0.000e+00 0.000e+00
3.109e-12 9.327e-11 1.368e-10 1.368e-10 7.461e-11 1.275e-10 3.109e-11 6.840e-11 1.150e-10 2.487e-11 0.000e+00 0.000e+00 0.000e+00 3.109e-12 0.000e+00 0.000e+00 0.000e+00 0.000e+00 0.000e+00 0.000e+00
9.327e-12 1.554e-11 2.487e-11 1.244e-11 3.420e-11 2.487e-11 2.176e-11 9.638e-11 1.057e-10 3.109e-11 1.865e-11 3.109e-12 0.000e+00 3.109e-12 0.000e+00 0.000e+00 0.000e+00 0.000e+00 0.000e+00 0.000e+00
0.000e+00 0.000e+00 3.109e-12 0.000e+00 0.000e+00 0.000e+00 3.109e-12 6.218e-12 3.109e-12 0.000e+00 0.000e+00 3.109e-12 3.420e-11 3.731e-11 2.176e-11 3.109e-12 0.000e+00 0.000e+00 0.000e+00 0.000e+00
0.000e+00 0.000e+00 0.000e+00 0.000e+00 0.000e+00 6.218e-12 6.840e-11 1.399e-10 1.461e-10 1.088e-10 6.529e-11 4.352e-11 4.042e-11 5.285e-11 4.352e-11 3.731e-11 0.000e+00 0.000e+00 0.000e+00 0.000e+00
0.000e+00 0.000e+00 0.000e+00 0.000e+00 0.000e+00 6.218e-12 4.352e-11 1.181e-10 2.456e-10 3.202e-10 2.301e-10 6.840e-11 9.327e-12 3.109e-12 0.000e+00 0.000e+00 0.000e+00 0.000e+00 0.000e+00 0.000e+00
0.000e+00 0.000e+00 0.000e+00 0.000e+00 3.109e-12 0.000e+00 0.000e+00 3.731e-11 1.337e-10 2.301e-10 2.518e-10 1.617e-10 6.840e-11 1.244e-11 0.000e+00 0.000e+00 0.000e+00 0.000e+00 0.000e+00 0.000e+00
0.000e+00 0.000e+00 0.000e+00 0.000e+00 0.000e+00 0.000e+00 0.000e+00 4.042e-11 1.275e-10 1.306e-10 2.083e-10 1.648e-10 2.145e-10 5.285e-11 6.218e-12 0.000e+00 0.000e+00 0.000e+00 0.000e+00 0.000e+00
0.000e+00 0.000e+00 0.000e+00 0.000e+00 0.000e+00 0.000e+00 0.000e+00 1.244e-11 1.648e-10 4.135e-10 6.280e-10 3.482e-10 7.151e-11 2.798e-11 2.798e-11 3.109e-12 0.000e+00 0.000e+00 0.000e+00 0.000e+00
0.000e+00 0.000e+00 0.000e+00 0.000e+00 0.000e+00 0.000e+00 0.000e+00 0.000e+00 9.327e-12 1.554e-11 4.663e-11 4.974e-11 5.907e-11 2.332e-10 7.461e-11 6.218e-12 0.000e+00 0.000e+00 0.000e+00 0.000e+00
0.000e+00 0.000e+00 0.000e+00 0.000e+00 0.000e+00 0.000e+00 0.000e+00 0.000e+00 0.000e+00 0.000e+00 0.000e+00 0.000e+00 2.164e-09 1.551e-08 5.254e-10 6.218e-12 0.000e+00 0.000e+00 0.000e+00 0.000e+00
0.000e+00 0.000e+00 0.000e+00 0.000e+00 0.000e+00 0.000e+00 0.000e+00 0.000e+00 0.000e+00 0.000e+00 0.000e+00 0.000e+00 1.032e-09 5.335e-09 9.638e-11 0.000e+00 0.000e+00 0.000e+00 0.000e+00 0.000e+00
# 2D Marginal for parameters ycen and Pzz with ranges 4.5180e+06 4.5188e+06 and 1.6710e+07 3.0978e+07
0.000e+00 0.000e+00 0.000e+00 0.000e+00 0.000e+00 0.000e+00 0.000e+00 0.000e+00 0.000e+00 0.000e+00 0.000e+00 0.000e+00 0.000e+00 0.000e+00 0.000e+00 0.000e+00 0.000e+00 0.000e+00 3.102e-12 3.102e-12
0.000e+00 0.000e+00 0.000e+00 0.000e+00 0.000e+00 0.000e+00 0.000e+00 0.000e+00 0.000e+00 0.000e+00 0.000e+00 0.000e+00 0.000e+00 0.000e+00 0.000e+00 0.000e+00 0.000e+00 0.000e+00 0.000e+00 0.000e+00
0.000e+00 0.000e+00 0.000e+00 0.000e+00 0.000e+00 0.000e+00 0.000e+00 0.000e+00 0.000e+00 0.000e+00 0.000e+00 0.000e+00 0.000e+00 0.000e+00 0.000e+00 0.000e+00 0.000e+00 0.000e+00 0.000e+00 0.000e+00
0.000e+00 0.000e+00 0.000e+00 0.000e+00 0.000e+00 0.000e+00 0.000e+00 0.000e+00 0.000e+00 0.000e+00 0.000e+00 0.000e+00 0.000e+00 0.000e+00 0.000e+00 0.000e+00 0.000e+00 0.000e+00 0.000e+00 3.102e-12
0.000e+00 0.000e+00 0.000e+00 0.000e+00 0.000e+00 0.000e+00 0.000e+00 0.000e+00 0.000e+00 0.000e+00 0.000e+00 0.000e+00 0.000e+00 0.000e+00 0.000e+00 0.000e+00 3.102e-12 3.102e-12 0.000e+00 0.000e+00
0.000e+00 0.000e+00 0.000e+00 0.000e+00 0.000e+00 0.000e+00 0.000e+00 0.000e+00 0.000e+00 0.000e+00 0.000e+00 0.000e+00 0.000e+00 0.000e+00 0.000e+00 3.722e-11 3.722e-11 9.306e-12 3.102e-12 3.102e-12
0.000e+00 0.000e+00 0.000e+00 0.000e+00 0.000e+00 0.000e+00 0.000e+00 0.000e+00 0.000e+00 0.000e+00 0.000e+00 0.000e+00 0.000e+00 0.000e+00 0.000e+00 7.073e-10 1.365e-10 3.102e-12 0.000e+00 0.000e+00
0.000e+00 0.000e+00 0.000e+00 0.000e+00 0.000e+00 0.000e+00 0.000e+00 0.000e+00 0.000e+00 0.000e+00 0.000e+00 0.000e+00 0.000e+00 2.171e-11 6.204e-11 9.306e-10 6.204e-11 0.000e+00 0.000e+00 0.000e+00
0.000e+00 0.000e+00 0.000e+00 0.000e+00 0.000e+00 0.000e+00 0.000e+00 0.000e+00 0.000e+00 0.000e+00 0.000e+00 0.000e+00 3.102e-12 1.086e-10 2.264e-10 2.699e-10 0.000e+00 0.000e+00 0.000e+00 0.000e+00
0.000e+00 0.000e+00 0.000e+00 0.000e+00 0.000e+00 0.000e+00 0.000e+00 0.000e+00 0.000e+00 0.000e+00 0.000e+00 0.000e+00 1.613e-10 3.753e-10 1.861e-10 8.996e-11 0.000e+00 0.000e+00 0.000e+00 0.000e+00
0.000e+00 0.000e+00 0.000e+00 0.000e+00 0.000e+00 0.000e+00 0.000e+00 0.000e+00 0.000e+00 0.000e+00 0.000e+00 0.000e+00 1.210e-10 2.575e-10 1.551e-11 6.204e-12 0.000e+00 0.000e+00 0.000e+00 0.000e+00
0.000e+00 0.000e+00 0.000e+00 0.000e+00 0.000e+00 0.000e+00 0.000e+00 3.102e-12 6.204e-12 0.000e+00 0.000e+00 0.000e+00 7.445e-11 3.102e-11 0.000e+00 0.000e+00 0.000e+00 0.000e+00 0.000e+00 0.000e+00
0.000e+00 0.000e+00 0.000e+00 0.000e+00 0.000e+00 0.000e+00 3.102e-12 6.514e-11 1.675e-10 7.135e-11 6.204e-11 1.334e-10 2.233e-10 2.482e-11 0.000e+00 0.000e+00 0.000e+00 0.000e+00 0.000e+00 0.000e+00
0.000e+00 0.000e+00 0.000e+00 0.000e+00 0.000e+00 0.000e+00 5.584e-11 2.233e-10 3.412e-11 6.204e-11 4.188e-10 2.140e-10 3.412e-11 0.000e+00 0.000e+00 0.000e+00 0.000e+00 0.000e+00 0.000e+00 0.000e+00
0.000e+00 0.000e+00 0.000e+00 0.000e+00 0.000e+00 2.171e-11 2.606e-10 1.644e-10 0.000e+00 3.412e-11 3.940e-10 2.171e-11 0.000e+00 0.000e+00 0.000e+00 0.000e+00 0.000e+00 0.000e+00 0.000e+00 0.000e+00
0.000e+00 0.000e+00 0.000e+00 6.204e-12 2.482e-11 2.327e-10 4.808e-10 1.706e-10 0.000e+00 0.000e+00 2.792e-11 0.000e+00 0.000e+00 0.000e+00 0.000e+00 0.000e+00 0.000e+00 0.000e+00 0.000e+00 0.000e+00
0.000e+00 0.000e+00 6.204e-12 3.412e-11 1.551e-10 9.802e-10 5.180e-10 0.000e+00 0.000e+00 0.000e+00 0.000e+00 0.000e+00 0.000e+00 0.000e+00 0.000e+00 0.000e+00 0.000e+00 0.000e+00 0.000e+00 0.000e+00
0.000e+00 6.824e-11 2.296e-10 8.375e-11 1.551e-11 8.996e-11 6.204e-12 0.000e+00 0.000e+00 0.000e+00 0.000e+00 0.000e+00 0.000e+00 0.000e+00 0.000e+00 0.000e+00 0.000e+00 0.000e+00 0.000e+00 0.000e+00
6.731e-10 1.606e-08 1.433e-09 0.000e+00 0.000e+00 0.000e+00 0.000e+00 0.000e+00 0.000e+00 0.000e+00 0.000e+00 0.000e+00 0.000e+00 0.000e+00 0.000e+00 0.000e+00 0.000e+00 0.000e+00 0.000e+00 0.000e+00
1.805e-09 4.631e-09 1.241e-11 0.000e+00 0.000e+00 0.000e+00 0.000e+00 0.000e+00 0.000e+00 0.000e+00 0.000e+00 0.000e+00 0.000e+00 0.000e+00 0.000e+00 0.000e+00 0.000e+00 0.000e+00 0.000e+00 0.000e+00
# 2D Marginal for parameters depth and Pxx with ranges 2.8211e+03 5.0929e+03 and 1.0001e+06 1.4878e+07
0.000e+00 0.000e+00 0.000e+00 0.000e+00 0.000e+00 0.000e+00 0.000e+00 0.000e+00 0.000e+00 0.000e+00 0.000e+00 0.000e+00 0.000e+00 0.000e+00 0.000e+00 0.000e+00 0.000e+00 0.000e+00 2.082e-10 5.904e-10
0.000e+00 0.000e+00 0.000e+00 0.000e+00 0.000e+00 0.000e+00 0.000e+00 0.000e+00 0.000e+00 0.000e+00 0.000e+00 0.000e+00 0.000e+00 0.000e+00 0.000e+00 0.000e+00 0.000e+00 0.000e+00 3.339e-09 4.419e-09
0.000e+00 0.000e+00 0.000e+00 0.000e+00 0.000e+00 0.000e+00 0.000e+00 0.000e+00 0.000e+00 0.000e+00 0.000e+00 0.000e+00 0.000e+00 0.000e+00 0.000e+00 0.000e+00 0.000e+00 1.144e-12 4.657e-10 1.716e-10
0.000e+00 0.000e+00 0.000e+00 0.000e+00 0.000e+00 0.000e+00 0.000e+00 0.000e+00 0.000e+00 0.000e+00 0.000e+00 0.000e+00 0.000e+00 0.000e+00 0.000e+00 0.000e+00 0.000e+00 9.154e-12 2.403e-11 0.000e+00
0.000e+00 0.000e+00 0.000e+00 0.000e+00 0.000e+00 0.000e+00 0.000e+00 0.000e+00 0.000e+00 0.000e+00 0.000e+00 0.000e+00 0.000e+00 0.000e+00 0.000e+00 0.000e+00 8.009e-12 1.602e-11 2.288e-12 0.000e+00
0.000e+00 0.000e+00 0.000e+00 0.000e+00 0.000e+00 0.000e+00 0.000e+00 0.000e+00 0.000e+00 0.000e+00 0.000e+00 0.000e+00 0.000e+00 0.000e+00 0.000e+00 2.288e-12 5.721e-11 4.577e-12 0.000e+00 0.000e+00
0.000e+00 0.000e+00 0.000e+00 0.000e+00 0.000e+00 0.000e+00 0.000e+00 0.000e+00 0.000e+00 0.000e+00 0.000e+00 0.000e+00 1.144e-12 3.204e-11 1.144e-10 1.018e-10 9.955e-11 6.865e-12 0.000e+00 0.000e+00
0.000e+00 0.000e+00 0.000e+00 0.000e+00 0.000e+00 0.000e+00 0.000e+00 0.000e+00 0.000e+00 0.000e+00 4.577e-12 3.661e-11 7.552e-11 1.201e-10 9.154e-11 1.201e-10 7.323e-11 4.577e-12 0.000e+00 0.000e+00
0.000e+00 0.000e+00 0.000e+00 0.000e+00 0.000e+00 0.000e+00 0.000e+00 0.000e+00 1.144e-12 2.403e-11 7.094e-11 1.144e-10 1.831e-11 0.000e+00 0.000e+00 0.000e+00 0.000e+00 0.000e+00 0.000e+00 0.000e+00
0.000e+00 0.000e+00 0.000e+00 0.000e+00 0.000e+00 0.000e+00 0.000e+00 1.144e-12 2.174e-11 7.895e-11 3.318e-11 1.030e-11 4.577e-12 0.000e+00 0.000e+00 0.000e+00 0.000e+00 0.000e+00 0.000e+00 0.000e+00
0.000e+00 0.000e+00 0.000e+00 0.000e+00 0.000e+00 0.000e+00 0.000e+00 5.721e-12 2.746e-11 6.751e-11 1.350e-10 8.353e-11 1.831e-11 0.000e+00 0.000e+00 0.000e+00 0.000e+00 0.000e+00 0.000e+00 0.000e+00
0.000e+00 0.000e+00 0.000e+00 0.000e+00 0.000e+00 0.000e+00 0.000e+00 2.403e-11 4.005e-11 3.547e-11 1.259e-11 2.517e-11 2.632e-11 6.865e-12 0.000e+00 0.000e+00 0.000e+00 0.000e+00 0.000e+00 0.000e+00
0.000e+00 0.000e+00 0.000e+00 0.000e+00 0.000e+00 2.288e-12 4.348e-11 4.462e-11 4.348e-11 1.716e-11 2.060e-11 1.030e-11 0.000e+00 0.000e+00 0.000e+00 0.000e+00 0.000e+00 0.000e+00 0.000e+00 0.000e+00
0.000e+00 0.000e+00 0.000e+00 0.000e+00 3.433e-12 1.487e-11 2.975e-11 1.030e-11 1.144e-12 0.000e+00 0.000e+00 0.000e+00 0.000e+00 0.000e+00 0.000e+00 0.000e+00 0.000e+00 0.000e+00 0.000e+00 0.000e+00
0.000e+00 9.154e-12 1.602e-11 2.517e-11 4.005e-11 1.831e-11 1.144e-12 0.000e+00 0.000e+00 0.000e+00 0.000e+00 0.000e+00 0.000e+00 0.000e+00 0.000e+00 0.000e+00 0.000e+00 0.000e+00 0.000e+00 0.000e+00
5.950e-11 6.751e-11 4.691e-11 6.865e-12 0.000e+00 0.000e+00 0.000e+00 0.000e+00 0.000e+00 0.000e+00 0.000e+00 0.000e+00 0.000e+00 0.000e+00 0.000e+00 0.000e+00 0.000e+00 0.000e+00 0.000e+00 0.000e+00
1.934e-10 2.288e-12 0.000e+00 0.000e+00 0.000e+00 0.000e+00 0.000e+00 0.000e+00 0.000e+00 0.000e+00 0.000e+00 0.000e+00 0.000e+00 0.000e+00 0.000e+00 0.000e+00 0.000e+00 0.000e+00 0.000e+00 0.000e+00
2.517e-10 1.144e-12 0.000e+00 0.000e+00 0.000e+00 0.000e+00 0.000e+00 0.000e+00 0.000e+00 0.000e+00 0.000e+00 0.000e+00 0.000e+00 0.000e+00 0.000e+00 0.000e+00 0.000e+00 0.000e+00 0.000e+00 0.000e+00
2.700e-10 2.288e-12 1.144e-12 0.000e+00 0.000e+00 1.144e-12 0.000e+00 0.000e+00 0.000e+00 0.000e+00 0.000e+00 0.000e+00 0.000e+00 0.000e+00 0.000e+00 0.000e+00 0.000e+00 0.000e+00 0.000e+00 0.000e+00
3.284e-10 1.144e-11 1.144e-12 1.144e-12 1.144e-12 1.144e-12 0.000e+00 0.000e+00 0.000e+00 0.000e+00 0.000e+00 0.000e+00 0.000e+00 0.000e+00 0.000e+00 0.000e+00 0.000e+00 0.000e+00 0.000e+00 0.000e+00
# 2D Marginal for parameters depth and Pyy with ranges 2.8211e+03 5.0929e+03 and 7.0993e+06 2.1336e+07
0.000e+00 0.000e+00 0.000e+00 0.000e+00 0.000e+00 0.000e+00 0.000e+00 0.000e+00 0.000e+00 0.000e+00 0.000e+00 0.000e+00 7.139e-11 6.837e-10 2.342e-11 0.000e+00 0.000e+00 0.000e+00 0.000e+00 0.000e+00
0.000e+00 0.000e+00 0.000e+00 0.000e+00 0.000e+00 0.000e+00 0.000e+00 0.000e+00 0.000e+00 0.000e+00 0.000e+00 0.000e+00 9.570e-10 6.409e-09 1.919e-10 4.462e-12 0.000e+00 0.000e+00 0.000e+00 0.000e+00
0.000e+00 0.000e+00 0.000e+00 0.000e+00 0.000e+00 0.000e+00 0.000e+00 0.000e+00 0.000e+00 0.000e+00 0.000e+00 0.000e+00 1.260e-10 4.618e-10 3.346e-11 1.115e-12 0.000e+00 0.000e+00 0.000e+00 0.000e+00
0.000e+00 0.000e+00 0.000e+00 0.000e+00 0.000e+00 0.000e+00 0.000e+00 0.000e+00 0.000e+00 0.000e+00 0.000e+00 0.000e+00 7.808e-12 1.115e-11 1.338e-11 0.000e+00 0.000e+00 0.000e+00 0.000e+00 0.000e+00
0.000e+00 0.000e+00 0.000e+00 0.000e+00 0.000e+00 0.000e+00 0.000e+00 0.000e+00 0.000e+00 0.000e+00 0.000e+00 5.577e-12 1.450e-11 5.577e-12 0.000e+00 0.000e+00 0.000e+00 0.000e+00 0.000e+00 0.000e+00
0.000e+00 0.000e+00 0.000e+00 0.000e+00 0.000e+00 0.000e+00 0.000e+00 0.000e+00 0.000e+00 3.346e-12 2.677e-11 2.565e-11 6.692e-12 0.000e+00 0.000e+00 0.000e+00 0.000e+00 0.000e+00 0.000e+00 0.000e+00
0.000e+00 0.000e+00 0.000e+00 0.000e+00 0.000e+00 0.000e+00 0.000e+00 0.000e+00 1.115e-12 3.235e-11 1.673e-10 1.004e-10 4.015e-11 5.577e-12 0.000e+00 0.000e+00 0.000e+00 0.000e+00 0.000e+00 0.000e+00
0.000e+00 0.000e+00 0.000e+00 0.000e+00 0.000e+00 0.000e+00 0.000e+00 1.115e-12 3.123e-11 1.093e-10 1.640e-10 1.182e-10 7.139e-11 1.785e-11 0.000e+00 0.000e+00 0.000e+00 0.000e+00 0.000e+00 0.000e+00
0.000e+00 0.000e+00 0.000e+00 0.000e+00 0.000e+00 0.000e+00 0.000e+00 1.673e-11 9.481e-11 8.700e-11 2.342e-11 1.115e-12 0.000e+00 0.000e+00 0.000e+00 0.000e+00 0.000e+00 0.000e+00 0.000e+00 0.000e+00
0.000e+00 0.000e+00 0.000e+00 0.000e+00 0.000e+00 0.000e+00 1.115e-12 2.231e-11 6.023e-11 4.685e-11 8.923e-12 6.692e-12 0.000e+00 0.000e+00 0.000e+00 0.000e+00 0.000e+00 0.000e+00 0.000e+00 0.000e+00
0.000e+00 0.000e+00 0.000e+00 0.000e+00 0.000e+00 0.000e+00 7.808e-12 2.677e-11 3.458e-11 1.205e-10 1.082e-10 2.677e-11 1.115e-12 0.000e+00 1.115e-12 2.231e-12 0.000e+00 0.000e+00 0.000e+00 0.000e+00
0.000e+00 0.000e+00 0.000e+00 0.000e+00 0.000e+00 0.000e+00 0.000e+00 1.896e-11 5.242e-11 2.342e-11 1.115e-12 0.000e+00 4.462e-12 3.123e-11 2.231e-11 1.227e-11 0.000e+00 0.000e+00 0.000e+00 0.000e+00
0.000e+00 0.000e+00 0.000e+00 0.000e+00 1.115e-12 4.462e-12 3.123e-11 4.127e-11 2.342e-11 1.450e-11 1.562e-11 1.785e-11 2.454e-11 3.346e-12 0.000e+00 0.000e+00 0.000e+00 0.000e+00 0.000e+00 0.000e+00
0.000e+00 0.000e+00 0.000e+00 0.000e+00 0.000e+00 0.000e+00 1.115e-12 1.115e-11 3.012e-11 1.115e-11 4.462e-12 0.000e+00 0.000e+00 0.000e+00 0.000e+00 0.000e+00 0.000e+00 0.000e+00 0.000e+00 0.000e+00
1.115e-12 8.923e-12 2.231e-12 1.004e-11 1.673e-11 1.450e-11 1.227e-11 3.569e-11 5.577e-12 0.000e+00 0.000e+00 0.000e+00 0.000e+00 0.000e+00 0.000e+00 0.000e+00 0.000e+00 0.000e+00 0.000e+00 0.000e+00
3.346e-12 3.123e-11 6.581e-11 6.023e-11 1.450e-11 1.115e-12 0.000e+00 0.000e+00 0.000e+00 0.000e+00 0.000e+00 0.000e+00 0.000e+00 0.000e+00 0.000e+00 0.000e+00 0.000e+00 0.000e+00 0.000e+00 0.000e+00
0.000e+00 0.000e+00 0.000e+00 7.808e-12 2.119e-11 5.689e-11 3.346e-11 1.450e-11 3.569e-11 2.008e-11 1.115e-12 0.000e+00 0.000e+00 0.000e+00 0.000e+00 0.000e+00 0.000e+00 0.000e+00 0.000e+00 0.000e+00
0.000e+00 0.000e+00 0.000e+00 0.000e+00 0.000e+00 1.115e-11 2.454e-11 1.785e-11 9.704e-11 8.589e-11 1.004e-11 0.000e+00 0.000e+00 0.000e+00 0.000e+00 0.000e+00 0.000e+00 0.000e+00 0.000e+00 0.000e+00
0.000e+00 0.000e+00 0.000e+00 0.000e+00 0.000e+00 0.000e+00 1.115e-12 6.581e-11 1.071e-10 6.804e-11 1.450e-11 0.000e+00 0.000e+00 3.346e-12 5.577e-12 0.000e+00 1.115e-12 0.000e+00 1.115e-12 0.000e+00
0.000e+00 0.000e+00 0.000e+00 0.000e+00 0.000e+00 0.000e+00 3.346e-12 2.008e-11 5.354e-11 9.481e-11 6.469e-11 4.239e-11 3.012e-11 1.673e-11 4.462e-12 1.115e-12 2.231e-12 0.000e+00 0.000e+00 2.231e-12
# 2D Marginal for parameters depth and Pzz with ranges 2.8211e+03 5.0929e+03 and 1.6710e+07 3.0978e+07
6.143e-10 1.625e-10 0.000e+00 0.000e+00 0.000e+00 0.000e+00 0.000e+00 0.000e+00 0.000e+00 0.000e+00 0.000e+00 0.000e+00 0.000e+00 0.000e+00 0.000e+00 0.000e+00 0.000e+00 0.000e+00 0.000e+00 0.000e+00
2.749e-10 7.130e-09 1.413e-10 0.000e+00 0.000e+00 0.000e+00 0.000e+00 0.000e+00 0.000e+00 0.000e+00 0.000e+00 0.000e+00 0.000e+00 0.000e+00 0.000e+00 0.000e+00 0.000e+00 0.000e+00 0.000e+00 0.000e+00
0.000e+00 1.547e-10 4.596e-10 6.678e-12 0.000e+00 0.000e+00 0.000e+00 0.000e+00 0.000e+00 0.000e+00 0.000e+00 0.000e+00 0.000e+00 0.000e+00 0.000e+00 0.000e+00 0.000e+00 0.000e+00 0.000e+00 0.000e+00
0.000e+00 0.000e+00 2.226e-12 2.671e-11 3.339e-12 0.000e+00 0.000e+00 0.000e+00 0.000e+00 0.000e+00 0.000e+00 0.000e+00 0.000e+00 0.000e+00 0.000e+00 0.000e+00 0.000e+00 0.000e+00 0.000e+00 0.000e+00
0.000e+00 0.000e+00 0.000e+00 1.113e-11 1.447e-11 0.000e+00 0.000e+00 0.000e+00 0.000e+00 0.000e+00 0.000e+00 0.000e+00 0.000e+00 0.000e+00 0.000e+00 0.000e+00 0.000e+00 0.000e+00 0.000e+00 0.000e+00
0.000e+00 0.000e+00 0.000e+00 0.000e+00 4.229e-11 2.003e-11 0.000e+00 0.000e+00 0.000e+00 0.000e+00 0.000e+00 0.000e+00 0.000e+00 0.000e+00 0.000e+00 0.000e+00 0.000e+00 0.000e+00 0.000e+00 0.000e+00
0.000e+00 0.000e+00 0.000e+00 0.000e+00 1.002e-11 2.382e-10 9.794e-11 0.000e+00 0.000e+00 0.000e+00 0.000e+00 0.000e+00 0.000e+00 0.000e+00 0.000e+00 0.000e+00 0.000e+00 0.000e+00 0.000e+00 0.000e+00
0.000e+00 0.000e+00 0.000e+00 0.000e+00 0.000e+00 2.092e-10 2.448e-10 5.787e-11 0.000e+00 0.000e+00 0.000e+00 0.000e+00 0.000e+00 0.000e+00 0.000e+00 0.000e+00 0.000e+00 0.000e+00 0.000e+00 0.000e+00
0.000e+00 0.000e+00 0.000e+00 0.000e+00 0.000e+00 7.791e-12 1.291e-10 7.679e-11 8.904e-12 0.000e+00 0.000e+00 0.000e+00 0.000e+00 0.000e+00 0.000e+00 0.000e+00 0.000e+00 0.000e+00 0.000e+00 0.000e+00
0.000e+00 0.000e+00 0.000e+00 0.000e+00 0.000e+00 0.000e+00 3.339e-12 9.015e-11 3.339e-11 1.224e-11 6.678e-12 0.000e+00 0.000e+00 0.000e+00 0.000e+00 0.000e+00 0.000e+00 0.000e+00 0.000e+00 0.000e+00
0.000e+00 0.000e+00 0.000e+00 0.000e+00 0.000e+00 0.000e+00 0.000e+00 0.000e+00 3.228e-11 4.563e-11 2.404e-10 6.678e-12 3.339e-12 0.000e+00 0.000e+00 0.000e+00 0.000e+00 0.000e+00 0.000e+00 0.000e+00
0.000e+00 0.000e+00 0.000e+00 0.000e+00 0.000e+00 0.000e+00 0.000e+00 0.000e+00 0.000e+00 2.226e-12 7.457e-11 1.892e-11 5.676e-11 1.336e-11 0.000e+00 0.000e+00 0.000e+00 0.000e+00 0.000e+00 0.000e+00
0.000e+00 0.000e+00 0.000e+00 0.000e+00 0.000e+00 0.000e+00 0.000e+00 0.000e+00 0.000e+00 0.000e+00 2.226e-12 1.068e-10 6.121e-11 6.678e-12 0.000e+00 0.000e+00 0.000e+00 0.000e+00 0.000e+00 0.000e+00
0.000e+00 0.000e+00 0.000e+00 0.000e+00 0.000e+00 0.000e+00 0.000e+00 0.000e+00 0.000e+00 0.000e+00 0.000e+00 0.000e+00 7.791e-12 5.008e-11 0.000e+00 0.000e+00 0.000e+00 0.000e+00 0.000e+00 0.000e+00
0.000e+00 0.000e+00 0.000e+00 0.000e+00 0.000e+00 0.000e+00 0.000e+00 0.000e+00 0.000e+00 0.000e+00 0.000e+00 0.000e+00 3.339e-11 7.345e-11 0.000e+00 0.000e+00 0.000e+00 0.000e+00 0.000e+00 0.000e+00
0.000e+00 0.000e+00 0.000e+00 0.000e+00 0.000e+00 0.000e+00 0.000e+00 0.000e+00 0.000e+00 0.000e+00 0.000e+00 0.000e+00 5.899e-11 1.169e-10 0.000e+00 0.000e+00 0.000e+00 0.000e+00 0.000e+00 0.000e+00
0.000e+00 0.000e+00 0.000e+00 0.000e+00 0.000e+00 0.000e+00 0.000e+00 0.000e+00 0.000e+00 0.000e+00 0.000e+00 0.000e+00 0.000e+00 3.339e-11 1.180e-10 3.895e-11 0.000e+00 0.000e+00 0.000e+00 0.000e+00
0.000e+00 0.000e+00 0.000e+00 0.000e+00 0.000e+00 0.000e+00 0.000e+00 0.000e+00 0.000e+00 0.000e+00 0.000e+00 0.000e+00 0.000e+00 0.000e+00 5.231e-11 1.681e-10 2.560e-11 0.000e+00 0.000e+00 0.000e+00
0.000e+00 0.000e+00 0.000e+00 0.000e+00 0.000e+00 0.000e+00 0.000e+00 0.000e+00 0.000e+00 0.000e+00 0.000e+00 0.000e+00 0.000e+00 0.000e+00 0.000e+00 2.315e-10 3.116e-11 3.339e-12 0.000e+00 1.113e-12
0.000e+00 0.000e+00 0.000e+00 0.000e+00 0.000e+00 0.000e+00 0.000e+00 0.000e+00 0.000e+00 0.000e+00 0.000e+00 0.000e+00 0.000e+00 0.000e+00 5.565e-12 2.938e-10 2.894e-11 2.226e-12 2.226e-12 2.226e-12
# 2D Marginal for parameters Pxx and Pyy with ranges 1.0001e+06 1.4878e+07 and 7.0993e+06 2.1336e+07
5.478e-16 2.374e-15 2.739e-15 5.112e-15 3.287e-15 1.114e-14 1.004e-14 1.935e-14 4.802e-14 4.382e-14 1.479e-14 6.938e-15 4.747e-15 2.374e-15 7.304e-16 0.000e+00 0.000e+00 0.000e+00 0.000e+00 0.000e+00
0.000e+00 3.834e-15 5.295e-15 2.374e-15 9.129e-16 0.000e+00 1.826e-16 0.000e+00 0.000e+00 1.826e-16 0.000e+00 0.000e+00 1.826e-16 9.129e-16 9.129e-16 0.000e+00 1.826e-16 0.000e+00 0.000e+00 0.000e+00
1.826e-16 3.652e-16 3.104e-15 4.565e-15 1.643e-15 1.826e-16 0.000e+00 0.000e+00 0.000e+00 0.000e+00 0.000e+00 0.000e+00 0.000e+00 0.000e+00 0.000e+00 1.826e-16 1.826e-16 0.000e+00 0.000e+00 0.000e+00
0.000e+00 0.000e+00 0.000e+00 7.304e-16 2.556e-15 1.643e-15 1.826e-16 0.000e+00 0.000e+00 0.000e+00 0.000e+00 0.000e+00 0.000e+00 0.000e+00 0.000e+00 0.000e+00 1.826e-16 0.000e+00 0.000e+00 0.000e+00
0.000e+00 0.000e+00 0.000e+00 0.000e+00 1.826e-16 7.304e-16 1.826e-15 4.200e-15 0.000e+00 0.000e+00 0.000e+00 0.000e+00 0.000e+00 0.000e+00 0.000e+00 0.000e+00 0.000e+00 0.000e+00 0.000e+00 1.826e-16
0.000e+00 0.000e+00 0.000e+00 0.000e+00 0.000e+00 1.826e-16 1.826e-16 3.287e-15 2.008e-15 0.000e+00 0.000e+00 0.000e+00 0.000e+00 0.000e+00 0.000e+00 0.000e+00 0.000e+00 0.000e+00 1.826e-16 1.826e-16
0.000e+00 0.000e+00 0.000e+00 0.000e+00 1.826e-16 5.478e-16 4.382e-15 2.008e-15 3.469e-15 1.278e-15 0.000e+00 0.000e+00 0.000e+00 0.000e+00 0.000e+00 0.000e+00 0.000e+00 0.000e+00 0.000e+00 0.000e+00
0.000e+00 0.000e+00 0.000e+00 0.000e+00 0.000e+00 0.000e+00 1.826e-15 6.938e-15 3.469e-15 7.304e-16 7.304e-16 0.000e+00 0.000e+00 0.000e+00 0.000e+00 0.000e+00 0.000e+00 0.000e+00 0.000e+00 0.000e+00
0.000e+00 0.000e+00 0.000e+00 0.000e+00 0.000e+00 0.000e+00 3.652e-16 6.208e-15 9.312e-15 3.287e-15 1.643e-15 3.652e-16 3.652e-16 0.000e+00 0.000e+00 0.000e+00 0.000e+00 0.000e+00 0.000e+00 0.000e+00
0.000e+00 0.000e+00 0.000e+00 0.000e+00 0.000e+00 0.000e+00 0.000e+00 3.469e-15 1.534e-14 1.333e-14 1.461e-15 1.643e-15 3.652e-16 0.000e+00 0.000e+00 0.000e+00 0.000e+00 0.000e+00 0.000e+00 0.000e+00
0.000e+00 0.000e+00 0.000e+00 0.000e+00 0.000e+00 0.000e+00 0.000e+00 2.008e-15 8.034e-15 2.008e-14 8.399e-15 1.278e-15 2.739e-15 1.643e-15 0.000e+00 0.000e+00 0.000e+00 0.000e+00 0.000e+00 0.000e+00
0.000e+00 0.000e+00 0.000e+00 0.000e+00 0.000e+00 0.000e+00 0.000e+00 3.652e-16 9.677e-15 1.187e-14 1.388e-14 3.104e-15 1.278e-15 3.287e-15 1.278e-15 0.000e+00 0.000e+00 0.000e+00 0.000e+00 0.000e+00
0.000e+00 0.000e+00 0.000e+00 0.000e+00 0.000e+00 0.000e+00 0.000e+00 0.000e+00 3.104e-15 9.312e-15 3.104e-15 2.739e-15 1.826e-16 7.304e-16 2.191e-15 1.643e-15 0.000e+00 0.000e+00 0.000e+00 0.000e+00
0.000e+00 0.000e+00 0.000e+00 0.000e+00 0.000e+00 0.000e+00 0.000e+00 0.000e+00 1.826e-16 6.938e-15 1.351e-14 3.652e-15 0.000e+00 0.000e+00 3.652e-16 7.304e-16 0.000e+00 0.000e+00 0.000e+00 0.000e+00
0.000e+00 0.000e+00 0.000e+00 0.000e+00 0.000e+00 0.000e+00 0.000e+00 0.000e+00 0.000e+00 3.834e-15 1.917e-14 9.312e-15 5.478e-16 0.000e+00 0.000e+00 0.000e+00 0.000e+00 0.000e+00 0.000e+00 0.000e+00
0.000e+00 0.000e+00 0.000e+00 0.000e+00 0.000e+00 0.000e+00 0.000e+00 0.000e+00 0.000e+00 2.008e-15 1.315e-14 1.552e-14 4.747e-15 3.652e-16 0.000e+00 0.000e+00 0.000e+00 0.000e+00 0.000e+00 0.000e+00
0.000e+00 0.000e+00 0.000e+00 0.000e+00 0.000e+00 0.000e+00 0.000e+00 0.000e+00 0.000e+00 7.304e-16 9.860e-15 1.150e-14 1.315e-14 2.739e-15 0.000e+00 0.000e+00 0.000e+00 0.000e+00 0.000e+00 0.000e+00
0.000e+00 0.000e+00 0.000e+00 0.000e+00 0.000e+00 0.000e+00 0.000e+00 0.000e+00 0.000e+00 0.000e+00 1.826e-16 3.652e-16 4.382e-15 1.826e-15 0.000e+00 0.000e+00 0.000e+00 0.000e+00 0.000e+00 0.000e+00
0.000e+00 0.000e+00 0.000e+00 0.000e+00 0.000e+00 0.000e+00 0.000e+00 0.000e+00 0.000e+00 0.000e+00 0.000e+00 0.000e+00 1.601e-13 4.789e-13 5.478e-15 0.000e+00 0.000e+00 0.000e+00 0.000e+00 0.000e+00
0.000e+00 0.000e+00 0.000e+00 0.000e+00 0.000e+00 0.000e+00 0.000e+00 0.000e+00 0.000e+00 0.000e+00 0.000e+00 0.000e+00 2.903e-14 7.594e-13 3.743e-14 9.129e-16 0.000e+00 0.000e+00 0.000e+00 0.000e+00
# 2D Marginal for parameters Pxx and Pzz with ranges 1.0001e+06 1.4878e+07 and 1.6710e+07 3.0978e+07
0.000e+00 0.000e+00 0.000e+00 0.000e+00 0.000e+00 0.000e+00 0.000e+00 0.000e+00 0.000e+00 0.000e+00 0.000e+00 0.000e+00 3.461e-15 1.130e-14 2.860e-14 1.193e-13 1.257e-14 3.644e-16 0.000e+00 0.000e+00
0.000e+00 0.000e+00 0.000e+00 0.000e+00 0.000e+00 0.000e+00 0.000e+00 0.000e+00 0.000e+00 0.000e+00 0.000e+00 0.000e+00 6.012e-15 6.376e-15 1.822e-16 5.466e-16 1.275e-15 3.644e-16 1.822e-16 0.000e+00
0.000e+00 0.000e+00 0.000e+00 0.000e+00 0.000e+00 0.000e+00 0.000e+00 0.000e+00 0.000e+00 0.000e+00 0.000e+00 0.000e+00 3.644e-15 6.376e-15 0.000e+00 0.000e+00 1.822e-16 1.822e-16 0.000e+00 0.000e+00
0.000e+00 0.000e+00 0.000e+00 0.000e+00 0.000e+00 0.000e+00 0.000e+00 0.000e+00 0.000e+00 0.000e+00 0.000e+00 0.000e+00 5.466e-16 4.555e-15 0.000e+00 0.000e+00 0.000e+00 0.000e+00 1.822e-16 0.000e+00
0.000e+00 0.000e+00 0.000e+00 0.000e+00 0.000e+00 0.000e+00 0.000e+00 0.000e+00 0.000e+00 0.000e+00 0.000e+00 0.000e+00 1.093e-15 5.830e-15 0.000e+00 0.000e+00 0.000e+00 0.000e+00 0.000e+00 1.822e-16
0.000e+00 0.000e+00 0.000e+00 0.000e+00 0.000e+00 0.000e+00 0.000e+00 0.000e+00 0.000e+00 0.000e+00 0.000e+00 3.644e-16 7.287e-16 4.555e-15 0.000e+00 0.000e+00 0.000e+00 0.000e+00 0.000e+00 3.644e-16
0.000e+00 0.000e+00 0.000e+00 0.000e+00 0.000e+00 0.000e+00 0.000e+00 0.000e+00 0.000e+00 0.000e+00 1.822e-16 6.741e-15 7.287e-16 4.190e-15 0.000e+00 0.000e+00 0.000e+00 0.000e+00 0.000e+00 0.000e+00
0.000e+00 0.000e+00 0.000e+00 0.000e+00 0.000e+00 0.000e+00 0.000e+00 0.000e+00 9.109e-16 5.466e-16 3.644e-15 6.559e-15 3.644e-16 1.640e-15 0.000e+00 0.000e+00 0.000e+00 0.000e+00 0.000e+00 0.000e+00
0.000e+00 0.000e+00 0.000e+00 0.000e+00 0.000e+00 0.000e+00 1.822e-16 2.004e-15 4.372e-15 1.275e-15 4.372e-15 6.012e-15 3.097e-15 1.822e-16 0.000e+00 0.000e+00 0.000e+00 0.000e+00 0.000e+00 0.000e+00
0.000e+00 0.000e+00 0.000e+00 0.000e+00 0.000e+00 0.000e+00 9.109e-16 1.166e-14 5.101e-15 3.097e-15 1.093e-14 9.109e-16 2.551e-15 3.644e-16 0.000e+00 0.000e+00 0.000e+00 0.000e+00 0.000e+00 0.000e+00
0.000e+00 0.000e+00 0.000e+00 0.000e+00 0.000e+00 7.287e-16 5.101e-15 8.745e-15 1.640e-15 3.279e-15 1.931e-14 0.000e+00 5.283e-15 0.000e+00 0.000e+00 0.000e+00 0.000e+00 0.000e+00 0.000e+00 0.000e+00
0.000e+00 0.000e+00 0.000e+00 0.000e+00 0.000e+00 3.644e-15 1.457e-14 6.376e-15 1.822e-16 1.640e-15 1.184e-14 5.466e-16 5.101e-15 7.287e-16 0.000e+00 0.000e+00 0.000e+00 0.000e+00 0.000e+00 0.000e+00
0.000e+00 0.000e+00 0.000e+00 0.000e+00 0.000e+00 9.291e-15 5.283e-15 5.466e-16 0.000e+00 0.000e+00 2.733e-15 5.466e-16 3.097e-15 1.457e-15 0.000e+00 0.000e+00 0.000e+00 0.000e+00 0.000e+00 0.000e+00
0.000e+00 0.000e+00 0.000e+00 0.000e+00 0.000e+00 1.968e-14 4.555e-15 0.000e+00 0.000e+00 0.000e+00 0.000e+00 0.000e+00 5.466e-16 5.466e-16 0.000e+00 0.000e+00 0.000e+00 0.000e+00 0.000e+00 0.000e+00
0.000e+00 0.000e+00 0.000e+00 0.000e+00 9.109e-16 2.350e-14 7.834e-15 5.466e-16 0.000e+00 0.000e+00 0.000e+00 0.000e+00 0.000e+00 0.000e+00 0.000e+00 0.000e+00 0.000e+00 0.000e+00 0.000e+00 0.000e+00
0.000e+00 0.000e+00 0.000e+00 0.000e+00 1.093e-15 1.148e-14 1.949e-14 3.644e-15 0.000e+00 0.000e+00 0.000e+00 0.000e+00 0.000e+00 0.000e+00 0.000e+00 0.000e+00 0.000e+00 0.000e+00 0.000e+00 0.000e+00
0.000e+00 0.000e+00 0.000e+00 5.466e-16 7.105e-15 8.927e-15 1.804e-14 3.279e-15 0.000e+00 0.000e+00 0.000e+00 0.000e+00 0.000e+00 0.000e+00 0.000e+00 0.000e+00 0.000e+00 0.000e+00 0.000e+00 0.000e+00
0.000e+00 1.822e-16 0.000e+00 2.733e-15 1.457e-15 5.466e-16 1.822e-15 0.000e+00 0.000e+00 0.000e+00 0.000e+00 0.000e+00 0.000e+00 0.000e+00 0.000e+00 0.000e+00 0.000e+00 0.000e+00 0.000e+00 0.000e+00
6.030e-14 5.247e-13 5.338e-14 3.826e-15 9.109e-16 0.000e+00 0.000e+00 0.000e+00 0.000e+00 0.000e+00 0.000e+00 0.000e+00 0.000e+00 0.000e+00 0.000e+00 0.000e+00 0.000e+00 0.000e+00 0.000e+00 0.000e+00
8.526e-14 6.941e-13 4.536e-14 1.822e-16 0.000e+00 0.000e+00 0.000e+00 0.000e+00 0.000e+00 0.000e+00 0.000e+00 0.000e+00 0.000e+00 0.000e+00 0.000e+00 0.000e+00 0.000e+00 0.000e+00 0.000e+00 0.000e+00
# 2D Marginal for parameters Pyy and Pzz with ranges 7.0993e+06 2.1336e+07 and 1.6710e+07 3.0978e+07
0.000e+00 0.000e+00 0.000e+00 0.000e+00 0.000e+00 0.000e+00 0.000e+00 0.000e+00 0.000e+00 0.000e+00 0.000e+00 0.000e+00 7.104e-16 0.000e+00 0.000e+00 0.000e+00 0.000e+00 0.000e+00 0.000e+00 0.000e+00
0.000e+00 0.000e+00 0.000e+00 0.000e+00 0.000e+00 0.000e+00 0.000e+00 0.000e+00 0.000e+00 0.000e+00 0.000e+00 0.000e+00 5.683e-15 7.104e-16 0.000e+00 0.000e+00 0.000e+00 0.000e+00 0.000e+00 0.000e+00
0.000e+00 0.000e+00 0.000e+00 0.000e+00 0.000e+00 0.000e+00 0.000e+00 0.000e+00 0.000e+00 0.000e+00 0.000e+00 0.000e+00 4.618e-15 6.216e-15 0.000e+00 0.000e+00 0.000e+00 0.000e+00 0.000e+00 0.000e+00
0.000e+00 0.000e+00 0.000e+00 0.000e+00 0.000e+00 0.000e+00 0.000e+00 0.000e+00 0.000e+00 0.000e+00 0.000e+00 0.000e+00 1.598e-15 1.083e-14 0.000e+00 0.000e+00 0.000e+00 0.000e+00 0.000e+00 0.000e+00
0.000e+00 0.000e+00 0.000e+00 0.000e+00 0.000e+00 0.000e+00 0.000e+00 0.000e+00 0.000e+00 0.000e+00 1.776e-16 0.000e+00 7.104e-16 7.637e-15 0.000e+00 0.000e+00 0.000e+00 0.000e+00 0.000e+00 0.000e+00
0.000e+00 0.000e+00 0.000e+00 0.000e+00 0.000e+00 0.000e+00 0.000e+00 0.000e+00 0.000e+00 0.000e+00 0.000e+00 7.104e-16 0.000e+00 3.197e-15 1.012e-14 0.000e+00 0.000e+00 0.000e+00 0.000e+00 0.000e+00
0.000e+00 0.000e+00 0.000e+00 0.000e+00 0.000e+00 0.000e+00 0.000e+00 0.000e+00 1.243e-15 1.776e-16 0.000e+00 4.973e-15 1.776e-16 1.954e-15 9.235e-15 7.104e-16 0.000e+00 0.000e+00 0.000e+00 0.000e+00
0.000e+00 0.000e+00 0.000e+00 0.000e+00 0.000e+00 3.552e-16 2.486e-15 2.486e-15 3.907e-15 1.776e-15 2.842e-15 6.394e-15 1.421e-15 6.038e-15 3.730e-15 1.368e-14 1.421e-15 0.000e+00 0.000e+00 0.000e+00
0.000e+00 0.000e+00 0.000e+00 0.000e+00 0.000e+00 6.038e-15 9.235e-15 1.261e-14 3.197e-15 3.019e-15 8.347e-15 4.973e-15 7.104e-16 4.973e-15 3.552e-15 4.120e-14 1.954e-15 0.000e+00 0.000e+00 0.000e+00
0.000e+00 0.000e+00 0.000e+00 0.000e+00 1.066e-15 1.652e-14 1.350e-14 9.768e-15 2.664e-15 2.309e-15 1.989e-14 2.842e-15 1.243e-15 1.598e-15 7.104e-16 3.765e-14 4.440e-15 0.000e+00 0.000e+00 0.000e+00
0.000e+00 0.000e+00 0.000e+00 0.000e+00 3.197e-15 3.818e-14 1.581e-14 3.197e-15 7.104e-16 2.131e-15 1.598e-14 3.552e-16 2.486e-15 7.104e-16 3.552e-16 1.279e-14 1.243e-15 0.000e+00 0.000e+00 0.000e+00
0.000e+00 0.000e+00 0.000e+00 7.104e-16 3.374e-15 1.385e-14 1.971e-14 2.131e-15 1.776e-16 1.776e-16 4.262e-15 8.880e-16 2.664e-15 1.776e-16 3.552e-16 6.216e-15 1.776e-16 0.000e+00 0.000e+00 0.000e+00
2.700e-14 1.458e-13 1.119e-14 1.776e-15 2.486e-15 8.880e-16 1.296e-14 4.085e-15 0.000e+00 0.000e+00 1.776e-16 0.000e+00 4.085e-15 5.328e-16 0.000e+00 3.019e-15 1.776e-15 0.000e+00 0.000e+00 0.000e+00
1.144e-13 1.012e-12 7.655e-14 2.309e-15 5.328e-16 0.000e+00 2.131e-15 1.598e-15 0.000e+00 0.000e+00 0.000e+00 0.000e+00 4.973e-15 5.328e-16 0.000e+00 1.598e-15 1.598e-15 0.000e+00 0.000e+00 0.000e+00
5.328e-16 3.037e-14 7.992e-15 2.309e-15 5.328e-16 0.000e+00 0.000e+00 0.000e+00 0.000e+00 0.000e+00 0.000e+00 0.000e+00 2.131e-15 1.598e-15 0.000e+00 0.000e+00 8.880e-16 7.104e-16 0.000e+00 0.000e+00
0.000e+00 3.552e-16 5.328e-16 0.000e+00 0.000e+00 0.000e+00 0.000e+00 0.000e+00 0.000e+00 0.000e+00 0.000e+00 0.000e+00 2.131e-15 1.776e-16 0.000e+00 0.000e+00 1.776e-16 0.000e+00 0.000e+00 0.000e+00
0.000e+00 0.000e+00 0.000e+00 0.000e+00 0.000e+00 0.000e+00 0.000e+00 0.000e+00 0.000e+00 0.000e+00 0.000e+00 0.000e+00 0.000e+00 0.000e+00 0.000e+00 0.000e+00 0.000e+00 1.776e-16 3.552e-16 0.000e+00
0.000e+00 0.000e+00 0.000e+00 0.000e+00 0.000e+00 0.000e+00 0.000e+00 0.000e+00 0.000e+00 0.000e+00 0.000e+00 0.000e+00 0.000e+00 0.000e+00 0.000e+00 0.000e+00 0.000e+00 0.000e+00 0.000e+00 0.000e+00
0.000e+00 0.000e+00 0.000e+00 0.000e+00 0.000e+00 0.000e+00 0.000e+00 0.000e+00 0.000e+00 0.000e+00 0.000e+00 0.000e+00 0.000e+00 0.000e+00 0.000e+00 0.000e+00 0.000e+00 0.000e+00 0.000e+00 1.776e-16
0.000e+00 0.000e+00 0.000e+00 0.000e+00 0.000e+00 0.000e+00 0.000e+00 0.000e+00 0.000e+00 0.000e+00 0.000e+00 0.000e+00 0.000e+00 0.000e+00 0.000e+00 0.000e+00 0.000e+00 0.000e+00 0.000e+00 3.552e-16
