# 2D Marginal for parameters xcen and ycen with ranges 4.2600e+05 4.2640e+05 and 4.5185e+06 4.5190e+06
1.601e-07 0.000e+00 4.802e-07 4.802e-07 0.000e+00 0.000e+00 3.201e-07 1.601e-07 0.000e+00 1.601e-07 0.000e+00 0.000e+00 0.000e+00 0.000e+00 0.000e+00 0.000e+00 0.000e+00 0.000e+00 0.000e+00 0.000e+00
1.601e-07 8.003e-07 2.241e-06 4.802e-07 3.201e-07 0.000e+00 6.403e-07 0.000e+00 1.601e-07 0.000e+00 0.000e+00 0.000e+00 0.000e+00 0.000e+00 0.000e+00 0.000e+00 0.000e+00 0.000e+00 0.000e+00 0.000e+00
8.003e-07 6.082e-06 7.683e-06 2.401e-06 1.601e-07 1.601e-07 3.201e-07 3.201e-07 3.201e-07 0.000e+00 0.000e+00 0.000e+00 0.000e+00 0.000e+00 0.000e+00 0.000e+00 0.000e+00 0.000e+00 0.000e+00 0.000e+00
2.881e-06 7.523e-06 8.323e-06 4.322e-06 9.604e-07 1.601e-07 8.003e-07 1.601e-07 3.201e-07 0.000e+00 0.000e+00 0.000e+00 0.000e+00 0.000e+00 0.000e+00 0.000e+00 0.000e+00 0.000e+00 0.000e+00 0.000e+00
1.761e-06 1.761e-06 2.561e-06 3.201e-06 4.002e-06 2.241e-06 9.604e-07 1.601e-06 6.403e-07 8.003e-07 1.601e-07 0.000e+00 0.000e+00 0.000e+00 0.000e+00 0.000e+00 0.000e+00 0.000e+00 0.000e+00 0.000e+00
4.802e-07 4.802e-07 3.201e-07 3.361e-06 1.745e-05 7.523e-06 2.561e-06 2.241e-06 4.802e-07 3.201e-07 9.604e-07 1.601e-07 0.000e+00 0.000e+00 0.000e+00 0.000e+00 0.000e+00 0.000e+00 0.000e+00 0.000e+00
0.000e+00 3.201e-07 9.604e-07 9.924e-06 2.289e-05 1.120e-05 3.201e-06 1.441e-06 8.003e-07 6.403e-07 6.403e-07 8.003e-07 0.000e+00 1.601e-07 0.000e+00 0.000e+00 0.000e+00 0.000e+00 0.000e+00 0.000e+00
0.000e+00 1.601e-07 9.604e-07 1.537e-05 3.585e-05 1.120e-05 6.082e-06 5.282e-06 2.081e-06 3.201e-07 9.604e-07 6.403e-07 1.601e-06 1.441e-06 4.802e-07 1.601e-07 0.000e+00 0.000e+00 0.000e+00 0.000e+00
0.000e+00 0.000e+00 1.601e-07 3.041e-06 9.444e-06 5.282e-06 7.363e-06 1.008e-05 7.043e-06 1.120e-06 1.601e-07 9.604e-07 6.403e-07 2.081e-06 3.201e-06 1.441e-06 1.601e-07 0.000e+00 0.000e+00 0.000e+00
0.000e+00 0.000e+00 1.601e-07 1.601e-07 2.081e-06 1.761e-06 2.401e-06 5.442e-06 1.569e-05 7.683e-06 6.403e-07 4.802e-07 3.201e-07 9.604e-07 1.441e-06 1.281e-06 4.802e-07 0.000e+00 0.000e+00 0.000e+00
0.000e+00 0.000e+00 0.000e+00 1.601e-07 0.000e+00 4.802e-07 3.201e-07 5.282e-06 1.024e-05 2.513e-05 5.442e-06 1.601e-07 6.403e-07 3.201e-07 6.403e-07 1.601e-06 3.201e-07 0.000e+00 1.601e-07 0.000e+00
0.000e+00 0.000e+00 0.000e+00 0.000e+00 0.000e+00 0.000e+00 3.201e-07 1.441e-06 1.120e-05 7.667e-05 2.449e-05 1.601e-07 3.201e-07 1.281e-06 1.281e-06 1.921e-06 9.604e-07 1.601e-07 0.000e+00 1.601e-07
0.000e+00 0.000e+00 0.000e+00 0.000e+00 0.000e+00 0.000e+00 0.000e+00 1.601e-07 6.291e-05 3.878e-04 9.700e-05 1.601e-07 0.000e+00 6.403e-07 3.041e-06 4.642e-06 1.921e-06 4.802e-07 1.601e-07 0.000e+00
0.000e+00 0.000e+00 0.000e+00 0.000e+00 0.000e+00 0.000e+00 0.000e+00 0.000e+00 7.699e-05 5.804e-04 1.557e-04 9.604e-07 0.000e+00 3.201e-07 6.403e-07 1.601e-06 1.281e-06 4.802e-07 0.000e+00 0.000e+00
0.000e+00 0.000e+00 0.000e+00 0.000e+00 0.000e+00 0.000e+00 0.000e+00 0.000e+00 9.924e-06 1.007e-04 2.913e-05 1.601e-07 0.000e+00 0.000e+00 0.000e+00 0.000e+00 1.601e-07 1.601e-07 0.000e+00 0.000e+00
0.000e+00 0.000e+00 0.000e+00 0.000e+00 0.000e+00 0.000e+00 0.000e+00 0.000e+00 6.403e-07 1.921e-06 4.802e-07 0.000e+00 1.601e-07 0.000e+00 0.000e+00 0.000e+00 1.601e-07 0.000e+00 0.000e+00 1.601e-07
0.000e+00 0.000e+00 0.000e+00 0.000e+00 0.000e+00 0.000e+00 0.000e+00 0.000e+00 0.000e+00 0.000e+00 0.000e+00 0.000e+00 1.601e-07 0.000e+00 0.000e+00 0.000e+00 0.000e+00 0.000e+00 0.000e+00 0.000e+00
0.000e+00 0.000e+00 0.000e+00 0.000e+00 0.000e+00 0.000e+00 0.000e+00 0.000e+00 0.000e+00 0.000e+00 0.000e+00 0.000e+00 0.000e+00 1.601e-07 1.601e-07 0.000e+00 0.000e+00 0.000e+00 0.000e+00 1.601e-07
0.000e+00 0.000e+00 0.000e+00 0.000e+00 0.000e+00 0.000e+00 0.000e+00 0.000e+00 0.000e+00 0.000e+00 0.000e+00 0.000e+00 0.000e+00 0.000e+00 0.000e+00 0.000e+00 0.000e+00 0.000e+00 0.000e+00 0.000e+00
0.000e+00 0.000e+00 0.000e+00 0.000e+00 0.000e+00 0.000e+00 0.000e+00 0.000e+00 0.000e+00 0.000e+00 0.000e+00 0.000e+00 0.000e+00 0.000e+00 1.601e-07 0.000e+00 0.000e+00 1.601e-07 0.000e+00 0.000e+00
# 2D Marginal for parameters xcen and depth with ranges 4.2600e+05 4.2640e+05 and 2.4508e+03 3.5119e+03
0.000e+00 0.000e+00 1.482e-07 4.447e-07 0.000e+00 0.000e+00 0.000e+00 0.000e+00 0.000e+00 0.000e+00 0.000e+00 7.412e-08 7.412e-08 0.000e+00 7.412e-08 0.000e+00 0.000e+00 0.000e+00 0.000e+00 0.000e+00
0.000e+00 3.706e-07 5.930e-07 1.038e-06 0.000e+00 0.000e+00 0.000e+00 0.000e+00 0.000e+00 0.000e+00 0.000e+00 0.000e+00 0.000e+00 0.000e+00 0.000e+00 0.000e+00 1.482e-07 7.412e-08 0.000e+00 0.000e+00
0.000e+00 2.224e-06 5.040e-06 1.038e-06 7.412e-08 7.412e-08 0.000e+00 0.000e+00 0.000e+00 0.000e+00 0.000e+00 0.000e+00 0.000e+00 0.000e+00 0.000e+00 0.000e+00 0.000e+00 0.000e+00 0.000e+00 0.000e+00
0.000e+00 3.632e-06 6.226e-06 1.408e-06 2.965e-07 1.482e-07 0.000e+00 0.000e+00 0.000e+00 0.000e+00 0.000e+00 0.000e+00 0.000e+00 7.412e-08 0.000e+00 0.000e+00 0.000e+00 0.000e+00 0.000e+00 0.000e+00
8.894e-07 2.965e-06 2.149e-06 9.636e-07 1.186e-06 5.930e-07 0.000e+00 0.000e+00 0.000e+00 0.000e+00 0.000e+00 0.000e+00 0.000e+00 2.224e-07 0.000e+00 7.412e-08 7.412e-08 0.000e+00 0.000e+00 0.000e+00
5.485e-06 3.928e-06 8.894e-07 9.636e-07 4.077e-06 1.112e-06 0.000e+00 0.000e+00 0.000e+00 7.412e-08 0.000e+00 0.000e+00 7.412e-08 0.000e+00 7.412e-08 0.000e+00 7.412e-08 0.000e+00 0.000e+00 7.412e-08
1.416e-05 2.965e-06 2.965e-07 1.557e-06 4.077e-06 1.334e-06 0.000e+00 0.000e+00 7.412e-08 0.000e+00 0.000e+00 0.000e+00 0.000e+00 0.000e+00 0.000e+00 0.000e+00 7.412e-08 0.000e+00 0.000e+00 0.000e+00
2.001e-05 6.967e-06 1.779e-06 2.594e-06 5.633e-06 9.636e-07 0.000e+00 0.000e+00 0.000e+00 0.000e+00 0.000e+00 0.000e+00 0.000e+00 7.412e-08 0.000e+00 7.412e-08 0.000e+00 1.482e-07 0.000e+00 0.000e+00
4.002e-06 4.744e-06 9.636e-07 5.559e-06 7.783e-06 5.188e-07 0.000e+00 7.412e-08 1.482e-07 0.000e+00 0.000e+00 7.412e-08 0.000e+00 7.412e-08 0.000e+00 7.412e-08 7.412e-08 0.000e+00 0.000e+00 7.412e-08
3.706e-07 1.779e-06 1.482e-07 1.927e-06 1.223e-05 2.075e-06 2.224e-07 0.000e+00 0.000e+00 0.000e+00 7.412e-08 0.000e+00 7.412e-08 0.000e+00 0.000e+00 0.000e+00 0.000e+00 0.000e+00 0.000e+00 7.412e-08
0.000e+00 3.706e-07 0.000e+00 1.482e-07 3.039e-06 1.253e-05 6.745e-06 2.965e-07 0.000e+00 7.412e-08 7.412e-08 1.482e-07 0.000e+00 0.000e+00 0.000e+00 0.000e+00 0.000e+00 7.412e-08 0.000e+00 7.412e-08
0.000e+00 1.482e-07 0.000e+00 6.671e-07 1.260e-06 1.253e-05 3.654e-05 4.225e-06 7.412e-08 7.412e-08 1.482e-07 0.000e+00 7.412e-08 0.000e+00 0.000e+00 0.000e+00 0.000e+00 0.000e+00 0.000e+00 0.000e+00
0.000e+00 0.000e+00 0.000e+00 1.779e-06 2.668e-06 2.149e-06 1.130e-04 1.382e-04 1.038e-06 7.412e-08 0.000e+00 0.000e+00 0.000e+00 0.000e+00 0.000e+00 0.000e+00 0.000e+00 0.000e+00 0.000e+00 0.000e+00
0.000e+00 0.000e+00 0.000e+00 8.153e-07 9.636e-07 0.000e+00 6.856e-05 3.030e-04 5.411e-06 1.482e-07 0.000e+00 0.000e+00 7.412e-08 0.000e+00 0.000e+00 0.000e+00 0.000e+00 0.000e+00 0.000e+00 0.000e+00
0.000e+00 0.000e+00 0.000e+00 7.412e-08 0.000e+00 0.000e+00 2.817e-06 5.796e-05 4.002e-06 7.412e-08 0.000e+00 0.000e+00 0.000e+00 0.000e+00 0.000e+00 0.000e+00 0.000e+00 0.000e+00 0.000e+00 0.000e+00
0.000e+00 0.000e+00 0.000e+00 0.000e+00 0.000e+00 0.000e+00 0.000e+00 1.186e-06 2.965e-07 1.482e-07 0.000e+00 0.000e+00 0.000e+00 0.000e+00 0.000e+00 0.000e+00 0.000e+00 0.000e+00 0.000e+00 0.000e+00
0.000e+00 0.000e+00 0.000e+00 0.000e+00 0.000e+00 0.000e+00 0.000e+00 0.000e+00 0.000e+00 7.412e-08 0.000e+00 0.000e+00 0.000e+00 0.000e+00 0.000e+00 0.000e+00 0.000e+00 0.000e+00 0.000e+00 0.000e+00
0.000e+00 0.000e+00 7.412e-08 0.000e+00 0.000e+00 0.000e+00 0.000e+00 0.000e+00 0.000e+00 0.000e+00 7.412e-08 0.000e+00 0.000e+00 7.412e-08 0.000e+00 0.000e+00 0.000e+00 0.000e+00 0.000e+00 0.000e+00
0.000e+00 0.000e+00 0.000e+00 0.000e+00 0.000e+00 0.000e+00 0.000e+00 0.000e+00 0.000e+00 0.000e+00 0.000e+00 0.000e+00 0.000e+00 0.000e+00 0.000e+00 0.000e+00 0.000e+00 0.000e+00 0.000e+00 0.000e+00
0.000e+00 0.000e+00 0.000e+00 0.000e+00 0.000e+00 0.000e+00 0.000e+00 0.000e+00 0.000e+00 7.412e-08 0.000e+00 7.412e-08 0.000e+00 0.000e+00 0.000e+00 0.000e+00 0.000e+00 0.000e+00 0.000e+00 0.000e+00
# 2D Marginal for parameters xcen and s_axis_max with ranges 4.2600e+05 4.2640e+05 and 1.5091e+03 2.4855e+03
0.000e+00 0.000e+00 0.000e+00 0.000e+00 0.000e+00 0.000e+00 0.000e+00 0.000e+00 0.000e+00 0.000e+00 0.000e+00 0.000e+00 1.611e-07 8.055e-08 6.444e-07 0.000e+00 0.000e+00 0.000e+00 0.000e+00 0.000e+00
0.000e+00 0.000e+00 0.000e+00 0.000e+00 0.000e+00 0.000e+00 0.000e+00 0.000e+00 0.000e+00 0.000e+00 0.000e+00 0.000e+00 0.000e+00 0.000e+00 2.417e-06 0.000e+00 0.000e+00 0.000e+00 0.000e+00 0.000e+00
0.000e+00 0.000e+00 0.000e+00 0.000e+00 0.000e+00 0.000e+00 0.000e+00 0.000e+00 0.000e+00 0.000e+00 0.000e+00 0.000e+00 0.000e+00 1.611e-07 9.022e-06 0.000e+00 0.000e+00 0.000e+00 0.000e+00 0.000e+00
0.000e+00 0.000e+00 0.000e+00 0.000e+00 0.000e+00 0.000e+00 0.000e+00 0.000e+00 0.000e+00 0.000e+00 0.000e+00 0.000e+00 0.000e+00 2.417e-07 1.257e-05 0.000e+00 0.000e+00 0.000e+00 0.000e+00 0.000e+00
0.000e+00 0.000e+00 0.000e+00 0.000e+00 0.000e+00 0.000e+00 0.000e+00 0.000e+00 0.000e+00 0.000e+00 0.000e+00 0.000e+00 8.055e-08 2.739e-06 7.008e-06 8.055e-08 0.000e+00 0.000e+00 0.000e+00 0.000e+00
0.000e+00 0.000e+00 0.000e+00 0.000e+00 0.000e+00 0.000e+00 0.000e+00 0.000e+00 0.000e+00 0.000e+00 0.000e+00 0.000e+00 4.028e-07 6.766e-06 1.007e-05 8.861e-07 8.055e-08 8.055e-08 0.000e+00 0.000e+00
0.000e+00 0.000e+00 0.000e+00 0.000e+00 0.000e+00 0.000e+00 0.000e+00 0.000e+00 0.000e+00 0.000e+00 0.000e+00 0.000e+00 2.175e-06 5.639e-06 7.250e-06 9.425e-06 2.014e-06 8.055e-08 0.000e+00 8.055e-08
0.000e+00 0.000e+00 0.000e+00 0.000e+00 0.000e+00 0.000e+00 0.000e+00 0.000e+00 0.000e+00 0.000e+00 0.000e+00 0.000e+00 5.961e-06 4.108e-06 5.236e-06 1.990e-05 5.478e-06 5.639e-07 2.417e-07 8.055e-08
0.000e+00 0.000e+00 0.000e+00 0.000e+00 0.000e+00 0.000e+00 0.000e+00 0.000e+00 0.000e+00 0.000e+00 0.000e+00 3.222e-07 1.160e-05 3.383e-06 2.819e-06 6.283e-06 1.853e-06 0.000e+00 0.000e+00 0.000e+00
0.000e+00 0.000e+00 0.000e+00 0.000e+00 0.000e+00 0.000e+00 0.000e+00 0.000e+00 0.000e+00 8.055e-08 4.833e-07 3.867e-06 1.337e-05 4.833e-07 7.250e-07 1.128e-06 4.833e-07 0.000e+00 0.000e+00 0.000e+00
0.000e+00 0.000e+00 0.000e+00 0.000e+00 0.000e+00 0.000e+00 0.000e+00 1.208e-06 1.289e-06 2.336e-06 1.096e-05 4.994e-06 4.189e-06 2.417e-07 8.055e-08 2.417e-07 8.055e-08 0.000e+00 0.000e+00 0.000e+00
0.000e+00 0.000e+00 0.000e+00 3.222e-07 2.739e-06 6.686e-06 4.994e-06 8.458e-06 1.104e-05 7.894e-06 1.450e-05 2.497e-06 1.208e-06 8.055e-08 1.611e-07 0.000e+00 0.000e+00 0.000e+00 0.000e+00 0.000e+00
1.611e-07 2.658e-06 1.297e-05 4.680e-05 9.521e-05 7.612e-05 2.360e-05 1.160e-05 2.980e-06 1.530e-06 2.094e-06 4.833e-06 7.250e-07 0.000e+00 0.000e+00 0.000e+00 0.000e+00 0.000e+00 0.000e+00 0.000e+00
2.336e-06 2.997e-05 1.059e-04 1.461e-04 8.957e-05 2.860e-05 6.203e-06 8.861e-07 0.000e+00 0.000e+00 0.000e+00 1.933e-06 3.222e-07 0.000e+00 0.000e+00 0.000e+00 0.000e+00 0.000e+00 0.000e+00 0.000e+00
4.108e-06 2.457e-05 2.481e-05 1.377e-05 2.819e-06 2.417e-07 8.055e-08 0.000e+00 0.000e+00 0.000e+00 0.000e+00 8.055e-08 8.055e-08 0.000e+00 0.000e+00 0.000e+00 0.000e+00 0.000e+00 0.000e+00 0.000e+00
8.055e-08 1.047e-06 4.028e-07 0.000e+00 0.000e+00 0.000e+00 0.000e+00 0.000e+00 0.000e+00 0.000e+00 0.000e+00 1.611e-07 8.055e-08 0.000e+00 0.000e+00 0.000e+00 0.000e+00 0.000e+00 0.000e+00 0.000e+00
0.000e+00 0.000e+00 0.000e+00 0.000e+00 0.000e+00 0.000e+00 0.000e+00 0.000e+00 0.000e+00 0.000e+00 0.000e+00 8.055e-08 0.000e+00 0.000e+00 0.000e+00 0.000e+00 0.000e+00 0.000e+00 0.000e+00 0.000e+00
0.000e+00 0.000e+00 0.000e+00 0.000e+00 0.000e+00 0.000e+00 0.000e+00 0.000e+00 0.000e+00 0.000e+00 0.000e+00 8.055e-08 8.055e-08 8.055e-08 0.000e+00 0.000e+00 0.000e+00 0.000e+00 0.000e+00 0.000e+00
0.000e+00 0.000e+00 0.000e+00 0.000e+00 0.000e+00 0.000e+00 0.000e+00 0.000e+00 0.000e+00 0.000e+00 0.000e+00 0.000e+00 0.000e+00 0.000e+00 0.000e+00 0.000e+00 0.000e+00 0.000e+00 0.000e+00 0.000e+00
0.000e+00 0.000e+00 0.000e+00 0.000e+00 0.000e+00 0.000e+00 0.000e+00 0.000e+00 0.000e+00 0.000e+00 0.000e+00 8.055e-08 8.055e-08 0.000e+00 0.000e+00 0.000e+00 0.000e+00 0.000e+00 0.000e+00 0.000e+00
# 2D Marginal for parameters xcen and dP_mu with ranges 4.2600e+05 4.2640e+05 and 1.0271e-03 4.7498e-03
0.000e+00 0.000e+00 1.690e-01 2.113e-02 4.225e-02 0.000e+00 0.000e+00 0.000e+00 0.000e+00 0.000e+00 0.000e+00 0.000e+00 0.000e+00 0.000e+00 0.000e+00 0.000e+00 0.000e+00 0.000e+00 0.000e+00 0.000e+00
0.000e+00 4.225e-02 5.282e-01 4.225e-02 2.113e-02 0.000e+00 0.000e+00 0.000e+00 0.000e+00 0.000e+00 0.000e+00 0.000e+00 0.000e+00 0.000e+00 0.000e+00 0.000e+00 0.000e+00 0.000e+00 0.000e+00 0.000e+00
0.000e+00 1.268e-01 2.282e+00 0.000e+00 0.000e+00 0.000e+00 0.000e+00 0.000e+00 0.000e+00 0.000e+00 0.000e+00 0.000e+00 0.000e+00 0.000e+00 0.000e+00 0.000e+00 0.000e+00 0.000e+00 0.000e+00 0.000e+00
0.000e+00 4.225e-02 3.296e+00 0.000e+00 2.113e-02 0.000e+00 0.000e+00 0.000e+00 0.000e+00 0.000e+00 0.000e+00 0.000e+00 0.000e+00 0.000e+00 0.000e+00 0.000e+00 0.000e+00 0.000e+00 0.000e+00 0.000e+00
0.000e+00 5.493e-01 1.965e+00 2.113e-02 6.338e-02 0.000e+00 0.000e+00 0.000e+00 0.000e+00 0.000e+00 0.000e+00 0.000e+00 0.000e+00 0.000e+00 0.000e+00 0.000e+00 0.000e+00 0.000e+00 0.000e+00 0.000e+00
4.225e-02 2.493e+00 2.134e+00 8.451e-02 4.225e-02 0.000e+00 0.000e+00 0.000e+00 0.000e+00 0.000e+00 0.000e+00 0.000e+00 0.000e+00 0.000e+00 0.000e+00 0.000e+00 0.000e+00 0.000e+00 0.000e+00 0.000e+00
1.479e-01 4.753e+00 1.986e+00 1.056e-01 0.000e+00 0.000e+00 0.000e+00 0.000e+00 0.000e+00 0.000e+00 0.000e+00 0.000e+00 0.000e+00 0.000e+00 0.000e+00 0.000e+00 0.000e+00 0.000e+00 0.000e+00 0.000e+00
5.070e-01 7.500e+00 2.451e+00 4.437e-01 0.000e+00 0.000e+00 0.000e+00 0.000e+00 0.000e+00 0.000e+00 0.000e+00 0.000e+00 0.000e+00 0.000e+00 0.000e+00 0.000e+00 0.000e+00 0.000e+00 0.000e+00 0.000e+00
2.113e-02 2.535e+00 2.282e+00 1.923e+00 1.268e-01 0.000e+00 0.000e+00 0.000e+00 0.000e+00 0.000e+00 0.000e+00 0.000e+00 0.000e+00 0.000e+00 0.000e+00 0.000e+00 0.000e+00 0.000e+00 0.000e+00 0.000e+00
0.000e+00 6.127e-01 8.028e-01 3.275e+00 6.338e-01 8.451e-02 0.000e+00 0.000e+00 0.000e+00 0.000e+00 0.000e+00 0.000e+00 0.000e+00 0.000e+00 0.000e+00 0.000e+00 0.000e+00 0.000e+00 0.000e+00 0.000e+00
0.000e+00 1.056e-01 3.591e-01 9.929e-01 2.620e+00 1.923e+00 3.591e-01 3.591e-01 0.000e+00 0.000e+00 0.000e+00 0.000e+00 0.000e+00 0.000e+00 0.000e+00 0.000e+00 0.000e+00 0.000e+00 0.000e+00 0.000e+00
0.000e+00 4.225e-02 5.915e-01 2.746e-01 1.627e+00 3.634e+00 3.000e+00 2.577e+00 1.035e+00 1.500e+00 8.873e-01 5.704e-01 1.479e-01 0.000e+00 0.000e+00 0.000e+00 0.000e+00 0.000e+00 0.000e+00 0.000e+00
0.000e+00 0.000e+00 1.162e+00 2.958e-01 1.268e-01 6.127e-01 7.394e-01 2.430e+00 4.289e+00 8.472e+00 1.865e+01 1.734e+01 9.951e+00 5.915e+00 2.239e+00 1.099e+00 3.591e-01 4.225e-02 4.225e-02 0.000e+00
0.000e+00 0.000e+00 4.225e-01 1.479e-01 2.113e-02 0.000e+00 0.000e+00 8.451e-02 9.718e-01 2.683e+00 8.662e+00 1.557e+01 2.406e+01 2.163e+01 1.707e+01 1.020e+01 4.775e+00 1.162e+00 5.070e-01 4.225e-02
0.000e+00 0.000e+00 2.113e-02 2.113e-02 0.000e+00 0.000e+00 0.000e+00 0.000e+00 2.113e-02 0.000e+00 8.451e-02 4.648e-01 1.415e+00 3.148e+00 3.655e+00 3.380e+00 3.338e+00 2.261e+00 5.070e-01 1.901e-01
0.000e+00 0.000e+00 0.000e+00 4.225e-02 2.113e-02 0.000e+00 0.000e+00 0.000e+00 0.000e+00 0.000e+00 0.000e+00 0.000e+00 0.000e+00 2.113e-02 6.338e-02 2.113e-02 1.056e-01 1.690e-01 2.113e-02 0.000e+00
0.000e+00 0.000e+00 0.000e+00 0.000e+00 2.113e-02 0.000e+00 0.000e+00 0.000e+00 0.000e+00 0.000e+00 0.000e+00 0.000e+00 0.000e+00 0.000e+00 0.000e+00 0.000e+00 0.000e+00 0.000e+00 0.000e+00 0.000e+00
0.000e+00 2.113e-02 0.000e+00 2.113e-02 2.113e-02 0.000e+00 0.000e+00 0.000e+00 0.000e+00 0.000e+00 0.000e+00 0.000e+00 0.000e+00 0.000e+00 0.000e+00 0.000e+00 0.000e+00 0.000e+00 0.000e+00 0.000e+00
0.000e+00 0.000e+00 0.000e+00 0.000e+00 0.000e+00 0.000e+00 0.000e+00 0.000e+00 0.000e+00 0.000e+00 0.000e+00 0.000e+00 0.000e+00 0.000e+00 0.000e+00 0.000e+00 0.000e+00 0.000e+00 0.000e+00 0.000e+00
0.000e+00 0.000e+00 0.000e+00 2.113e-02 2.113e-02 0.000e+00 0.000e+00 0.000e+00 0.000e+00 0.000e+00 0.000e+00 0.000e+00 0.000e+00 0.000e+00 0.000e+00 0.000e+00 0.000e+00 0.000e+00 0.000e+00 0.000e+00
# 2D Marginal for parameters xcen and strike with ranges 4.2600e+05 4.2640e+05 and 2.7872e+01 7.5631e+01
0.000e+00 0.000e+00 0.000e+00 0.000e+00 1.647e-06 0.000e+00 1.647e-06 3.294e-06 9.881e-06 1.647e-06 0.000e+00 0.000e+00 0.000e+00 0.000e+00 0.000e+00 0.000e+00 0.000e+00 0.000e+00 0.000e+00 0.000e+00
0.000e+00 0.000e+00 0.000e+00 0.000e+00 1.647e-06 0.000e+00 1.647e-06 9.881e-06 2.964e-05 6.587e-06 0.000e+00 0.000e+00 0.000e+00 0.000e+00 0.000e+00 0.000e+00 0.000e+00 0.000e+00 0.000e+00 0.000e+00
0.000e+00 0.000e+00 0.000e+00 0.000e+00 0.000e+00 0.000e+00 1.647e-06 1.169e-04 5.270e-05 1.482e-05 1.647e-06 0.000e+00 0.000e+00 0.000e+00 0.000e+00 0.000e+00 0.000e+00 0.000e+00 0.000e+00 0.000e+00
0.000e+00 0.000e+00 0.000e+00 0.000e+00 0.000e+00 0.000e+00 0.000e+00 1.416e-04 8.563e-05 3.294e-05 1.647e-06 0.000e+00 0.000e+00 0.000e+00 0.000e+00 0.000e+00 0.000e+00 0.000e+00 0.000e+00 0.000e+00
0.000e+00 0.000e+00 0.000e+00 0.000e+00 0.000e+00 0.000e+00 0.000e+00 5.764e-05 7.905e-05 4.282e-05 2.141e-05 0.000e+00 1.647e-06 0.000e+00 0.000e+00 0.000e+00 0.000e+00 0.000e+00 0.000e+00 0.000e+00
0.000e+00 0.000e+00 0.000e+00 0.000e+00 0.000e+00 3.294e-06 6.587e-06 4.446e-05 1.795e-04 9.881e-05 3.458e-05 6.587e-06 0.000e+00 0.000e+00 0.000e+00 0.000e+00 0.000e+00 0.000e+00 0.000e+00 0.000e+00
0.000e+00 0.000e+00 0.000e+00 0.000e+00 3.294e-06 6.587e-06 1.021e-04 1.630e-04 1.169e-04 7.905e-05 5.270e-05 1.976e-05 1.647e-06 0.000e+00 0.000e+00 0.000e+00 0.000e+00 0.000e+00 0.000e+00 0.000e+00
0.000e+00 0.000e+00 0.000e+00 0.000e+00 3.129e-05 6.422e-05 2.190e-04 3.524e-04 2.306e-05 5.270e-05 4.446e-05 1.976e-05 4.117e-05 1.647e-06 0.000e+00 0.000e+00 0.000e+00 0.000e+00 0.000e+00 0.000e+00
0.000e+00 0.000e+00 8.234e-06 2.964e-05 1.070e-04 6.752e-05 9.387e-05 8.893e-05 1.647e-06 1.976e-05 2.306e-05 6.587e-06 7.081e-05 1.811e-05 1.647e-06 0.000e+00 0.000e+00 0.000e+00 0.000e+00 0.000e+00
0.000e+00 9.881e-06 4.940e-05 1.219e-04 1.153e-04 6.587e-06 4.446e-05 3.294e-06 0.000e+00 4.940e-06 8.234e-06 8.234e-06 1.317e-05 3.294e-05 3.294e-06 0.000e+00 0.000e+00 0.000e+00 0.000e+00 0.000e+00
6.093e-05 2.602e-04 6.917e-05 2.964e-05 5.105e-05 0.000e+00 8.234e-06 1.647e-06 1.647e-06 0.000e+00 1.647e-06 1.647e-06 4.940e-06 9.881e-06 2.141e-05 0.000e+00 1.647e-06 0.000e+00 0.000e+00 0.000e+00
2.009e-04 9.057e-04 5.105e-05 0.000e+00 1.153e-05 0.000e+00 1.647e-06 1.647e-06 0.000e+00 0.000e+00 3.294e-06 1.647e-06 3.294e-06 3.294e-06 1.482e-05 3.294e-05 6.587e-06 0.000e+00 0.000e+00 0.000e+00
9.041e-04 4.599e-03 1.334e-04 0.000e+00 0.000e+00 0.000e+00 0.000e+00 0.000e+00 0.000e+00 0.000e+00 0.000e+00 0.000e+00 3.294e-06 1.153e-05 1.482e-05 5.928e-05 2.470e-05 0.000e+00 0.000e+00 0.000e+00
1.571e-03 6.637e-03 1.663e-04 0.000e+00 0.000e+00 0.000e+00 0.000e+00 0.000e+00 0.000e+00 0.000e+00 1.647e-06 0.000e+00 0.000e+00 4.940e-06 1.647e-06 2.470e-05 1.317e-05 0.000e+00 0.000e+00 0.000e+00
2.849e-04 1.128e-03 2.635e-05 0.000e+00 0.000e+00 0.000e+00 0.000e+00 0.000e+00 0.000e+00 0.000e+00 0.000e+00 0.000e+00 0.000e+00 1.647e-06 0.000e+00 1.647e-06 0.000e+00 0.000e+00 0.000e+00 0.000e+00
4.940e-06 2.635e-05 0.000e+00 0.000e+00 0.000e+00 0.000e+00 0.000e+00 0.000e+00 0.000e+00 0.000e+00 0.000e+00 1.647e-06 0.000e+00 1.647e-06 1.647e-06 0.000e+00 0.000e+00 0.000e+00 0.000e+00 0.000e+00
0.000e+00 0.000e+00 0.000e+00 0.000e+00 0.000e+00 0.000e+00 0.000e+00 0.000e+00 0.000e+00 0.000e+00 1.647e-06 0.000e+00 0.000e+00 0.000e+00 0.000e+00 0.000e+00 0.000e+00 0.000e+00 0.000e+00 0.000e+00
0.000e+00 0.000e+00 0.000e+00 0.000e+00 0.000e+00 0.000e+00 0.000e+00 0.000e+00 0.000e+00 0.000e+00 1.647e-06 0.000e+00 0.000e+00 0.000e+00 1.647e-06 0.000e+00 0.000e+00 0.000e+00 0.000e+00 1.647e-06
0.000e+00 0.000e+00 0.000e+00 0.000e+00 0.000e+00 0.000e+00 0.000e+00 0.000e+00 0.000e+00 0.000e+00 0.000e+00 0.000e+00 0.000e+00 0.000e+00 0.000e+00 0.000e+00 0.000e+00 0.000e+00 0.000e+00 0.000e+00
0.000e+00 0.000e+00 0.000e+00 0.000e+00 0.000e+00 0.000e+00 0.000e+00 0.000e+00 0.000e+00 0.000e+00 0.000e+00 1.647e-06 0.000e+00 0.000e+00 0.000e+00 0.000e+00 1.647e-06 0.000e+00 0.000e+00 0.000e+00
# 2D Marginal for parameters xcen and dip with ranges 4.2600e+05 4.2640e+05 and 1.0000e-01 2.4143e+01
0.000e+00 0.000e+00 0.000e+00 0.000e+00 3.271e-06 1.308e-05 9.814e-06 0.000e+00 0.000e+00 0.000e+00 0.000e+00 0.000e+00 0.000e+00 0.000e+00 3.271e-06 0.000e+00 6.542e-06 0.000e+00 0.000e+00 0.000e+00
0.000e+00 0.000e+00 0.000e+00 1.963e-05 6.542e-06 2.617e-05 2.617e-05 9.814e-06 0.000e+00 0.000e+00 0.000e+00 0.000e+00 0.000e+00 9.814e-06 0.000e+00 0.000e+00 0.000e+00 0.000e+00 0.000e+00 0.000e+00
0.000e+00 0.000e+00 0.000e+00 9.814e-06 1.897e-04 1.047e-04 2.944e-05 1.963e-05 9.814e-06 9.814e-06 0.000e+00 0.000e+00 0.000e+00 0.000e+00 0.000e+00 0.000e+00 0.000e+00 0.000e+00 0.000e+00 0.000e+00
0.000e+00 0.000e+00 0.000e+00 3.271e-06 1.308e-04 2.748e-04 4.253e-05 1.963e-05 2.290e-05 6.542e-06 6.542e-06 3.271e-06 0.000e+00 0.000e+00 3.271e-06 3.271e-06 3.271e-06 0.000e+00 0.000e+00 0.000e+00
0.000e+00 9.814e-06 3.598e-05 2.290e-05 7.851e-05 8.832e-05 2.617e-05 0.000e+00 0.000e+00 1.308e-05 2.290e-05 3.598e-05 1.963e-05 1.636e-05 1.636e-05 1.308e-05 3.271e-06 0.000e+00 0.000e+00 0.000e+00
2.617e-05 7.524e-05 1.766e-04 9.487e-05 3.925e-05 1.308e-05 2.290e-05 0.000e+00 3.271e-06 3.271e-06 3.271e-06 4.907e-05 3.925e-05 1.210e-04 2.290e-05 1.636e-05 3.271e-05 3.271e-06 0.000e+00 0.000e+00
2.846e-04 3.239e-04 1.112e-04 3.925e-05 9.814e-06 0.000e+00 3.271e-06 0.000e+00 0.000e+00 3.271e-06 0.000e+00 1.636e-05 4.580e-05 1.080e-04 2.617e-05 2.617e-05 6.870e-05 1.308e-05 3.271e-06 0.000e+00
8.080e-04 5.005e-04 4.253e-05 9.814e-06 0.000e+00 0.000e+00 0.000e+00 0.000e+00 0.000e+00 0.000e+00 0.000e+00 0.000e+00 0.000e+00 3.271e-05 6.542e-05 4.907e-05 9.487e-05 8.178e-05 3.271e-06 0.000e+00
5.561e-04 2.094e-04 1.963e-05 0.000e+00 0.000e+00 0.000e+00 0.000e+00 0.000e+00 0.000e+00 0.000e+00 0.000e+00 0.000e+00 0.000e+00 3.271e-06 2.290e-05 2.617e-05 4.580e-05 1.374e-04 4.580e-05 0.000e+00
5.757e-04 1.145e-04 3.271e-06 0.000e+00 0.000e+00 0.000e+00 0.000e+00 0.000e+00 0.000e+00 0.000e+00 0.000e+00 0.000e+00 0.000e+00 3.271e-06 6.542e-06 1.308e-05 1.308e-05 3.598e-05 7.197e-05 0.000e+00
9.192e-04 3.271e-05 0.000e+00 0.000e+00 0.000e+00 0.000e+00 0.000e+00 0.000e+00 0.000e+00 0.000e+00 0.000e+00 0.000e+00 0.000e+00 3.271e-06 3.271e-06 0.000e+00 9.814e-06 1.308e-05 5.888e-05 0.000e+00
2.323e-03 6.542e-06 0.000e+00 0.000e+00 0.000e+00 0.000e+00 0.000e+00 0.000e+00 0.000e+00 0.000e+00 0.000e+00 0.000e+00 0.000e+00 0.000e+00 0.000e+00 3.271e-06 3.271e-06 1.636e-05 5.561e-05 5.234e-05
1.120e-02 0.000e+00 0.000e+00 0.000e+00 0.000e+00 0.000e+00 0.000e+00 0.000e+00 0.000e+00 0.000e+00 0.000e+00 0.000e+00 0.000e+00 0.000e+00 0.000e+00 0.000e+00 0.000e+00 1.308e-05 4.907e-05 1.636e-04
1.663e-02 0.000e+00 0.000e+00 0.000e+00 0.000e+00 0.000e+00 0.000e+00 0.000e+00 0.000e+00 0.000e+00 0.000e+00 0.000e+00 0.000e+00 0.000e+00 0.000e+00 0.000e+00 3.271e-06 9.814e-06 3.271e-06 7.524e-05
2.859e-03 0.000e+00 0.000e+00 0.000e+00 0.000e+00 0.000e+00 0.000e+00 0.000e+00 0.000e+00 0.000e+00 0.000e+00 0.000e+00 0.000e+00 0.000e+00 0.000e+00 0.000e+00 0.000e+00 3.271e-06 0.000e+00 3.271e-06
6.215e-05 0.000e+00 0.000e+00 0.000e+00 0.000e+00 0.000e+00 0.000e+00 0.000e+00 0.000e+00 0.000e+00 0.000e+00 0.000e+00 0.000e+00 0.000e+00 0.000e+00 0.000e+00 0.000e+00 6.542e-06 3.271e-06 0.000e+00
0.000e+00 0.000e+00 0.000e+00 0.000e+00 0.000e+00 0.000e+00 0.000e+00 0.000e+00 0.000e+00 0.000e+00 0.000e+00 0.000e+00 0.000e+00 0.000e+00 0.000e+00 0.000e+00 0.000e+00 0.000e+00 3.271e-06 0.000e+00
0.000e+00 0.000e+00 0.000e+00 0.000e+00 0.000e+00 0.000e+00 0.000e+00 0.000e+00 0.000e+00 0.000e+00 0.000e+00 0.000e+00 0.000e+00 0.000e+00 0.000e+00 3.271e-06 0.000e+00 0.000e+00 3.271e-06 3.271e-06
0.000e+00 0.000e+00 0.000e+00 0.000e+00 0.000e+00 0.000e+00 0.000e+00 0.000e+00 0.000e+00 0.000e+00 0.000e+00 0.000e+00 0.000e+00 0.000e+00 0.000e+00 0.000e+00 0.000e+00 0.000e+00 0.000e+00 0.000e+00
0.000e+00 0.000e+00 0.000e+00 0.000e+00 0.000e+00 0.000e+00 0.000e+00 0.000e+00 0.000e+00 0.000e+00 0.000e+00 0.000e+00 0.000e+00 0.000e+00 0.000e+00 0.000e+00 3.271e-06 0.000e+00 3.271e-06 0.000e+00
# 2D Marginal for parameters ycen and depth with ranges 4.5185e+06 4.5190e+06 and 2.4508e+03 3.5119e+03
0.000e+00 1.816e-07 1.998e-06 1.211e-07 0.000e+00 6.054e-08 0.000e+00 0.000e+00 0.000e+00 0.000e+00 0.000e+00 0.000e+00 0.000e+00 0.000e+00 0.000e+00 0.000e+00 0.000e+00 0.000e+00 0.000e+00 0.000e+00
0.000e+00 1.332e-06 4.662e-06 2.422e-07 0.000e+00 1.816e-07 0.000e+00 0.000e+00 0.000e+00 0.000e+00 0.000e+00 0.000e+00 0.000e+00 0.000e+00 0.000e+00 0.000e+00 0.000e+00 0.000e+00 0.000e+00 6.054e-08
6.054e-08 3.209e-06 3.572e-06 1.453e-06 6.054e-08 6.054e-07 0.000e+00 0.000e+00 0.000e+00 0.000e+00 0.000e+00 0.000e+00 0.000e+00 0.000e+00 0.000e+00 0.000e+00 0.000e+00 0.000e+00 0.000e+00 6.054e-08
6.296e-06 6.175e-06 1.211e-06 9.687e-07 6.054e-07 9.081e-07 0.000e+00 0.000e+00 0.000e+00 0.000e+00 0.000e+00 0.000e+00 0.000e+00 0.000e+00 0.000e+00 0.000e+00 0.000e+00 0.000e+00 0.000e+00 6.054e-08
2.270e-05 8.052e-06 7.265e-07 6.660e-07 2.180e-06 8.476e-07 0.000e+00 0.000e+00 0.000e+00 0.000e+00 0.000e+00 0.000e+00 0.000e+00 0.000e+00 0.000e+00 0.000e+00 0.000e+00 0.000e+00 0.000e+00 6.054e-08
7.023e-06 3.148e-06 6.660e-07 7.871e-07 3.088e-06 3.633e-07 0.000e+00 0.000e+00 0.000e+00 0.000e+00 0.000e+00 0.000e+00 0.000e+00 0.000e+00 0.000e+00 0.000e+00 6.054e-08 0.000e+00 0.000e+00 0.000e+00
5.449e-07 1.998e-06 1.271e-06 2.361e-06 2.664e-06 3.633e-07 0.000e+00 0.000e+00 6.054e-08 0.000e+00 0.000e+00 0.000e+00 6.054e-08 0.000e+00 0.000e+00 0.000e+00 1.211e-07 1.211e-07 0.000e+00 0.000e+00
6.054e-08 4.238e-07 5.449e-07 3.754e-06 5.146e-06 2.543e-06 0.000e+00 6.054e-08 6.054e-08 0.000e+00 0.000e+00 0.000e+00 0.000e+00 6.054e-08 6.054e-08 0.000e+00 0.000e+00 0.000e+00 0.000e+00 0.000e+00
0.000e+00 6.054e-08 1.211e-07 2.301e-06 7.749e-06 4.299e-06 1.713e-05 4.232e-05 1.271e-06 0.000e+00 0.000e+00 0.000e+00 0.000e+00 6.054e-08 6.054e-08 0.000e+00 6.054e-08 0.000e+00 0.000e+00 0.000e+00
0.000e+00 0.000e+00 1.211e-07 4.843e-07 3.330e-06 1.259e-05 1.248e-04 3.000e-04 6.175e-06 0.000e+00 0.000e+00 6.054e-08 0.000e+00 1.211e-07 0.000e+00 0.000e+00 0.000e+00 0.000e+00 0.000e+00 0.000e+00
0.000e+00 0.000e+00 0.000e+00 1.211e-07 8.476e-07 3.996e-06 4.371e-05 6.920e-05 1.150e-06 6.054e-08 6.054e-08 0.000e+00 6.054e-08 6.054e-08 0.000e+00 6.054e-08 1.211e-07 0.000e+00 0.000e+00 0.000e+00
0.000e+00 0.000e+00 0.000e+00 6.054e-08 1.029e-06 0.000e+00 1.816e-07 3.027e-07 6.054e-08 0.000e+00 6.054e-08 0.000e+00 6.054e-08 0.000e+00 0.000e+00 0.000e+00 0.000e+00 0.000e+00 0.000e+00 0.000e+00
0.000e+00 0.000e+00 0.000e+00 6.054e-08 6.660e-07 0.000e+00 0.000e+00 1.816e-07 0.000e+00 1.816e-07 6.054e-08 6.054e-08 6.054e-08 0.000e+00 0.000e+00 1.211e-07 0.000e+00 6.054e-08 0.000e+00 0.000e+00
0.000e+00 0.000e+00 0.000e+00 5.449e-07 1.332e-06 2.422e-07 6.054e-08 2.422e-07 1.211e-07 1.211e-07 0.000e+00 0.000e+00 0.000e+00 1.211e-07 0.000e+00 0.000e+00 0.000e+00 0.000e+00 0.000e+00 0.000e+00
0.000e+00 0.000e+00 0.000e+00 9.081e-07 2.603e-06 2.422e-07 1.816e-07 0.000e+00 0.000e+00 6.054e-08 1.211e-07 0.000e+00 0.000e+00 0.000e+00 0.000e+00 0.000e+00 0.000e+00 6.054e-08 0.000e+00 0.000e+00
0.000e+00 0.000e+00 0.000e+00 1.332e-06 2.785e-06 4.843e-07 0.000e+00 6.054e-08 6.054e-08 6.054e-08 0.000e+00 0.000e+00 0.000e+00 0.000e+00 0.000e+00 0.000e+00 0.000e+00 0.000e+00 0.000e+00 0.000e+00
0.000e+00 0.000e+00 0.000e+00 7.265e-07 1.090e-06 0.000e+00 0.000e+00 0.000e+00 0.000e+00 1.816e-07 0.000e+00 6.054e-08 0.000e+00 0.000e+00 0.000e+00 0.000e+00 0.000e+00 0.000e+00 0.000e+00 0.000e+00
0.000e+00 0.000e+00 0.000e+00 1.816e-07 1.816e-07 6.054e-08 6.054e-08 0.000e+00 0.000e+00 0.000e+00 0.000e+00 6.054e-08 0.000e+00 0.000e+00 0.000e+00 0.000e+00 0.000e+00 0.000e+00 0.000e+00 0.000e+00
0.000e+00 0.000e+00 0.000e+00 6.054e-08 0.000e+00 0.000e+00 0.000e+00 0.000e+00 0.000e+00 0.000e+00 0.000e+00 6.054e-08 0.000e+00 0.000e+00 0.000e+00 0.000e+00 0.000e+00 0.000e+00 0.000e+00 0.000e+00
0.000e+00 0.000e+00 6.054e-08 0.000e+00 0.000e+00 0.000e+00 0.000e+00 0.000e+00 6.054e-08 0.000e+00 0.000e+00 0.000e+00 6.054e-08 0.000e+00 0.000e+00 0.000e+00 0.000e+00 0.000e+00 0.000e+00 0.000e+00
# 2D Marginal for parameters ycen and s_axis_max with ranges 4.5185e+06 4.5190e+06 and 1.5091e+03 2.4855e+03
0.000e+00 0.000e+00 0.000e+00 0.000e+00 0.000e+00 0.000e+00 0.000e+00 0.000e+00 0.000e+00 0.000e+00 0.000e+00 0.000e+00 0.000e+00 6.580e-08 2.500e-06 0.000e+00 0.000e+00 0.000e+00 0.000e+00 0.000e+00
0.000e+00 0.000e+00 0.000e+00 0.000e+00 0.000e+00 0.000e+00 0.000e+00 0.000e+00 0.000e+00 0.000e+00 0.000e+00 0.000e+00 0.000e+00 2.632e-07 6.777e-06 0.000e+00 0.000e+00 0.000e+00 0.000e+00 0.000e+00
0.000e+00 0.000e+00 0.000e+00 0.000e+00 0.000e+00 0.000e+00 0.000e+00 0.000e+00 0.000e+00 0.000e+00 0.000e+00 0.000e+00 0.000e+00 7.238e-07 8.883e-06 6.580e-08 1.316e-07 0.000e+00 0.000e+00 0.000e+00
0.000e+00 0.000e+00 0.000e+00 0.000e+00 0.000e+00 0.000e+00 0.000e+00 0.000e+00 0.000e+00 0.000e+00 0.000e+00 0.000e+00 1.316e-07 1.777e-06 6.382e-06 5.593e-06 3.619e-06 1.316e-07 0.000e+00 0.000e+00
0.000e+00 0.000e+00 0.000e+00 0.000e+00 0.000e+00 0.000e+00 0.000e+00 0.000e+00 0.000e+00 0.000e+00 0.000e+00 0.000e+00 3.290e-07 3.487e-06 1.191e-05 1.954e-05 2.763e-06 1.316e-07 6.580e-08 6.580e-08
0.000e+00 0.000e+00 0.000e+00 0.000e+00 0.000e+00 0.000e+00 0.000e+00 0.000e+00 0.000e+00 0.000e+00 0.000e+00 0.000e+00 1.448e-06 2.829e-06 6.382e-06 4.145e-06 1.184e-06 2.632e-07 1.316e-07 6.580e-08
0.000e+00 0.000e+00 0.000e+00 0.000e+00 0.000e+00 0.000e+00 0.000e+00 0.000e+00 0.000e+00 0.000e+00 0.000e+00 2.632e-07 2.040e-06 3.224e-06 2.961e-06 1.382e-06 4.606e-07 6.580e-08 0.000e+00 0.000e+00
0.000e+00 0.000e+00 0.000e+00 0.000e+00 6.580e-08 0.000e+00 0.000e+00 0.000e+00 0.000e+00 0.000e+00 1.974e-07 1.513e-06 6.843e-06 3.619e-06 1.382e-06 1.974e-07 0.000e+00 0.000e+00 0.000e+00 0.000e+00
6.580e-08 4.211e-06 9.212e-06 1.507e-05 1.645e-05 1.230e-05 4.737e-06 1.513e-06 1.053e-06 4.606e-07 3.619e-06 2.763e-06 8.290e-06 2.171e-06 6.580e-08 0.000e+00 0.000e+00 0.000e+00 0.000e+00 0.000e+00
3.948e-06 3.349e-05 8.271e-05 1.247e-04 1.117e-04 6.356e-05 1.803e-05 1.119e-05 9.541e-06 6.448e-06 1.540e-05 2.895e-06 2.434e-06 5.922e-07 0.000e+00 0.000e+00 0.000e+00 0.000e+00 0.000e+00 0.000e+00
1.448e-06 9.869e-06 2.566e-05 2.915e-05 2.724e-05 1.526e-05 5.724e-06 5.395e-06 1.908e-06 2.763e-06 3.685e-06 2.632e-07 9.869e-07 3.290e-07 6.580e-08 6.580e-08 0.000e+00 0.000e+00 0.000e+00 0.000e+00
0.000e+00 0.000e+00 1.316e-07 1.974e-07 6.580e-08 6.580e-08 0.000e+00 0.000e+00 0.000e+00 0.000e+00 0.000e+00 1.316e-07 1.316e-06 0.000e+00 0.000e+00 0.000e+00 0.000e+00 0.000e+00 0.000e+00 0.000e+00
0.000e+00 0.000e+00 0.000e+00 0.000e+00 0.000e+00 0.000e+00 0.000e+00 0.000e+00 0.000e+00 0.000e+00 0.000e+00 1.974e-07 1.184e-06 1.316e-07 6.580e-08 0.000e+00 0.000e+00 0.000e+00 0.000e+00 0.000e+00
0.000e+00 0.000e+00 0.000e+00 0.000e+00 0.000e+00 0.000e+00 0.000e+00 0.000e+00 0.000e+00 0.000e+00 0.000e+00 5.264e-07 2.369e-06 1.316e-07 0.000e+00 0.000e+00 0.000e+00 0.000e+00 0.000e+00 0.000e+00
0.000e+00 0.000e+00 0.000e+00 0.000e+00 0.000e+00 0.000e+00 0.000e+00 0.000e+00 0.000e+00 0.000e+00 0.000e+00 1.777e-06 2.698e-06 6.580e-08 0.000e+00 0.000e+00 0.000e+00 0.000e+00 0.000e+00 0.000e+00
0.000e+00 0.000e+00 0.000e+00 0.000e+00 0.000e+00 0.000e+00 0.000e+00 0.000e+00 0.000e+00 0.000e+00 0.000e+00 2.895e-06 2.303e-06 0.000e+00 0.000e+00 0.000e+00 0.000e+00 0.000e+00 0.000e+00 0.000e+00
0.000e+00 0.000e+00 0.000e+00 0.000e+00 0.000e+00 0.000e+00 0.000e+00 0.000e+00 0.000e+00 0.000e+00 0.000e+00 1.711e-06 4.606e-07 6.580e-08 0.000e+00 0.000e+00 0.000e+00 0.000e+00 0.000e+00 0.000e+00
0.000e+00 0.000e+00 0.000e+00 0.000e+00 0.000e+00 0.000e+00 0.000e+00 0.000e+00 0.000e+00 0.000e+00 0.000e+00 3.948e-07 1.974e-07 0.000e+00 0.000e+00 0.000e+00 0.000e+00 0.000e+00 0.000e+00 0.000e+00
0.000e+00 0.000e+00 0.000e+00 0.000e+00 0.000e+00 0.000e+00 0.000e+00 0.000e+00 0.000e+00 0.000e+00 0.000e+00 6.580e-08 0.000e+00 6.580e-08 0.000e+00 0.000e+00 0.000e+00 0.000e+00 0.000e+00 0.000e+00
0.000e+00 0.000e+00 0.000e+00 0.000e+00 0.000e+00 0.000e+00 0.000e+00 0.000e+00 0.000e+00 0.000e+00 0.000e+00 6.580e-08 6.580e-08 6.580e-08 0.000e+00 0.000e+00 0.000e+00 0.000e+00 0.000e+00 0.000e+00
# 2D Marginal for parameters ycen and dP_mu with ranges 4.5185e+06 4.5190e+06 and 1.0271e-03 4.7498e-03
0.000e+00 0.000e+00 6.557e-01 1.726e-02 0.000e+00 0.000e+00 0.000e+00 0.000e+00 0.000e+00 0.000e+00 0.000e+00 0.000e+00 0.000e+00 0.000e+00 0.000e+00 0.000e+00 0.000e+00 0.000e+00 0.000e+00 0.000e+00
0.000e+00 3.451e-02 1.743e+00 5.177e-02 1.726e-02 0.000e+00 0.000e+00 0.000e+00 0.000e+00 0.000e+00 0.000e+00 0.000e+00 0.000e+00 0.000e+00 0.000e+00 0.000e+00 0.000e+00 0.000e+00 0.000e+00 0.000e+00
0.000e+00 8.628e-02 2.416e+00 5.177e-02 1.726e-02 0.000e+00 0.000e+00 0.000e+00 0.000e+00 0.000e+00 0.000e+00 0.000e+00 0.000e+00 0.000e+00 0.000e+00 0.000e+00 0.000e+00 0.000e+00 0.000e+00 0.000e+00
1.898e-01 2.882e+00 1.450e+00 8.628e-02 1.726e-02 0.000e+00 0.000e+00 0.000e+00 0.000e+00 0.000e+00 0.000e+00 0.000e+00 0.000e+00 0.000e+00 0.000e+00 0.000e+00 0.000e+00 0.000e+00 0.000e+00 0.000e+00
2.243e-01 8.473e+00 1.260e+00 6.903e-02 1.726e-02 0.000e+00 0.000e+00 0.000e+00 0.000e+00 0.000e+00 0.000e+00 0.000e+00 0.000e+00 0.000e+00 0.000e+00 0.000e+00 0.000e+00 0.000e+00 0.000e+00 0.000e+00
1.381e-01 2.899e+00 1.191e+00 8.628e-02 0.000e+00 0.000e+00 0.000e+00 0.000e+00 0.000e+00 0.000e+00 0.000e+00 0.000e+00 0.000e+00 0.000e+00 0.000e+00 0.000e+00 0.000e+00 0.000e+00 0.000e+00 0.000e+00
3.451e-02 8.283e-01 1.622e+00 1.208e-01 1.208e-01 0.000e+00 0.000e+00 0.000e+00 0.000e+00 0.000e+00 0.000e+00 0.000e+00 0.000e+00 0.000e+00 0.000e+00 0.000e+00 0.000e+00 0.000e+00 0.000e+00 0.000e+00
0.000e+00 1.553e-01 1.260e+00 1.881e+00 3.106e-01 0.000e+00 0.000e+00 0.000e+00 0.000e+00 0.000e+00 0.000e+00 0.000e+00 1.726e-02 0.000e+00 0.000e+00 0.000e+00 0.000e+00 0.000e+00 0.000e+00 0.000e+00
0.000e+00 0.000e+00 6.385e-01 2.312e+00 1.104e+00 4.487e-01 2.588e-01 3.796e-01 5.177e-01 1.691e+00 2.675e+00 2.761e+00 2.761e+00 2.502e+00 1.277e+00 1.087e+00 8.283e-01 2.243e-01 3.451e-02 0.000e+00
0.000e+00 0.000e+00 2.934e-01 6.040e-01 2.174e+00 3.572e+00 2.485e+00 2.778e+00 3.434e+00 6.557e+00 1.641e+01 1.998e+01 2.140e+01 1.814e+01 1.372e+01 8.266e+00 4.918e+00 2.036e+00 6.730e-01 1.726e-01
0.000e+00 0.000e+00 2.416e-01 1.553e-01 5.177e-01 1.087e+00 6.040e-01 1.294e+00 1.208e+00 2.071e+00 4.021e+00 4.953e+00 4.849e+00 4.418e+00 3.814e+00 2.657e+00 1.260e+00 7.075e-01 1.726e-01 1.726e-02
0.000e+00 0.000e+00 3.106e-01 3.451e-02 3.451e-02 0.000e+00 0.000e+00 0.000e+00 0.000e+00 1.726e-02 0.000e+00 3.451e-02 3.451e-02 3.451e-02 0.000e+00 0.000e+00 0.000e+00 0.000e+00 0.000e+00 0.000e+00
0.000e+00 0.000e+00 2.071e-01 1.553e-01 5.177e-02 0.000e+00 0.000e+00 0.000e+00 0.000e+00 0.000e+00 0.000e+00 0.000e+00 0.000e+00 0.000e+00 0.000e+00 0.000e+00 0.000e+00 0.000e+00 0.000e+00 0.000e+00
0.000e+00 0.000e+00 5.695e-01 2.071e-01 1.726e-02 0.000e+00 0.000e+00 0.000e+00 0.000e+00 0.000e+00 0.000e+00 0.000e+00 0.000e+00 0.000e+00 0.000e+00 0.000e+00 0.000e+00 0.000e+00 0.000e+00 0.000e+00
0.000e+00 0.000e+00 1.018e+00 1.381e-01 3.451e-02 0.000e+00 0.000e+00 0.000e+00 0.000e+00 0.000e+00 0.000e+00 0.000e+00 0.000e+00 0.000e+00 0.000e+00 0.000e+00 0.000e+00 0.000e+00 0.000e+00 0.000e+00
0.000e+00 0.000e+00 1.208e+00 1.553e-01 0.000e+00 0.000e+00 0.000e+00 0.000e+00 0.000e+00 0.000e+00 0.000e+00 0.000e+00 0.000e+00 0.000e+00 0.000e+00 0.000e+00 0.000e+00 0.000e+00 0.000e+00 0.000e+00
0.000e+00 0.000e+00 4.832e-01 1.035e-01 0.000e+00 0.000e+00 0.000e+00 0.000e+00 0.000e+00 0.000e+00 0.000e+00 0.000e+00 0.000e+00 0.000e+00 0.000e+00 0.000e+00 0.000e+00 0.000e+00 0.000e+00 0.000e+00
0.000e+00 0.000e+00 1.035e-01 5.177e-02 0.000e+00 0.000e+00 0.000e+00 0.000e+00 0.000e+00 0.000e+00 0.000e+00 0.000e+00 0.000e+00 0.000e+00 0.000e+00 0.000e+00 0.000e+00 0.000e+00 0.000e+00 0.000e+00
0.000e+00 0.000e+00 1.726e-02 1.726e-02 0.000e+00 0.000e+00 0.000e+00 0.000e+00 0.000e+00 0.000e+00 0.000e+00 0.000e+00 0.000e+00 0.000e+00 0.000e+00 0.000e+00 0.000e+00 0.000e+00 0.000e+00 0.000e+00
0.000e+00 1.726e-02 1.726e-02 1.726e-02 0.000e+00 0.000e+00 0.000e+00 0.000e+00 0.000e+00 0.000e+00 0.000e+00 0.000e+00 0.000e+00 0.000e+00 0.000e+00 0.000e+00 0.000e+00 0.000e+00 0.000e+00 0.000e+00
# 2D Marginal for parameters ycen and strike with ranges 4.5185e+06 4.5190e+06 and 2.7872e+01 7.5631e+01
0.000e+00 0.000e+00 0.000e+00 0.000e+00 0.000e+00 0.000e+00 1.345e-06 4.573e-05 5.381e-06 0.000e+00 0.000e+00 0.000e+00 0.000e+00 0.000e+00 0.000e+00 0.000e+00 0.000e+00 0.000e+00 0.000e+00 0.000e+00
0.000e+00 0.000e+00 0.000e+00 0.000e+00 0.000e+00 1.345e-06 0.000e+00 1.251e-04 1.345e-05 4.035e-06 0.000e+00 0.000e+00 0.000e+00 0.000e+00 0.000e+00 0.000e+00 0.000e+00 0.000e+00 0.000e+00 0.000e+00
0.000e+00 0.000e+00 0.000e+00 0.000e+00 0.000e+00 1.345e-06 1.345e-06 9.147e-05 9.281e-05 1.345e-05 0.000e+00 0.000e+00 0.000e+00 0.000e+00 0.000e+00 0.000e+00 0.000e+00 0.000e+00 0.000e+00 0.000e+00
0.000e+00 0.000e+00 0.000e+00 0.000e+00 0.000e+00 1.614e-05 9.954e-05 1.090e-04 8.609e-05 4.977e-05 0.000e+00 0.000e+00 0.000e+00 0.000e+00 0.000e+00 0.000e+00 0.000e+00 0.000e+00 0.000e+00 0.000e+00
0.000e+00 0.000e+00 0.000e+00 0.000e+00 0.000e+00 8.071e-06 1.843e-04 3.484e-04 1.560e-04 7.802e-05 8.071e-06 0.000e+00 0.000e+00 0.000e+00 0.000e+00 0.000e+00 0.000e+00 0.000e+00 0.000e+00 0.000e+00
0.000e+00 0.000e+00 0.000e+00 0.000e+00 2.690e-06 1.076e-05 6.053e-05 6.995e-05 1.036e-04 6.457e-05 2.421e-05 0.000e+00 0.000e+00 0.000e+00 0.000e+00 0.000e+00 0.000e+00 0.000e+00 0.000e+00 0.000e+00
0.000e+00 0.000e+00 0.000e+00 0.000e+00 6.726e-06 5.246e-05 3.497e-05 8.071e-06 9.416e-06 5.381e-05 4.439e-05 1.345e-06 1.345e-06 0.000e+00 0.000e+00 0.000e+00 0.000e+00 0.000e+00 0.000e+00 0.000e+00
0.000e+00 5.381e-06 2.690e-06 2.018e-05 1.453e-04 3.094e-05 9.416e-06 1.345e-06 0.000e+00 1.480e-05 5.246e-05 0.000e+00 0.000e+00 0.000e+00 0.000e+00 0.000e+00 0.000e+00 0.000e+00 0.000e+00 0.000e+00
2.677e-04 1.115e-03 6.322e-05 8.878e-05 1.022e-04 0.000e+00 1.345e-06 1.345e-06 1.345e-06 5.381e-06 1.614e-05 1.076e-05 1.345e-06 1.345e-06 0.000e+00 0.000e+00 0.000e+00 0.000e+00 0.000e+00 0.000e+00
1.774e-03 7.850e-03 2.556e-04 3.497e-05 6.726e-06 0.000e+00 0.000e+00 2.690e-06 1.345e-06 1.345e-06 5.381e-06 1.211e-05 2.690e-06 0.000e+00 0.000e+00 0.000e+00 0.000e+00 0.000e+00 0.000e+00 0.000e+00
4.291e-04 2.102e-03 9.012e-05 4.035e-06 0.000e+00 0.000e+00 0.000e+00 0.000e+00 1.345e-06 2.690e-06 4.035e-06 1.211e-05 6.726e-06 1.345e-06 0.000e+00 0.000e+00 0.000e+00 0.000e+00 0.000e+00 0.000e+00
1.345e-06 8.071e-06 0.000e+00 0.000e+00 0.000e+00 0.000e+00 0.000e+00 0.000e+00 0.000e+00 0.000e+00 2.690e-06 6.726e-06 1.480e-05 5.381e-06 0.000e+00 0.000e+00 0.000e+00 0.000e+00 0.000e+00 0.000e+00
0.000e+00 0.000e+00 0.000e+00 0.000e+00 0.000e+00 0.000e+00 0.000e+00 0.000e+00 2.690e-06 1.345e-06 2.690e-06 4.035e-06 1.749e-05 4.035e-06 0.000e+00 0.000e+00 0.000e+00 0.000e+00 0.000e+00 0.000e+00
0.000e+00 0.000e+00 0.000e+00 0.000e+00 0.000e+00 0.000e+00 0.000e+00 0.000e+00 0.000e+00 0.000e+00 0.000e+00 4.035e-06 2.690e-05 1.614e-05 8.071e-06 2.690e-06 4.035e-06 0.000e+00 0.000e+00 0.000e+00
0.000e+00 0.000e+00 0.000e+00 0.000e+00 0.000e+00 0.000e+00 0.000e+00 1.345e-06 0.000e+00 0.000e+00 1.345e-06 2.690e-06 3.094e-05 9.416e-06 8.071e-06 2.421e-05 1.480e-05 0.000e+00 0.000e+00 0.000e+00
0.000e+00 0.000e+00 0.000e+00 0.000e+00 0.000e+00 0.000e+00 0.000e+00 0.000e+00 0.000e+00 0.000e+00 0.000e+00 1.345e-06 1.076e-05 1.749e-05 2.287e-05 4.035e-05 1.345e-05 0.000e+00 0.000e+00 0.000e+00
0.000e+00 0.000e+00 0.000e+00 0.000e+00 0.000e+00 0.000e+00 0.000e+00 0.000e+00 0.000e+00 0.000e+00 0.000e+00 0.000e+00 1.345e-06 1.076e-05 9.416e-06 2.018e-05 4.035e-06 0.000e+00 0.000e+00 0.000e+00
0.000e+00 0.000e+00 0.000e+00 0.000e+00 0.000e+00 0.000e+00 0.000e+00 0.000e+00 0.000e+00 0.000e+00 0.000e+00 0.000e+00 0.000e+00 2.690e-06 0.000e+00 8.071e-06 1.345e-06 0.000e+00 0.000e+00 0.000e+00
0.000e+00 0.000e+00 0.000e+00 0.000e+00 0.000e+00 0.000e+00 0.000e+00 0.000e+00 0.000e+00 0.000e+00 0.000e+00 0.000e+00 0.000e+00 0.000e+00 1.345e-06 1.345e-06 0.000e+00 0.000e+00 0.000e+00 0.000e+00
0.000e+00 0.000e+00 0.000e+00 0.000e+00 0.000e+00 0.000e+00 0.000e+00 0.000e+00 0.000e+00 0.000e+00 0.000e+00 0.000e+00 0.000e+00 1.345e-06 0.000e+00 0.000e+00 1.345e-06 0.000e+00 0.000e+00 1.345e-06
# 2D Marginal for parameters ycen and dip with ranges 4.5185e+06 4.5190e+06 and 1.0000e-01 2.4143e+01
0.000e+00 0.000e+00 0.000e+00 0.000e+00 3.741e-05 6.413e-05 0.000e+00 0.000e+00 0.000e+00 0.000e+00 0.000e+00 0.000e+00 2.672e-06 0.000e+00 0.000e+00 0.000e+00 0.000e+00 0.000e+00 0.000e+00 0.000e+00
0.000e+00 0.000e+00 0.000e+00 5.344e-06 1.176e-04 1.443e-04 8.016e-06 0.000e+00 0.000e+00 0.000e+00 0.000e+00 0.000e+00 2.672e-06 8.016e-06 0.000e+00 0.000e+00 0.000e+00 0.000e+00 0.000e+00 0.000e+00
5.344e-06 2.672e-06 0.000e+00 1.870e-05 8.550e-05 1.897e-04 5.878e-05 0.000e+00 2.672e-06 0.000e+00 0.000e+00 8.016e-06 2.672e-06 2.138e-05 2.672e-06 0.000e+00 0.000e+00 0.000e+00 0.000e+00 0.000e+00
2.752e-04 1.443e-04 1.336e-05 1.336e-05 1.015e-04 2.138e-05 4.542e-05 2.405e-05 2.672e-06 0.000e+00 0.000e+00 2.672e-06 5.344e-06 3.741e-05 2.939e-05 0.000e+00 0.000e+00 0.000e+00 0.000e+00 0.000e+00
5.772e-04 5.077e-04 1.710e-04 7.482e-05 3.206e-05 5.344e-06 1.603e-05 8.016e-06 1.069e-05 2.672e-06 2.672e-06 2.672e-05 2.138e-05 4.810e-05 4.810e-05 2.672e-06 0.000e+00 0.000e+00 0.000e+00 0.000e+00
1.229e-04 2.031e-04 1.202e-04 4.275e-05 0.000e+00 0.000e+00 0.000e+00 2.672e-06 2.672e-06 5.344e-06 5.344e-06 8.016e-06 1.336e-05 6.146e-05 1.069e-05 6.413e-05 5.344e-06 0.000e+00 0.000e+00 0.000e+00
8.550e-05 1.042e-04 1.336e-05 8.016e-06 0.000e+00 0.000e+00 2.672e-06 5.344e-06 5.344e-06 1.336e-05 1.069e-05 1.069e-05 1.336e-05 4.008e-05 2.138e-05 2.138e-05 6.413e-05 0.000e+00 2.672e-06 0.000e+00
3.714e-04 5.077e-05 0.000e+00 0.000e+00 0.000e+00 0.000e+00 0.000e+00 0.000e+00 2.672e-06 2.672e-06 8.016e-06 2.672e-05 1.603e-05 1.603e-05 1.336e-05 2.672e-06 4.810e-05 0.000e+00 2.672e-06 0.000e+00
3.230e-03 2.138e-05 0.000e+00 0.000e+00 0.000e+00 0.000e+00 0.000e+00 0.000e+00 2.672e-06 5.344e-06 0.000e+00 0.000e+00 5.344e-06 8.016e-06 0.000e+00 1.069e-05 3.741e-05 8.016e-06 0.000e+00 0.000e+00
1.970e-02 5.344e-06 0.000e+00 0.000e+00 0.000e+00 0.000e+00 0.000e+00 0.000e+00 0.000e+00 0.000e+00 0.000e+00 2.672e-06 2.672e-06 0.000e+00 0.000e+00 5.344e-06 2.939e-05 1.069e-05 0.000e+00 0.000e+00
5.216e-03 0.000e+00 0.000e+00 0.000e+00 0.000e+00 0.000e+00 0.000e+00 0.000e+00 0.000e+00 0.000e+00 0.000e+00 0.000e+00 0.000e+00 2.672e-06 5.344e-06 5.344e-06 2.939e-05 1.336e-05 0.000e+00 0.000e+00
1.870e-05 0.000e+00 0.000e+00 0.000e+00 0.000e+00 0.000e+00 0.000e+00 0.000e+00 0.000e+00 0.000e+00 0.000e+00 0.000e+00 0.000e+00 0.000e+00 0.000e+00 0.000e+00 8.016e-06 4.542e-05 5.344e-06 0.000e+00
0.000e+00 0.000e+00 0.000e+00 0.000e+00 0.000e+00 0.000e+00 0.000e+00 0.000e+00 0.000e+00 0.000e+00 0.000e+00 0.000e+00 0.000e+00 0.000e+00 5.344e-06 2.672e-06 5.344e-06 3.474e-05 1.603e-05 0.000e+00
0.000e+00 0.000e+00 0.000e+00 0.000e+00 0.000e+00 0.000e+00 0.000e+00 0.000e+00 0.000e+00 0.000e+00 0.000e+00 0.000e+00 0.000e+00 0.000e+00 0.000e+00 5.344e-06 0.000e+00 7.214e-05 3.741e-05 8.016e-06
0.000e+00 0.000e+00 0.000e+00 0.000e+00 0.000e+00 0.000e+00 0.000e+00 0.000e+00 0.000e+00 0.000e+00 0.000e+00 0.000e+00 0.000e+00 0.000e+00 2.672e-06 0.000e+00 2.672e-06 4.810e-05 6.947e-05 6.146e-05
0.000e+00 0.000e+00 0.000e+00 0.000e+00 0.000e+00 0.000e+00 0.000e+00 0.000e+00 0.000e+00 0.000e+00 0.000e+00 0.000e+00 0.000e+00 0.000e+00 0.000e+00 0.000e+00 0.000e+00 2.672e-05 8.283e-05 1.015e-04
0.000e+00 0.000e+00 0.000e+00 0.000e+00 0.000e+00 0.000e+00 0.000e+00 0.000e+00 0.000e+00 0.000e+00 0.000e+00 0.000e+00 0.000e+00 0.000e+00 0.000e+00 2.672e-06 0.000e+00 8.016e-06 2.405e-05 5.611e-05
0.000e+00 0.000e+00 0.000e+00 0.000e+00 0.000e+00 0.000e+00 0.000e+00 0.000e+00 0.000e+00 0.000e+00 0.000e+00 0.000e+00 0.000e+00 0.000e+00 0.000e+00 0.000e+00 2.672e-06 2.672e-06 8.016e-06 1.069e-05
0.000e+00 0.000e+00 0.000e+00 0.000e+00 0.000e+00 0.000e+00 0.000e+00 0.000e+00 0.000e+00 0.000e+00 0.000e+00 0.000e+00 0.000e+00 0.000e+00 0.000e+00 0.000e+00 2.672e-06 0.000e+00 0.000e+00 2.672e-06
0.000e+00 0.000e+00 0.000e+00 0.000e+00 0.000e+00 0.000e+00 0.000e+00 0.000e+00 0.000e+00 0.000e+00 0.000e+00 0.000e+00 0.000e+00 0.000e+00 0.000e+00 2.672e-06 0.000e+00 2.672e-06 0.000e+00 2.672e-06
# 2D Marginal for parameters depth and s_axis_max with ranges 2.4508e+03 3.5119e+03 and 1.5091e+03 2.4855e+03
0.000e+00 0.000e+00 0.000e+00 0.000e+00 0.000e+00 0.000e+00 0.000e+00 0.000e+00 0.000e+00 0.000e+00 0.000e+00 0.000e+00 0.000e+00 0.000e+00 5.697e-06 1.045e-05 2.285e-06 3.047e-08 0.000e+00 0.000e+00
0.000e+00 0.000e+00 0.000e+00 0.000e+00 0.000e+00 0.000e+00 0.000e+00 0.000e+00 0.000e+00 0.000e+00 0.000e+00 0.000e+00 0.000e+00 3.047e-08 7.160e-06 3.687e-06 1.341e-06 1.523e-07 0.000e+00 0.000e+00
0.000e+00 0.000e+00 0.000e+00 0.000e+00 0.000e+00 0.000e+00 0.000e+00 0.000e+00 0.000e+00 0.000e+00 0.000e+00 3.047e-08 6.094e-08 3.961e-07 6.490e-06 1.828e-07 1.523e-07 9.140e-08 9.140e-08 3.047e-08
0.000e+00 0.000e+00 0.000e+00 0.000e+00 0.000e+00 0.000e+00 0.000e+00 0.000e+00 0.000e+00 0.000e+00 0.000e+00 1.371e-06 2.559e-06 2.559e-06 2.102e-06 0.000e+00 0.000e+00 0.000e+00 0.000e+00 3.047e-08
0.000e+00 0.000e+00 0.000e+00 0.000e+00 0.000e+00 0.000e+00 0.000e+00 0.000e+00 0.000e+00 0.000e+00 6.094e-08 3.351e-06 1.033e-05 3.869e-06 1.828e-07 0.000e+00 0.000e+00 0.000e+00 0.000e+00 0.000e+00
0.000e+00 0.000e+00 0.000e+00 0.000e+00 0.000e+00 0.000e+00 1.219e-07 4.266e-07 6.703e-07 7.922e-07 6.886e-06 2.011e-06 1.402e-06 1.554e-06 1.219e-07 0.000e+00 0.000e+00 0.000e+00 0.000e+00 0.000e+00
0.000e+00 1.523e-07 1.341e-06 9.872e-06 2.520e-05 2.547e-05 1.143e-05 7.678e-06 5.027e-06 3.687e-06 3.656e-06 3.047e-08 1.219e-07 0.000e+00 0.000e+00 0.000e+00 0.000e+00 0.000e+00 0.000e+00 0.000e+00
1.737e-06 2.029e-05 5.167e-05 6.803e-05 4.677e-05 1.676e-05 1.645e-06 2.742e-07 9.140e-08 0.000e+00 0.000e+00 9.140e-08 1.828e-07 0.000e+00 0.000e+00 0.000e+00 0.000e+00 0.000e+00 0.000e+00 0.000e+00
7.922e-07 1.584e-06 1.493e-06 3.961e-07 3.047e-08 0.000e+00 0.000e+00 0.000e+00 0.000e+00 0.000e+00 0.000e+00 1.219e-07 1.219e-07 0.000e+00 0.000e+00 0.000e+00 0.000e+00 0.000e+00 0.000e+00 0.000e+00
0.000e+00 0.000e+00 0.000e+00 0.000e+00 0.000e+00 0.000e+00 0.000e+00 0.000e+00 0.000e+00 0.000e+00 0.000e+00 9.140e-08 2.437e-07 0.000e+00 0.000e+00 0.000e+00 0.000e+00 0.000e+00 0.000e+00 0.000e+00
0.000e+00 0.000e+00 0.000e+00 0.000e+00 0.000e+00 0.000e+00 0.000e+00 0.000e+00 0.000e+00 0.000e+00 0.000e+00 6.094e-08 9.140e-08 0.000e+00 0.000e+00 0.000e+00 0.000e+00 0.000e+00 0.000e+00 0.000e+00
0.000e+00 0.000e+00 0.000e+00 0.000e+00 0.000e+00 0.000e+00 0.000e+00 0.000e+00 0.000e+00 0.000e+00 0.000e+00 0.000e+00 9.140e-08 6.094e-08 0.000e+00 0.000e+00 0.000e+00 0.000e+00 0.000e+00 0.000e+00
0.000e+00 0.000e+00 0.000e+00 0.000e+00 0.000e+00 0.000e+00 0.000e+00 0.000e+00 0.000e+00 0.000e+00 0.000e+00 0.000e+00 9.140e-08 6.094e-08 0.000e+00 0.000e+00 0.000e+00 0.000e+00 0.000e+00 0.000e+00
0.000e+00 0.000e+00 0.000e+00 0.000e+00 0.000e+00 0.000e+00 0.000e+00 0.000e+00 0.000e+00 0.000e+00 0.000e+00 0.000e+00 3.047e-08 1.828e-07 0.000e+00 0.000e+00 0.000e+00 0.000e+00 0.000e+00 0.000e+00
0.000e+00 0.000e+00 0.000e+00 0.000e+00 0.000e+00 0.000e+00 0.000e+00 0.000e+00 0.000e+00 0.000e+00 0.000e+00 0.000e+00 0.000e+00 6.094e-08 0.000e+00 0.000e+00 0.000e+00 0.000e+00 0.000e+00 0.000e+00
0.000e+00 0.000e+00 0.000e+00 0.000e+00 0.000e+00 0.000e+00 0.000e+00 0.000e+00 0.000e+00 0.000e+00 0.000e+00 0.000e+00 0.000e+00 3.047e-08 3.047e-08 3.047e-08 0.000e+00 0.000e+00 0.000e+00 0.000e+00
0.000e+00 0.000e+00 0.000e+00 0.000e+00 0.000e+00 0.000e+00 0.000e+00 0.000e+00 0.000e+00 0.000e+00 0.000e+00 0.000e+00 0.000e+00 6.094e-08 1.219e-07 0.000e+00 0.000e+00 0.000e+00 0.000e+00 0.000e+00
0.000e+00 0.000e+00 0.000e+00 0.000e+00 0.000e+00 0.000e+00 0.000e+00 0.000e+00 0.000e+00 0.000e+00 0.000e+00 0.000e+00 0.000e+00 9.140e-08 3.047e-08 0.000e+00 0.000e+00 0.000e+00 0.000e+00 0.000e+00
0.000e+00 0.000e+00 0.000e+00 0.000e+00 0.000e+00 0.000e+00 0.000e+00 0.000e+00 0.000e+00 0.000e+00 0.000e+00 0.000e+00 0.000e+00 0.000e+00 0.000e+00 0.000e+00 0.000e+00 0.000e+00 0.000e+00 0.000e+00
0.000e+00 0.000e+00 0.000e+00 0.000e+00 0.000e+00 0.000e+00 0.000e+00 0.000e+00 0.000e+00 0.000e+00 0.000e+00 0.000e+00 0.000e+00 1.219e-07 0.000e+00 0.000e+00 0.000e+00 0.000e+00 0.000e+00 0.000e+00
# 2D Marginal for parameters depth and dP_mu with ranges 2.4508e+03 3.5119e+03 and 1.0271e-03 4.7498e-03
1.358e-01 4.675e+00 3.196e-02 0.000e+00 0.000e+00 0.000e+00 0.000e+00 0.000e+00 0.000e+00 0.000e+00 0.000e+00 0.000e+00 0.000e+00 0.000e+00 0.000e+00 0.000e+00 0.000e+00 0.000e+00 0.000e+00 0.000e+00
7.192e-02 2.293e+00 8.790e-01 0.000e+00 0.000e+00 0.000e+00 0.000e+00 0.000e+00 0.000e+00 0.000e+00 0.000e+00 0.000e+00 0.000e+00 0.000e+00 0.000e+00 0.000e+00 0.000e+00 0.000e+00 0.000e+00 0.000e+00
5.594e-02 1.438e-01 1.758e+00 1.598e-02 0.000e+00 0.000e+00 0.000e+00 0.000e+00 0.000e+00 0.000e+00 0.000e+00 0.000e+00 0.000e+00 0.000e+00 0.000e+00 0.000e+00 0.000e+00 0.000e+00 0.000e+00 0.000e+00
7.991e-03 0.000e+00 1.830e+00 4.235e-01 0.000e+00 0.000e+00 0.000e+00 0.000e+00 0.000e+00 0.000e+00 0.000e+00 0.000e+00 0.000e+00 0.000e+00 0.000e+00 0.000e+00 0.000e+00 0.000e+00 0.000e+00 0.000e+00
0.000e+00 0.000e+00 2.717e+00 1.718e+00 2.317e-01 0.000e+00 0.000e+00 0.000e+00 0.000e+00 0.000e+00 0.000e+00 0.000e+00 0.000e+00 0.000e+00 0.000e+00 0.000e+00 0.000e+00 0.000e+00 0.000e+00 0.000e+00
0.000e+00 7.991e-03 4.715e-01 4.075e-01 1.630e+00 8.071e-01 1.918e-01 1.199e-01 2.397e-02 7.991e-03 0.000e+00 0.000e+00 0.000e+00 0.000e+00 0.000e+00 0.000e+00 0.000e+00 0.000e+00 0.000e+00 0.000e+00
0.000e+00 0.000e+00 1.598e-02 2.397e-02 7.991e-03 1.558e+00 1.334e+00 1.910e+00 2.237e+00 3.828e+00 5.817e+00 4.475e+00 2.309e+00 7.911e-01 2.078e-01 3.995e-02 7.991e-03 0.000e+00 0.000e+00 0.000e+00
0.000e+00 0.000e+00 1.598e-02 5.594e-02 0.000e+00 0.000e+00 2.397e-02 3.196e-02 1.279e-01 9.509e-01 4.882e+00 8.358e+00 1.113e+01 1.076e+01 8.342e+00 5.258e+00 3.037e+00 1.167e+00 2.237e-01 7.192e-02
0.000e+00 0.000e+00 0.000e+00 4.794e-02 1.598e-02 0.000e+00 0.000e+00 0.000e+00 0.000e+00 0.000e+00 0.000e+00 7.991e-03 1.598e-02 7.192e-02 1.598e-01 2.637e-01 1.998e-01 2.078e-01 1.838e-01 1.598e-02
0.000e+00 0.000e+00 0.000e+00 6.393e-02 2.397e-02 0.000e+00 0.000e+00 0.000e+00 0.000e+00 0.000e+00 0.000e+00 0.000e+00 0.000e+00 0.000e+00 0.000e+00 0.000e+00 0.000e+00 0.000e+00 0.000e+00 0.000e+00
0.000e+00 0.000e+00 0.000e+00 2.397e-02 1.598e-02 0.000e+00 0.000e+00 0.000e+00 0.000e+00 0.000e+00 0.000e+00 0.000e+00 0.000e+00 0.000e+00 0.000e+00 0.000e+00 0.000e+00 0.000e+00 0.000e+00 0.000e+00
0.000e+00 0.000e+00 0.000e+00 3.196e-02 7.991e-03 0.000e+00 0.000e+00 0.000e+00 0.000e+00 0.000e+00 0.000e+00 0.000e+00 0.000e+00 0.000e+00 0.000e+00 0.000e+00 0.000e+00 0.000e+00 0.000e+00 0.000e+00
0.000e+00 0.000e+00 7.991e-03 1.598e-02 1.598e-02 0.000e+00 0.000e+00 0.000e+00 0.000e+00 0.000e+00 0.000e+00 0.000e+00 0.000e+00 0.000e+00 0.000e+00 0.000e+00 0.000e+00 0.000e+00 0.000e+00 0.000e+00
0.000e+00 0.000e+00 0.000e+00 2.397e-02 3.196e-02 0.000e+00 0.000e+00 0.000e+00 0.000e+00 0.000e+00 0.000e+00 0.000e+00 0.000e+00 0.000e+00 0.000e+00 0.000e+00 0.000e+00 0.000e+00 0.000e+00 0.000e+00
0.000e+00 0.000e+00 0.000e+00 7.991e-03 7.991e-03 0.000e+00 0.000e+00 0.000e+00 0.000e+00 0.000e+00 0.000e+00 0.000e+00 0.000e+00 0.000e+00 0.000e+00 0.000e+00 0.000e+00 0.000e+00 0.000e+00 0.000e+00
0.000e+00 0.000e+00 7.991e-03 7.991e-03 7.991e-03 0.000e+00 0.000e+00 0.000e+00 0.000e+00 0.000e+00 0.000e+00 0.000e+00 0.000e+00 0.000e+00 0.000e+00 0.000e+00 0.000e+00 0.000e+00 0.000e+00 0.000e+00
0.000e+00 0.000e+00 0.000e+00 3.995e-02 7.991e-03 0.000e+00 0.000e+00 0.000e+00 0.000e+00 0.000e+00 0.000e+00 0.000e+00 0.000e+00 0.000e+00 0.000e+00 0.000e+00 0.000e+00 0.000e+00 0.000e+00 0.000e+00
0.000e+00 0.000e+00 0.000e+00 1.598e-02 1.598e-02 0.000e+00 0.000e+00 0.000e+00 0.000e+00 0.000e+00 0.000e+00 0.000e+00 0.000e+00 0.000e+00 0.000e+00 0.000e+00 0.000e+00 0.000e+00 0.000e+00 0.000e+00
0.000e+00 0.000e+00 0.000e+00 0.000e+00 0.000e+00 0.000e+00 0.000e+00 0.000e+00 0.000e+00 0.000e+00 0.000e+00 0.000e+00 0.000e+00 0.000e+00 0.000e+00 0.000e+00 0.000e+00 0.000e+00 0.000e+00 0.000e+00
0.000e+00 0.000e+00 0.000e+00 0.000e+00 3.196e-02 0.000e+00 0.000e+00 0.000e+00 0.000e+00 0.000e+00 0.000e+00 0.000e+00 0.000e+00 0.000e+00 0.000e+00 0.000e+00 0.000e+00 0.000e+00 0.000e+00 0.000e+00
# 2D Marginal for parameters depth and strike with ranges 2.4508e+03 3.5119e+03 and 2.7872e+01 7.5631e+01
0.000e+00 0.000e+00 0.000e+00 0.000e+00 0.000e+00 1.059e-05 9.904e-05 1.887e-04 7.911e-05 0.000e+00 0.000e+00 0.000e+00 0.000e+00 0.000e+00 0.000e+00 0.000e+00 0.000e+00 0.000e+00 0.000e+00 0.000e+00
0.000e+00 0.000e+00 0.000e+00 0.000e+00 0.000e+00 8.720e-06 7.288e-05 9.343e-05 7.661e-05 1.246e-06 0.000e+00 0.000e+00 0.000e+00 0.000e+00 0.000e+00 0.000e+00 0.000e+00 0.000e+00 0.000e+00 0.000e+00
0.000e+00 0.000e+00 0.000e+00 0.000e+00 6.229e-07 1.557e-05 8.097e-06 8.409e-05 3.114e-05 1.121e-05 1.869e-06 6.229e-07 0.000e+00 0.000e+00 0.000e+00 0.000e+00 0.000e+00 0.000e+00 0.000e+00 6.229e-07
0.000e+00 0.000e+00 1.869e-06 6.229e-07 3.800e-05 1.931e-05 6.229e-07 6.229e-07 2.305e-05 3.364e-05 1.682e-05 4.360e-06 6.852e-06 3.114e-06 1.246e-06 1.682e-05 9.343e-06 0.000e+00 0.000e+00 0.000e+00
0.000e+00 1.246e-06 1.869e-05 5.917e-05 5.855e-05 1.246e-06 0.000e+00 0.000e+00 2.492e-06 5.917e-05 4.485e-05 1.619e-05 3.737e-05 2.055e-05 1.308e-05 2.429e-05 6.852e-06 0.000e+00 0.000e+00 0.000e+00
2.803e-05 1.489e-04 3.114e-05 8.720e-06 2.367e-05 0.000e+00 0.000e+00 0.000e+00 3.114e-06 2.616e-05 4.983e-06 1.246e-06 1.869e-06 2.492e-06 3.114e-06 2.492e-06 0.000e+00 0.000e+00 0.000e+00 0.000e+00
2.398e-04 1.612e-03 5.980e-05 0.000e+00 0.000e+00 0.000e+00 0.000e+00 0.000e+00 0.000e+00 0.000e+00 0.000e+00 0.000e+00 0.000e+00 6.229e-07 1.246e-06 6.229e-07 6.229e-07 0.000e+00 0.000e+00 0.000e+00
8.477e-04 3.311e-03 7.911e-05 0.000e+00 0.000e+00 0.000e+00 0.000e+00 0.000e+00 0.000e+00 0.000e+00 0.000e+00 0.000e+00 1.869e-06 1.869e-06 1.246e-06 6.229e-07 0.000e+00 0.000e+00 0.000e+00 0.000e+00
2.928e-05 5.855e-05 0.000e+00 0.000e+00 0.000e+00 0.000e+00 0.000e+00 0.000e+00 0.000e+00 0.000e+00 1.246e-06 6.229e-07 6.229e-07 1.869e-06 6.229e-07 0.000e+00 0.000e+00 0.000e+00 0.000e+00 0.000e+00
0.000e+00 0.000e+00 0.000e+00 0.000e+00 0.000e+00 0.000e+00 0.000e+00 0.000e+00 0.000e+00 0.000e+00 1.246e-06 1.246e-06 1.869e-06 1.869e-06 6.229e-07 0.000e+00 0.000e+00 0.000e+00 0.000e+00 0.000e+00
0.000e+00 0.000e+00 0.000e+00 0.000e+00 0.000e+00 0.000e+00 0.000e+00 0.000e+00 0.000e+00 0.000e+00 1.246e-06 1.246e-06 6.229e-07 0.000e+00 0.000e+00 0.000e+00 0.000e+00 0.000e+00 0.000e+00 0.000e+00
0.000e+00 0.000e+00 0.000e+00 0.000e+00 0.000e+00 0.000e+00 0.000e+00 6.229e-07 0.000e+00 0.000e+00 6.229e-07 0.000e+00 0.000e+00 0.000e+00 1.246e-06 0.000e+00 6.229e-07 0.000e+00 0.000e+00 0.000e+00
0.000e+00 0.000e+00 0.000e+00 0.000e+00 6.229e-07 0.000e+00 0.000e+00 0.000e+00 6.229e-07 6.229e-07 6.229e-07 0.000e+00 0.000e+00 0.000e+00 0.000e+00 0.000e+00 6.229e-07 0.000e+00 0.000e+00 0.000e+00
0.000e+00 0.000e+00 0.000e+00 0.000e+00 0.000e+00 0.000e+00 0.000e+00 1.869e-06 6.229e-07 6.229e-07 0.000e+00 0.000e+00 6.229e-07 0.000e+00 6.229e-07 0.000e+00 0.000e+00 0.000e+00 0.000e+00 0.000e+00
0.000e+00 0.000e+00 0.000e+00 0.000e+00 0.000e+00 0.000e+00 6.229e-07 0.000e+00 6.229e-07 0.000e+00 0.000e+00 0.000e+00 0.000e+00 0.000e+00 0.000e+00 0.000e+00 0.000e+00 0.000e+00 0.000e+00 0.000e+00
0.000e+00 0.000e+00 0.000e+00 0.000e+00 0.000e+00 0.000e+00 0.000e+00 0.000e+00 6.229e-07 0.000e+00 0.000e+00 0.000e+00 1.246e-06 0.000e+00 0.000e+00 0.000e+00 0.000e+00 0.000e+00 0.000e+00 0.000e+00
0.000e+00 0.000e+00 0.000e+00 0.000e+00 0.000e+00 0.000e+00 6.229e-07 6.229e-07 0.000e+00 1.246e-06 1.246e-06 0.000e+00 0.000e+00 0.000e+00 0.000e+00 0.000e+00 0.000e+00 0.000e+00 0.000e+00 0.000e+00
0.000e+00 0.000e+00 0.000e+00 0.000e+00 6.229e-07 0.000e+00 0.000e+00 1.246e-06 6.229e-07 0.000e+00 0.000e+00 0.000e+00 0.000e+00 0.000e+00 0.000e+00 0.000e+00 0.000e+00 0.000e+00 0.000e+00 0.000e+00
0.000e+00 0.000e+00 0.000e+00 0.000e+00 0.000e+00 0.000e+00 0.000e+00 0.000e+00 0.000e+00 0.000e+00 0.000e+00 0.000e+00 0.000e+00 0.000e+00 0.000e+00 0.000e+00 0.000e+00 0.000e+00 0.000e+00 0.000e+00
0.000e+00 0.000e+00 0.000e+00 0.000e+00 0.000e+00 6.229e-07 0.000e+00 1.246e-06 6.229e-07 0.000e+00 0.000e+00 0.000e+00 0.000e+00 0.000e+00 0.000e+00 0.000e+00 0.000e+00 0.000e+00 0.000e+00 0.000e+00
# 2D Marginal for parameters depth and dip with ranges 2.4508e+03 3.5119e+03 and 1.0000e-01 2.4143e+01
3.217e-04 2.908e-04 8.537e-05 3.959e-05 9.898e-06 2.475e-06 0.000e+00 0.000e+00 0.000e+00 0.000e+00 0.000e+00 0.000e+00 0.000e+00 0.000e+00 0.000e+00 0.000e+00 0.000e+00 0.000e+00 0.000e+00 0.000e+00
1.497e-04 1.237e-04 5.568e-05 3.217e-05 9.527e-05 4.331e-05 1.237e-06 0.000e+00 1.237e-06 0.000e+00 0.000e+00 0.000e+00 0.000e+00 0.000e+00 0.000e+00 0.000e+00 0.000e+00 0.000e+00 0.000e+00 0.000e+00
2.846e-05 1.980e-05 0.000e+00 3.712e-06 6.681e-05 1.336e-04 3.712e-05 3.712e-06 1.237e-06 4.949e-06 1.237e-06 2.475e-06 0.000e+00 0.000e+00 0.000e+00 0.000e+00 0.000e+00 1.237e-06 0.000e+00 1.237e-06
9.527e-05 2.227e-05 2.475e-06 0.000e+00 1.237e-06 1.732e-05 2.227e-05 1.485e-05 7.424e-06 8.661e-06 4.949e-06 1.485e-05 1.361e-05 7.424e-06 7.424e-06 3.712e-06 2.227e-05 1.114e-05 1.980e-05 5.320e-05
2.536e-04 1.856e-05 3.712e-06 0.000e+00 0.000e+00 0.000e+00 0.000e+00 0.000e+00 1.237e-06 0.000e+00 6.187e-06 1.980e-05 1.980e-05 6.681e-05 2.227e-05 3.464e-05 7.424e-05 7.919e-05 6.434e-05 5.815e-05
4.714e-04 6.187e-06 0.000e+00 0.000e+00 0.000e+00 0.000e+00 0.000e+00 0.000e+00 2.475e-06 0.000e+00 0.000e+00 2.475e-06 6.187e-06 2.846e-05 2.351e-05 4.949e-06 1.237e-06 9.898e-06 1.114e-05 0.000e+00
3.797e-03 0.000e+00 0.000e+00 0.000e+00 0.000e+00 0.000e+00 0.000e+00 0.000e+00 0.000e+00 0.000e+00 0.000e+00 0.000e+00 0.000e+00 0.000e+00 0.000e+00 0.000e+00 0.000e+00 2.475e-06 3.712e-06 0.000e+00
8.417e-03 0.000e+00 0.000e+00 0.000e+00 0.000e+00 0.000e+00 0.000e+00 0.000e+00 0.000e+00 0.000e+00 0.000e+00 0.000e+00 0.000e+00 0.000e+00 0.000e+00 0.000e+00 0.000e+00 3.712e-06 7.424e-06 0.000e+00
1.745e-04 0.000e+00 0.000e+00 0.000e+00 0.000e+00 0.000e+00 0.000e+00 0.000e+00 0.000e+00 0.000e+00 0.000e+00 0.000e+00 0.000e+00 0.000e+00 0.000e+00 0.000e+00 0.000e+00 6.187e-06 3.712e-06 0.000e+00
0.000e+00 0.000e+00 0.000e+00 0.000e+00 0.000e+00 0.000e+00 0.000e+00 0.000e+00 0.000e+00 0.000e+00 0.000e+00 0.000e+00 0.000e+00 0.000e+00 0.000e+00 0.000e+00 0.000e+00 9.898e-06 3.712e-06 0.000e+00
0.000e+00 0.000e+00 0.000e+00 0.000e+00 0.000e+00 0.000e+00 0.000e+00 0.000e+00 0.000e+00 0.000e+00 0.000e+00 0.000e+00 0.000e+00 0.000e+00 0.000e+00 0.000e+00 2.475e-06 2.475e-06 1.237e-06 0.000e+00
0.000e+00 0.000e+00 0.000e+00 0.000e+00 0.000e+00 0.000e+00 0.000e+00 0.000e+00 0.000e+00 0.000e+00 0.000e+00 0.000e+00 0.000e+00 0.000e+00 0.000e+00 1.237e-06 4.949e-06 0.000e+00 0.000e+00 0.000e+00
0.000e+00 0.000e+00 0.000e+00 0.000e+00 0.000e+00 0.000e+00 0.000e+00 0.000e+00 0.000e+00 0.000e+00 0.000e+00 0.000e+00 0.000e+00 0.000e+00 0.000e+00 2.475e-06 3.712e-06 0.000e+00 0.000e+00 0.000e+00
0.000e+00 0.000e+00 0.000e+00 0.000e+00 0.000e+00 0.000e+00 0.000e+00 0.000e+00 0.000e+00 0.000e+00 0.000e+00 0.000e+00 0.000e+00 0.000e+00 0.000e+00 8.661e-06 0.000e+00 0.000e+00 0.000e+00 0.000e+00
0.000e+00 0.000e+00 0.000e+00 0.000e+00 0.000e+00 0.000e+00 0.000e+00 0.000e+00 0.000e+00 0.000e+00 0.000e+00 0.000e+00 0.000e+00 0.000e+00 1.237e-06 1.237e-06 0.000e+00 0.000e+00 0.000e+00 0.000e+00
0.000e+00 0.000e+00 0.000e+00 0.000e+00 0.000e+00 0.000e+00 0.000e+00 0.000e+00 0.000e+00 0.000e+00 0.000e+00 0.000e+00 0.000e+00 1.237e-06 1.237e-06 1.237e-06 0.000e+00 0.000e+00 0.000e+00 0.000e+00
0.000e+00 0.000e+00 0.000e+00 0.000e+00 0.000e+00 0.000e+00 0.000e+00 0.000e+00 0.000e+00 0.000e+00 0.000e+00 0.000e+00 0.000e+00 2.475e-06 4.949e-06 0.000e+00 0.000e+00 0.000e+00 0.000e+00 0.000e+00
0.000e+00 0.000e+00 0.000e+00 0.000e+00 0.000e+00 0.000e+00 0.000e+00 0.000e+00 0.000e+00 0.000e+00 0.000e+00 0.000e+00 0.000e+00 1.237e-06 3.712e-06 0.000e+00 0.000e+00 0.000e+00 0.000e+00 0.000e+00
0.000e+00 0.000e+00 0.000e+00 0.000e+00 0.000e+00 0.000e+00 0.000e+00 0.000e+00 0.000e+00 0.000e+00 0.000e+00 0.000e+00 0.000e+00 0.000e+00 0.000e+00 0.000e+00 0.000e+00 0.000e+00 0.000e+00 0.000e+00
0.000e+00 0.000e+00 0.000e+00 0.000e+00 0.000e+00 0.000e+00 0.000e+00 0.000e+00 0.000e+00 0.000e+00 0.000e+00 0.000e+00 0.000e+00 4.949e-06 0.000e+00 0.000e+00 0.000e+00 0.000e+00 0.000e+00 0.000e+00
# 2D Marginal for parameters s_axis_max and dP_mu with ranges 1.5091e+03 2.4855e+03 and 1.0271e-03 4.7498e-03
0.000e+00 0.000e+00 0.000e+00 0.000e+00 0.000e+00 0.000e+00 0.000e+00 0.000e+00 0.000e+00 0.000e+00 0.000e+00 0.000e+00 0.000e+00 0.000e+00 0.000e+00 0.000e+00 0.000e+00 1.911e-01 4.342e-01 9.553e-02
0.000e+00 0.000e+00 0.000e+00 0.000e+00 0.000e+00 0.000e+00 0.000e+00 0.000e+00 0.000e+00 0.000e+00 0.000e+00 0.000e+00 0.000e+00 0.000e+00 0.000e+00 1.459e+00 3.508e+00 1.303e+00 8.684e-03 0.000e+00
0.000e+00 0.000e+00 0.000e+00 0.000e+00 0.000e+00 0.000e+00 0.000e+00 0.000e+00 0.000e+00 0.000e+00 0.000e+00 0.000e+00 0.000e+00 1.589e+00 9.344e+00 4.585e+00 1.737e-02 0.000e+00 0.000e+00 0.000e+00
0.000e+00 0.000e+00 0.000e+00 0.000e+00 0.000e+00 0.000e+00 0.000e+00 0.000e+00 0.000e+00 0.000e+00 0.000e+00 4.342e-02 1.112e+01 1.104e+01 1.216e-01 0.000e+00 0.000e+00 0.000e+00 0.000e+00 0.000e+00
0.000e+00 0.000e+00 0.000e+00 0.000e+00 0.000e+00 0.000e+00 0.000e+00 0.000e+00 0.000e+00 0.000e+00 3.118e+00 1.389e+01 3.508e+00 0.000e+00 0.000e+00 0.000e+00 0.000e+00 0.000e+00 0.000e+00 0.000e+00
0.000e+00 0.000e+00 0.000e+00 0.000e+00 0.000e+00 0.000e+00 0.000e+00 0.000e+00 0.000e+00 3.508e+00 8.511e+00 1.737e-02 0.000e+00 0.000e+00 0.000e+00 0.000e+00 0.000e+00 0.000e+00 0.000e+00 0.000e+00
0.000e+00 0.000e+00 0.000e+00 0.000e+00 0.000e+00 0.000e+00 0.000e+00 0.000e+00 2.067e+00 1.693e+00 0.000e+00 0.000e+00 0.000e+00 0.000e+00 0.000e+00 0.000e+00 0.000e+00 0.000e+00 0.000e+00 0.000e+00
0.000e+00 0.000e+00 0.000e+00 0.000e+00 0.000e+00 0.000e+00 0.000e+00 1.858e+00 5.297e-01 0.000e+00 0.000e+00 0.000e+00 0.000e+00 0.000e+00 0.000e+00 0.000e+00 0.000e+00 0.000e+00 0.000e+00 0.000e+00
0.000e+00 0.000e+00 0.000e+00 0.000e+00 0.000e+00 0.000e+00 1.268e+00 3.821e-01 0.000e+00 0.000e+00 0.000e+00 0.000e+00 0.000e+00 0.000e+00 0.000e+00 0.000e+00 0.000e+00 0.000e+00 0.000e+00 0.000e+00
0.000e+00 0.000e+00 0.000e+00 0.000e+00 0.000e+00 8.597e-01 4.168e-01 0.000e+00 0.000e+00 0.000e+00 0.000e+00 0.000e+00 0.000e+00 0.000e+00 0.000e+00 0.000e+00 0.000e+00 0.000e+00 0.000e+00 0.000e+00
0.000e+00 0.000e+00 0.000e+00 0.000e+00 1.311e+00 1.711e+00 0.000e+00 0.000e+00 0.000e+00 0.000e+00 0.000e+00 0.000e+00 0.000e+00 0.000e+00 0.000e+00 0.000e+00 0.000e+00 0.000e+00 0.000e+00 0.000e+00
0.000e+00 0.000e+00 7.816e-01 4.950e-01 7.642e-01 0.000e+00 0.000e+00 0.000e+00 0.000e+00 0.000e+00 0.000e+00 0.000e+00 0.000e+00 0.000e+00 0.000e+00 0.000e+00 0.000e+00 0.000e+00 0.000e+00 0.000e+00
0.000e+00 8.684e-03 2.023e+00 2.284e+00 5.211e-02 0.000e+00 0.000e+00 0.000e+00 0.000e+00 0.000e+00 0.000e+00 0.000e+00 0.000e+00 0.000e+00 0.000e+00 0.000e+00 0.000e+00 0.000e+00 0.000e+00 0.000e+00
0.000e+00 0.000e+00 2.136e+00 3.561e-01 9.553e-02 0.000e+00 0.000e+00 0.000e+00 0.000e+00 0.000e+00 0.000e+00 0.000e+00 0.000e+00 0.000e+00 0.000e+00 0.000e+00 0.000e+00 0.000e+00 0.000e+00 0.000e+00
0.000e+00 2.744e+00 3.456e+00 4.342e-02 8.684e-03 0.000e+00 0.000e+00 0.000e+00 0.000e+00 0.000e+00 0.000e+00 0.000e+00 0.000e+00 0.000e+00 0.000e+00 0.000e+00 0.000e+00 0.000e+00 0.000e+00 0.000e+00
8.684e-03 4.073e+00 8.684e-03 0.000e+00 0.000e+00 0.000e+00 0.000e+00 0.000e+00 0.000e+00 0.000e+00 0.000e+00 0.000e+00 0.000e+00 0.000e+00 0.000e+00 0.000e+00 0.000e+00 0.000e+00 0.000e+00 0.000e+00
1.650e-01 9.119e-01 0.000e+00 0.000e+00 0.000e+00 0.000e+00 0.000e+00 0.000e+00 0.000e+00 0.000e+00 0.000e+00 0.000e+00 0.000e+00 0.000e+00 0.000e+00 0.000e+00 0.000e+00 0.000e+00 0.000e+00 0.000e+00
7.816e-02 0.000e+00 0.000e+00 0.000e+00 0.000e+00 0.000e+00 0.000e+00 0.000e+00 0.000e+00 0.000e+00 0.000e+00 0.000e+00 0.000e+00 0.000e+00 0.000e+00 0.000e+00 0.000e+00 0.000e+00 0.000e+00 0.000e+00
2.605e-02 0.000e+00 0.000e+00 0.000e+00 0.000e+00 0.000e+00 0.000e+00 0.000e+00 0.000e+00 0.000e+00 0.000e+00 0.000e+00 0.000e+00 0.000e+00 0.000e+00 0.000e+00 0.000e+00 0.000e+00 0.000e+00 0.000e+00
1.737e-02 0.000e+00 0.000e+00 0.000e+00 0.000e+00 0.000e+00 0.000e+00 0.000e+00 0.000e+00 0.000e+00 0.000e+00 0.000e+00 0.000e+00 0.000e+00 0.000e+00 0.000e+00 0.000e+00 0.000e+00 0.000e+00 0.000e+00
# 2D Marginal for parameters s_axis_max and strike with ranges 1.5091e+03 2.4855e+03 and 2.7872e+01 7.5631e+01
8.123e-06 4.603e-05 2.031e-06 0.000e+00 0.000e+00 0.000e+00 0.000e+00 0.000e+00 0.000e+00 0.000e+00 0.000e+00 0.000e+00 0.000e+00 0.000e+00 0.000e+00 0.000e+00 0.000e+00 0.000e+00 0.000e+00 0.000e+00
1.273e-04 3.547e-04 7.446e-06 0.000e+00 0.000e+00 0.000e+00 0.000e+00 0.000e+00 0.000e+00 0.000e+00 0.000e+00 0.000e+00 0.000e+00 0.000e+00 0.000e+00 0.000e+00 0.000e+00 0.000e+00 0.000e+00 0.000e+00
2.342e-04 9.592e-04 1.760e-05 0.000e+00 0.000e+00 0.000e+00 0.000e+00 0.000e+00 0.000e+00 0.000e+00 0.000e+00 0.000e+00 0.000e+00 0.000e+00 0.000e+00 0.000e+00 0.000e+00 0.000e+00 0.000e+00 0.000e+00
2.992e-04 1.397e-03 4.332e-05 0.000e+00 0.000e+00 0.000e+00 0.000e+00 0.000e+00 0.000e+00 0.000e+00 0.000e+00 0.000e+00 0.000e+00 0.000e+00 0.000e+00 0.000e+00 0.000e+00 0.000e+00 0.000e+00 0.000e+00
2.586e-04 1.309e-03 3.182e-05 0.000e+00 0.000e+00 0.000e+00 0.000e+00 0.000e+00 0.000e+00 0.000e+00 0.000e+00 0.000e+00 0.000e+00 0.000e+00 0.000e+00 0.000e+00 0.000e+00 0.000e+00 0.000e+00 0.000e+00
1.489e-04 7.643e-04 2.505e-05 0.000e+00 0.000e+00 0.000e+00 0.000e+00 0.000e+00 0.000e+00 0.000e+00 0.000e+00 0.000e+00 0.000e+00 0.000e+00 0.000e+00 0.000e+00 0.000e+00 0.000e+00 0.000e+00 0.000e+00
4.332e-05 2.437e-04 6.092e-06 0.000e+00 0.000e+00 0.000e+00 0.000e+00 0.000e+00 0.000e+00 0.000e+00 0.000e+00 0.000e+00 0.000e+00 0.000e+00 0.000e+00 0.000e+00 0.000e+00 0.000e+00 0.000e+00 0.000e+00
2.166e-05 1.543e-04 1.015e-05 0.000e+00 0.000e+00 0.000e+00 0.000e+00 0.000e+00 0.000e+00 0.000e+00 0.000e+00 0.000e+00 0.000e+00 0.000e+00 0.000e+00 0.000e+00 0.000e+00 0.000e+00 0.000e+00 0.000e+00
2.369e-05 9.883e-05 6.092e-06 0.000e+00 0.000e+00 0.000e+00 0.000e+00 0.000e+00 0.000e+00 0.000e+00 0.000e+00 0.000e+00 0.000e+00 0.000e+00 0.000e+00 0.000e+00 0.000e+00 0.000e+00 0.000e+00 0.000e+00
3.520e-05 6.092e-05 3.385e-06 0.000e+00 0.000e+00 0.000e+00 0.000e+00 0.000e+00 0.000e+00 0.000e+00 0.000e+00 0.000e+00 0.000e+00 0.000e+00 0.000e+00 0.000e+00 0.000e+00 0.000e+00 0.000e+00 0.000e+00
4.332e-05 1.787e-04 1.354e-05 0.000e+00 0.000e+00 0.000e+00 0.000e+00 0.000e+00 0.000e+00 0.000e+00 0.000e+00 0.000e+00 0.000e+00 0.000e+00 0.000e+00 0.000e+00 0.000e+00 0.000e+00 0.000e+00 0.000e+00
6.769e-07 9.477e-06 3.520e-05 1.083e-05 1.963e-05 6.769e-07 0.000e+00 0.000e+00 0.000e+00 0.000e+00 3.385e-06 2.031e-06 1.354e-06 8.123e-06 1.083e-05 4.197e-05 1.489e-05 0.000e+00 0.000e+00 0.000e+00
0.000e+00 0.000e+00 3.385e-06 6.295e-05 8.800e-05 3.385e-06 0.000e+00 6.769e-07 6.769e-07 2.166e-05 3.249e-05 2.369e-05 5.280e-05 2.708e-05 1.218e-05 6.769e-06 4.062e-06 0.000e+00 0.000e+00 6.769e-07
0.000e+00 0.000e+00 2.031e-06 6.769e-07 2.234e-05 1.557e-05 1.354e-06 5.415e-06 1.083e-05 9.409e-05 4.197e-05 2.031e-06 2.708e-06 0.000e+00 2.031e-06 0.000e+00 6.769e-07 0.000e+00 0.000e+00 0.000e+00
0.000e+00 0.000e+00 0.000e+00 0.000e+00 2.708e-06 2.031e-05 1.760e-05 1.936e-04 2.200e-04 2.979e-05 3.385e-06 0.000e+00 0.000e+00 0.000e+00 0.000e+00 0.000e+00 0.000e+00 0.000e+00 0.000e+00 0.000e+00
0.000e+00 0.000e+00 0.000e+00 0.000e+00 0.000e+00 1.151e-05 1.022e-04 1.977e-04 6.769e-06 0.000e+00 0.000e+00 0.000e+00 6.769e-07 0.000e+00 0.000e+00 0.000e+00 0.000e+00 0.000e+00 0.000e+00 0.000e+00
0.000e+00 0.000e+00 0.000e+00 0.000e+00 0.000e+00 7.446e-06 6.905e-05 7.446e-06 0.000e+00 0.000e+00 0.000e+00 0.000e+00 0.000e+00 0.000e+00 0.000e+00 0.000e+00 0.000e+00 0.000e+00 0.000e+00 0.000e+00
0.000e+00 0.000e+00 0.000e+00 0.000e+00 0.000e+00 2.031e-06 4.062e-06 0.000e+00 0.000e+00 0.000e+00 0.000e+00 0.000e+00 0.000e+00 0.000e+00 0.000e+00 0.000e+00 0.000e+00 0.000e+00 0.000e+00 0.000e+00
0.000e+00 0.000e+00 0.000e+00 0.000e+00 0.000e+00 0.000e+00 2.031e-06 0.000e+00 0.000e+00 0.000e+00 0.000e+00 0.000e+00 0.000e+00 0.000e+00 0.000e+00 0.000e+00 0.000e+00 0.000e+00 0.000e+00 0.000e+00
0.000e+00 0.000e+00 0.000e+00 0.000e+00 0.000e+00 0.000e+00 1.354e-06 0.000e+00 0.000e+00 0.000e+00 0.000e+00 0.000e+00 0.000e+00 0.000e+00 0.000e+00 0.000e+00 0.000e+00 0.000e+00 0.000e+00 0.000e+00
# 2D Marginal for parameters s_axis_max and dip with ranges 1.5091e+03 2.4855e+03 and 1.0000e-01 2.4143e+01
1.116e-04 0.000e+00 0.000e+00 0.000e+00 0.000e+00 0.000e+00 0.000e+00 0.000e+00 0.000e+00 0.000e+00 0.000e+00 0.000e+00 0.000e+00 0.000e+00 0.000e+00 0.000e+00 0.000e+00 0.000e+00 0.000e+00 0.000e+00
9.722e-04 0.000e+00 0.000e+00 0.000e+00 0.000e+00 0.000e+00 0.000e+00 0.000e+00 0.000e+00 0.000e+00 0.000e+00 0.000e+00 0.000e+00 0.000e+00 0.000e+00 0.000e+00 0.000e+00 0.000e+00 0.000e+00 0.000e+00
2.406e-03 0.000e+00 0.000e+00 0.000e+00 0.000e+00 0.000e+00 0.000e+00 0.000e+00 0.000e+00 0.000e+00 0.000e+00 0.000e+00 0.000e+00 0.000e+00 0.000e+00 0.000e+00 0.000e+00 0.000e+00 0.000e+00 0.000e+00
3.456e-03 0.000e+00 0.000e+00 0.000e+00 0.000e+00 0.000e+00 0.000e+00 0.000e+00 0.000e+00 0.000e+00 0.000e+00 0.000e+00 0.000e+00 0.000e+00 0.000e+00 0.000e+00 0.000e+00 0.000e+00 0.000e+00 0.000e+00
3.177e-03 0.000e+00 0.000e+00 0.000e+00 0.000e+00 0.000e+00 0.000e+00 0.000e+00 0.000e+00 0.000e+00 0.000e+00 0.000e+00 0.000e+00 0.000e+00 0.000e+00 0.000e+00 0.000e+00 0.000e+00 0.000e+00 0.000e+00
1.864e-03 0.000e+00 0.000e+00 0.000e+00 0.000e+00 0.000e+00 0.000e+00 0.000e+00 0.000e+00 0.000e+00 0.000e+00 0.000e+00 0.000e+00 0.000e+00 0.000e+00 0.000e+00 0.000e+00 0.000e+00 0.000e+00 0.000e+00
5.822e-04 0.000e+00 0.000e+00 0.000e+00 0.000e+00 0.000e+00 0.000e+00 0.000e+00 0.000e+00 0.000e+00 0.000e+00 0.000e+00 0.000e+00 0.000e+00 0.000e+00 0.000e+00 0.000e+00 0.000e+00 0.000e+00 0.000e+00
3.698e-04 0.000e+00 0.000e+00 0.000e+00 0.000e+00 0.000e+00 0.000e+00 0.000e+00 0.000e+00 0.000e+00 0.000e+00 0.000e+00 0.000e+00 0.000e+00 0.000e+00 0.000e+00 0.000e+00 0.000e+00 0.000e+00 0.000e+00
2.555e-04 0.000e+00 0.000e+00 0.000e+00 0.000e+00 0.000e+00 0.000e+00 0.000e+00 0.000e+00 0.000e+00 0.000e+00 0.000e+00 0.000e+00 0.000e+00 0.000e+00 0.000e+00 0.000e+00 0.000e+00 0.000e+00 0.000e+00
1.977e-04 0.000e+00 0.000e+00 0.000e+00 0.000e+00 0.000e+00 0.000e+00 0.000e+00 0.000e+00 0.000e+00 0.000e+00 0.000e+00 0.000e+00 0.000e+00 0.000e+00 0.000e+00 0.000e+00 0.000e+00 0.000e+00 0.000e+00
4.680e-04 0.000e+00 0.000e+00 0.000e+00 0.000e+00 0.000e+00 0.000e+00 0.000e+00 0.000e+00 0.000e+00 0.000e+00 0.000e+00 0.000e+00 0.000e+00 0.000e+00 0.000e+00 0.000e+00 0.000e+00 0.000e+00 0.000e+00
1.398e-04 1.076e-05 1.345e-06 0.000e+00 0.000e+00 0.000e+00 0.000e+00 0.000e+00 0.000e+00 0.000e+00 0.000e+00 0.000e+00 0.000e+00 0.000e+00 0.000e+00 0.000e+00 0.000e+00 5.379e-06 4.303e-05 1.156e-04
2.905e-04 1.883e-05 2.689e-06 0.000e+00 0.000e+00 0.000e+00 0.000e+00 0.000e+00 0.000e+00 0.000e+00 0.000e+00 0.000e+00 0.000e+00 0.000e+00 1.076e-05 3.496e-05 9.816e-05 1.318e-04 8.203e-05 6.723e-06
6.320e-05 1.479e-05 2.689e-06 0.000e+00 0.000e+00 0.000e+00 1.345e-06 0.000e+00 2.689e-06 6.723e-06 6.723e-06 3.900e-05 4.303e-05 1.170e-04 5.513e-05 2.824e-05 2.017e-05 0.000e+00 0.000e+00 0.000e+00
9.547e-05 1.277e-04 1.372e-04 8.203e-05 1.883e-04 2.138e-04 6.454e-05 2.017e-05 1.210e-05 8.068e-06 6.723e-06 4.034e-06 0.000e+00 4.034e-06 4.034e-06 0.000e+00 0.000e+00 0.000e+00 0.000e+00 0.000e+00
3.832e-04 2.407e-04 8.068e-06 0.000e+00 0.000e+00 0.000e+00 0.000e+00 0.000e+00 0.000e+00 0.000e+00 0.000e+00 0.000e+00 0.000e+00 1.345e-06 0.000e+00 0.000e+00 0.000e+00 0.000e+00 0.000e+00 0.000e+00
5.782e-05 1.009e-04 8.068e-06 0.000e+00 0.000e+00 0.000e+00 0.000e+00 0.000e+00 0.000e+00 0.000e+00 0.000e+00 0.000e+00 0.000e+00 0.000e+00 0.000e+00 0.000e+00 0.000e+00 0.000e+00 0.000e+00 0.000e+00
8.068e-06 4.034e-06 0.000e+00 0.000e+00 0.000e+00 0.000e+00 0.000e+00 0.000e+00 0.000e+00 0.000e+00 0.000e+00 0.000e+00 0.000e+00 0.000e+00 0.000e+00 0.000e+00 0.000e+00 0.000e+00 0.000e+00 0.000e+00
1.345e-06 2.689e-06 0.000e+00 0.000e+00 0.000e+00 0.000e+00 0.000e+00 0.000e+00 0.000e+00 0.000e+00 0.000e+00 0.000e+00 0.000e+00 0.000e+00 0.000e+00 0.000e+00 0.000e+00 0.000e+00 0.000e+00 0.000e+00
0.000e+00 2.689e-06 0.000e+00 0.000e+00 0.000e+00 0.000e+00 0.000e+00 0.000e+00 0.000e+00 0.000e+00 0.000e+00 0.000e+00 0.000e+00 0.000e+00 0.000e+00 0.000e+00 0.000e+00 0.000e+00 0.000e+00 0.000e+00
# 2D Marginal for parameters dP_mu and strike with ranges 1.0271e-03 4.7498e-03 and 2.7872e+01 7.5631e+01
0.000e+00 0.000e+00 0.000e+00 0.000e+00 0.000e+00 1.065e+00 4.616e+00 3.551e-01 0.000e+00 0.000e+00 0.000e+00 0.000e+00 0.000e+00 0.000e+00 0.000e+00 0.000e+00 0.000e+00 0.000e+00 0.000e+00 0.000e+00
0.000e+00 0.000e+00 0.000e+00 0.000e+00 0.000e+00 5.681e+00 4.652e+01 7.048e+01 3.498e+01 3.551e-01 0.000e+00 0.000e+00 0.000e+00 0.000e+00 0.000e+00 0.000e+00 0.000e+00 0.000e+00 0.000e+00 1.775e-01
0.000e+00 0.000e+00 0.000e+00 0.000e+00 4.083e+00 7.634e+00 3.551e-01 3.373e+01 2.628e+01 3.444e+01 1.864e+01 6.214e+00 1.332e+01 6.569e+00 4.438e+00 1.136e+01 4.794e+00 0.000e+00 0.000e+00 0.000e+00
0.000e+00 0.000e+00 2.130e+00 1.811e+01 2.823e+01 1.420e+00 3.551e-01 3.551e-01 7.102e-01 3.373e+00 1.598e+00 7.102e-01 1.420e+00 2.663e+00 2.130e+00 1.420e+00 3.551e-01 0.000e+00 0.000e+00 0.000e+00
1.065e+00 2.486e+01 1.207e+01 1.420e+00 2.486e+00 1.775e-01 0.000e+00 1.243e+00 5.326e-01 0.000e+00 1.065e+00 3.551e-01 3.551e-01 0.000e+00 0.000e+00 0.000e+00 0.000e+00 0.000e+00 0.000e+00 0.000e+00
1.846e+01 3.320e+01 8.877e-01 0.000e+00 0.000e+00 0.000e+00 0.000e+00 0.000e+00 0.000e+00 0.000e+00 0.000e+00 0.000e+00 0.000e+00 0.000e+00 0.000e+00 0.000e+00 0.000e+00 0.000e+00 0.000e+00 0.000e+00
4.971e+00 2.823e+01 1.243e+00 0.000e+00 0.000e+00 0.000e+00 0.000e+00 0.000e+00 0.000e+00 0.000e+00 0.000e+00 0.000e+00 0.000e+00 0.000e+00 0.000e+00 0.000e+00 0.000e+00 0.000e+00 0.000e+00 0.000e+00
6.391e+00 3.675e+01 2.663e+00 0.000e+00 0.000e+00 0.000e+00 0.000e+00 0.000e+00 0.000e+00 0.000e+00 0.000e+00 0.000e+00 0.000e+00 0.000e+00 0.000e+00 0.000e+00 0.000e+00 0.000e+00 0.000e+00 0.000e+00
7.812e+00 4.367e+01 1.598e+00 0.000e+00 0.000e+00 0.000e+00 0.000e+00 0.000e+00 0.000e+00 0.000e+00 0.000e+00 0.000e+00 0.000e+00 0.000e+00 0.000e+00 0.000e+00 0.000e+00 0.000e+00 0.000e+00 0.000e+00
1.491e+01 8.895e+01 2.486e+00 0.000e+00 0.000e+00 0.000e+00 0.000e+00 0.000e+00 0.000e+00 0.000e+00 0.000e+00 0.000e+00 0.000e+00 0.000e+00 0.000e+00 0.000e+00 0.000e+00 0.000e+00 0.000e+00 0.000e+00
3.640e+01 1.946e+02 6.746e+00 0.000e+00 0.000e+00 0.000e+00 0.000e+00 0.000e+00 0.000e+00 0.000e+00 0.000e+00 0.000e+00 0.000e+00 0.000e+00 0.000e+00 0.000e+00 0.000e+00 0.000e+00 0.000e+00 0.000e+00
4.669e+01 2.333e+02 5.326e+00 0.000e+00 0.000e+00 0.000e+00 0.000e+00 0.000e+00 0.000e+00 0.000e+00 0.000e+00 0.000e+00 0.000e+00 0.000e+00 0.000e+00 0.000e+00 0.000e+00 0.000e+00 0.000e+00 0.000e+00
4.367e+01 2.487e+02 6.569e+00 0.000e+00 0.000e+00 0.000e+00 0.000e+00 0.000e+00 0.000e+00 0.000e+00 0.000e+00 0.000e+00 0.000e+00 0.000e+00 0.000e+00 0.000e+00 0.000e+00 0.000e+00 0.000e+00 0.000e+00
5.486e+01 1.971e+02 6.214e+00 0.000e+00 0.000e+00 0.000e+00 0.000e+00 0.000e+00 0.000e+00 0.000e+00 0.000e+00 0.000e+00 0.000e+00 0.000e+00 0.000e+00 0.000e+00 0.000e+00 0.000e+00 0.000e+00 0.000e+00
3.533e+01 1.548e+02 3.373e+00 0.000e+00 0.000e+00 0.000e+00 0.000e+00 0.000e+00 0.000e+00 0.000e+00 0.000e+00 0.000e+00 0.000e+00 0.000e+00 0.000e+00 0.000e+00 0.000e+00 0.000e+00 0.000e+00 0.000e+00
2.610e+01 9.640e+01 1.065e+00 0.000e+00 0.000e+00 0.000e+00 0.000e+00 0.000e+00 0.000e+00 0.000e+00 0.000e+00 0.000e+00 0.000e+00 0.000e+00 0.000e+00 0.000e+00 0.000e+00 0.000e+00 0.000e+00 0.000e+00
2.148e+01 4.953e+01 1.065e+00 0.000e+00 0.000e+00 0.000e+00 0.000e+00 0.000e+00 0.000e+00 0.000e+00 0.000e+00 0.000e+00 0.000e+00 0.000e+00 0.000e+00 0.000e+00 0.000e+00 0.000e+00 0.000e+00 0.000e+00
6.214e+00 2.379e+01 5.326e-01 0.000e+00 0.000e+00 0.000e+00 0.000e+00 0.000e+00 0.000e+00 0.000e+00 0.000e+00 0.000e+00 0.000e+00 0.000e+00 0.000e+00 0.000e+00 0.000e+00 0.000e+00 0.000e+00 0.000e+00
1.953e+00 6.924e+00 1.775e-01 0.000e+00 0.000e+00 0.000e+00 0.000e+00 0.000e+00 0.000e+00 0.000e+00 0.000e+00 0.000e+00 0.000e+00 0.000e+00 0.000e+00 0.000e+00 0.000e+00 0.000e+00 0.000e+00 0.000e+00
0.000e+00 1.775e+00 1.775e-01 0.000e+00 0.000e+00 0.000e+00 0.000e+00 0.000e+00 0.000e+00 0.000e+00 0.000e+00 0.000e+00 0.000e+00 0.000e+00 0.000e+00 0.000e+00 0.000e+00 0.000e+00 0.000e+00 0.000e+00
# 2D Marginal for parameters dP_mu and dip with ranges 1.0271e-03 4.7498e-03 and 1.0000e-01 2.4143e+01
3.174e+00 7.759e+00 1.058e+00 0.000e+00 0.000e+00 0.000e+00 0.000e+00 0.000e+00 0.000e+00 0.000e+00 0.000e+00 0.000e+00 0.000e+00 0.000e+00 0.000e+00 0.000e+00 0.000e+00 0.000e+00 0.000e+00 0.000e+00
1.344e+02 1.143e+02 3.915e+01 1.799e+01 7.053e+00 7.053e-01 0.000e+00 0.000e+00 3.527e-01 0.000e+00 0.000e+00 0.000e+00 0.000e+00 0.000e+00 0.000e+00 0.000e+00 0.000e+00 0.000e+00 0.000e+00 3.527e-01
1.622e+01 6.701e+00 7.053e-01 3.527e+00 4.232e+01 5.537e+01 1.728e+01 5.290e+00 3.527e+00 3.879e+00 3.527e+00 1.129e+01 1.058e+01 2.821e+01 1.164e+01 1.164e+01 2.751e+01 2.927e+01 2.469e+01 2.821e+01
8.993e+01 8.111e+00 1.058e+00 0.000e+00 0.000e+00 0.000e+00 0.000e+00 0.000e+00 0.000e+00 0.000e+00 0.000e+00 0.000e+00 7.053e-01 2.116e+00 5.995e+00 2.821e+00 2.469e+00 6.348e+00 5.995e+00 3.527e+00
8.217e+01 3.527e-01 0.000e+00 0.000e+00 0.000e+00 0.000e+00 0.000e+00 0.000e+00 0.000e+00 0.000e+00 0.000e+00 0.000e+00 0.000e+00 1.763e+00 7.053e-01 2.116e+00 1.058e+00 3.527e-01 2.116e+00 0.000e+00
1.044e+02 0.000e+00 0.000e+00 0.000e+00 0.000e+00 0.000e+00 0.000e+00 0.000e+00 0.000e+00 0.000e+00 0.000e+00 0.000e+00 0.000e+00 0.000e+00 0.000e+00 0.000e+00 0.000e+00 0.000e+00 0.000e+00 0.000e+00
6.842e+01 0.000e+00 0.000e+00 0.000e+00 0.000e+00 0.000e+00 0.000e+00 0.000e+00 0.000e+00 0.000e+00 0.000e+00 0.000e+00 0.000e+00 0.000e+00 0.000e+00 0.000e+00 0.000e+00 0.000e+00 0.000e+00 0.000e+00
9.099e+01 0.000e+00 0.000e+00 0.000e+00 0.000e+00 0.000e+00 0.000e+00 0.000e+00 0.000e+00 0.000e+00 0.000e+00 0.000e+00 0.000e+00 0.000e+00 0.000e+00 0.000e+00 0.000e+00 0.000e+00 0.000e+00 0.000e+00
1.054e+02 0.000e+00 0.000e+00 0.000e+00 0.000e+00 0.000e+00 0.000e+00 0.000e+00 0.000e+00 0.000e+00 0.000e+00 0.000e+00 0.000e+00 0.000e+00 0.000e+00 0.000e+00 0.000e+00 0.000e+00 0.000e+00 0.000e+00
2.112e+02 0.000e+00 0.000e+00 0.000e+00 0.000e+00 0.000e+00 0.000e+00 0.000e+00 0.000e+00 0.000e+00 0.000e+00 0.000e+00 0.000e+00 0.000e+00 0.000e+00 0.000e+00 0.000e+00 0.000e+00 0.000e+00 0.000e+00
4.722e+02 0.000e+00 0.000e+00 0.000e+00 0.000e+00 0.000e+00 0.000e+00 0.000e+00 0.000e+00 0.000e+00 0.000e+00 0.000e+00 0.000e+00 0.000e+00 0.000e+00 0.000e+00 0.000e+00 0.000e+00 0.000e+00 0.000e+00
5.667e+02 0.000e+00 0.000e+00 0.000e+00 0.000e+00 0.000e+00 0.000e+00 0.000e+00 0.000e+00 0.000e+00 0.000e+00 0.000e+00 0.000e+00 0.000e+00 0.000e+00 0.000e+00 0.000e+00 0.000e+00 0.000e+00 0.000e+00
5.939e+02 0.000e+00 0.000e+00 0.000e+00 0.000e+00 0.000e+00 0.000e+00 0.000e+00 0.000e+00 0.000e+00 0.000e+00 0.000e+00 0.000e+00 0.000e+00 0.000e+00 0.000e+00 0.000e+00 0.000e+00 0.000e+00 0.000e+00
5.128e+02 0.000e+00 0.000e+00 0.000e+00 0.000e+00 0.000e+00 0.000e+00 0.000e+00 0.000e+00 0.000e+00 0.000e+00 0.000e+00 0.000e+00 0.000e+00 0.000e+00 0.000e+00 0.000e+00 0.000e+00 0.000e+00 0.000e+00
3.844e+02 0.000e+00 0.000e+00 0.000e+00 0.000e+00 0.000e+00 0.000e+00 0.000e+00 0.000e+00 0.000e+00 0.000e+00 0.000e+00 0.000e+00 0.000e+00 0.000e+00 0.000e+00 0.000e+00 0.000e+00 0.000e+00 0.000e+00
2.455e+02 0.000e+00 0.000e+00 0.000e+00 0.000e+00 0.000e+00 0.000e+00 0.000e+00 0.000e+00 0.000e+00 0.000e+00 0.000e+00 0.000e+00 0.000e+00 0.000e+00 0.000e+00 0.000e+00 0.000e+00 0.000e+00 0.000e+00
1.432e+02 0.000e+00 0.000e+00 0.000e+00 0.000e+00 0.000e+00 0.000e+00 0.000e+00 0.000e+00 0.000e+00 0.000e+00 0.000e+00 0.000e+00 0.000e+00 0.000e+00 0.000e+00 0.000e+00 0.000e+00 0.000e+00 0.000e+00
6.066e+01 0.000e+00 0.000e+00 0.000e+00 0.000e+00 0.000e+00 0.000e+00 0.000e+00 0.000e+00 0.000e+00 0.000e+00 0.000e+00 0.000e+00 0.000e+00 0.000e+00 0.000e+00 0.000e+00 0.000e+00 0.000e+00 0.000e+00
1.799e+01 0.000e+00 0.000e+00 0.000e+00 0.000e+00 0.000e+00 0.000e+00 0.000e+00 0.000e+00 0.000e+00 0.000e+00 0.000e+00 0.000e+00 0.000e+00 0.000e+00 0.000e+00 0.000e+00 0.000e+00 0.000e+00 0.000e+00
3.879e+00 0.000e+00 0.000e+00 0.000e+00 0.000e+00 0.000e+00 0.000e+00 0.000e+00 0.000e+00 0.000e+00 0.000e+00 0.000e+00 0.000e+00 0.000e+00 0.000e+00 0.000e+00 0.000e+00 0.000e+00 0.000e+00 0.000e+00
# 2D Marginal for parameters strike and dip with ranges 2.7872e+01 7.5631e+01 and 1.0000e-01 2.4143e+01
5.053e-02 0.000e+00 0.000e+00 0.000e+00 0.000e+00 0.000e+00 0.000e+00 0.000e+00 0.000e+00 0.000e+00 0.000e+00 0.000e+00 0.000e+00 0.000e+00 0.000e+00 0.000e+00 0.000e+00 0.000e+00 0.000e+00 0.000e+00
2.265e-01 0.000e+00 0.000e+00 0.000e+00 0.000e+00 0.000e+00 0.000e+00 0.000e+00 0.000e+00 0.000e+00 0.000e+00 0.000e+00 0.000e+00 0.000e+00 0.000e+00 0.000e+00 0.000e+00 0.000e+00 0.000e+00 0.000e+00
8.412e-03 0.000e+00 0.000e+00 0.000e+00 0.000e+00 0.000e+00 0.000e+00 0.000e+00 0.000e+00 0.000e+00 0.000e+00 0.000e+00 0.000e+00 0.000e+00 0.000e+00 0.000e+00 0.000e+00 0.000e+00 0.000e+00 0.000e+00
3.024e-03 0.000e+00 0.000e+00 0.000e+00 0.000e+00 0.000e+00 0.000e+00 0.000e+00 0.000e+00 0.000e+00 0.000e+00 0.000e+00 0.000e+00 0.000e+00 0.000e+00 0.000e+00 0.000e+00 0.000e+00 0.000e+00 0.000e+00
4.618e-03 6.598e-04 5.498e-05 0.000e+00 0.000e+00 0.000e+00 0.000e+00 0.000e+00 0.000e+00 0.000e+00 0.000e+00 0.000e+00 0.000e+00 2.749e-05 0.000e+00 0.000e+00 2.749e-05 0.000e+00 0.000e+00 0.000e+00
1.484e-03 8.522e-04 1.100e-04 0.000e+00 0.000e+00 0.000e+00 0.000e+00 0.000e+00 0.000e+00 0.000e+00 0.000e+00 0.000e+00 0.000e+00 2.749e-05 0.000e+00 0.000e+00 0.000e+00 0.000e+00 0.000e+00 0.000e+00
2.667e-03 5.086e-03 1.924e-04 0.000e+00 2.749e-05 0.000e+00 0.000e+00 0.000e+00 0.000e+00 0.000e+00 0.000e+00 0.000e+00 0.000e+00 2.749e-05 2.749e-05 0.000e+00 0.000e+00 0.000e+00 0.000e+00 0.000e+00
7.257e-03 2.722e-03 5.223e-04 3.299e-04 2.419e-03 2.804e-03 1.375e-04 0.000e+00 0.000e+00 0.000e+00 0.000e+00 0.000e+00 0.000e+00 5.498e-05 8.247e-05 8.247e-05 2.749e-05 0.000e+00 0.000e+00 0.000e+00
1.375e-04 1.375e-03 2.392e-03 1.320e-03 1.402e-03 1.567e-03 7.972e-04 1.100e-04 2.749e-05 0.000e+00 0.000e+00 1.649e-04 8.247e-05 1.375e-04 8.247e-05 8.247e-05 0.000e+00 0.000e+00 0.000e+00 0.000e+00
0.000e+00 0.000e+00 0.000e+00 2.749e-05 0.000e+00 0.000e+00 4.124e-04 3.024e-04 2.474e-04 2.474e-04 1.649e-04 4.124e-04 3.574e-04 1.897e-03 8.797e-04 4.673e-04 4.673e-04 2.749e-05 0.000e+00 0.000e+00
0.000e+00 0.000e+00 0.000e+00 0.000e+00 0.000e+00 0.000e+00 0.000e+00 0.000e+00 2.749e-05 5.498e-05 1.100e-04 3.024e-04 4.398e-04 3.024e-04 3.574e-04 5.223e-04 1.017e-03 5.498e-05 1.100e-04 0.000e+00
0.000e+00 0.000e+00 0.000e+00 0.000e+00 0.000e+00 0.000e+00 0.000e+00 0.000e+00 0.000e+00 0.000e+00 0.000e+00 0.000e+00 0.000e+00 0.000e+00 0.000e+00 0.000e+00 5.773e-04 4.398e-04 1.100e-04 0.000e+00
0.000e+00 0.000e+00 0.000e+00 0.000e+00 0.000e+00 0.000e+00 0.000e+00 0.000e+00 0.000e+00 0.000e+00 0.000e+00 0.000e+00 0.000e+00 2.749e-05 0.000e+00 5.498e-05 2.199e-04 1.512e-03 5.223e-04 0.000e+00
0.000e+00 0.000e+00 0.000e+00 0.000e+00 0.000e+00 0.000e+00 0.000e+00 0.000e+00 0.000e+00 0.000e+00 0.000e+00 0.000e+00 0.000e+00 0.000e+00 0.000e+00 0.000e+00 2.749e-05 5.498e-04 8.247e-04 2.749e-05
0.000e+00 0.000e+00 0.000e+00 0.000e+00 0.000e+00 0.000e+00 0.000e+00 0.000e+00 0.000e+00 0.000e+00 0.000e+00 0.000e+00 0.000e+00 0.000e+00 0.000e+00 5.498e-05 2.749e-05 1.375e-04 6.048e-04 1.924e-04
0.000e+00 0.000e+00 0.000e+00 0.000e+00 0.000e+00 0.000e+00 0.000e+00 0.000e+00 0.000e+00 0.000e+00 0.000e+00 0.000e+00 0.000e+00 0.000e+00 0.000e+00 0.000e+00 0.000e+00 5.498e-05 3.299e-04 1.594e-03
0.000e+00 0.000e+00 0.000e+00 0.000e+00 0.000e+00 0.000e+00 0.000e+00 0.000e+00 0.000e+00 0.000e+00 0.000e+00 0.000e+00 0.000e+00 0.000e+00 0.000e+00 2.749e-05 2.749e-05 2.749e-05 5.498e-05 6.598e-04
0.000e+00 0.000e+00 0.000e+00 0.000e+00 0.000e+00 0.000e+00 0.000e+00 0.000e+00 0.000e+00 0.000e+00 0.000e+00 0.000e+00 0.000e+00 0.000e+00 0.000e+00 0.000e+00 0.000e+00 0.000e+00 0.000e+00 0.000e+00
0.000e+00 0.000e+00 0.000e+00 0.000e+00 0.000e+00 0.000e+00 0.000e+00 0.000e+00 0.000e+00 0.000e+00 0.000e+00 0.000e+00 0.000e+00 0.000e+00 0.000e+00 0.000e+00 0.000e+00 0.000e+00 0.000e+00 0.000e+00
0.000e+00 0.000e+00 0.000e+00 0.000e+00 0.000e+00 0.000e+00 0.000e+00 0.000e+00 0.000e+00 0.000e+00 0.000e+00 0.000e+00 0.000e+00 0.000e+00 0.000e+00 0.000e+00 0.000e+00 0.000e+00 0.000e+00 2.749e-05
