# 2D Marginal for parameters xtlc and ytlc with ranges 4.2200e+05 4.3196e+05 and 4.5150e+06 4.5250e+06
1.004e-09 1.674e-09 5.022e-09 3.013e-09 6.026e-09 4.018e-09 4.687e-09 4.352e-09 5.357e-09 4.687e-09 2.009e-09 3.348e-09 2.009e-09 1.674e-09 1.004e-09 6.696e-10 1.674e-09 3.348e-10 1.004e-09 1.339e-09
3.013e-09 3.013e-09 2.678e-09 4.687e-09 4.687e-09 6.026e-09 6.361e-09 6.696e-09 2.009e-09 4.687e-09 4.352e-09 2.678e-09 3.683e-09 1.004e-09 1.674e-09 3.348e-10 0.000e+00 1.674e-09 1.339e-09 1.339e-09
2.344e-09 2.344e-09 4.352e-09 5.692e-09 3.348e-09 8.705e-09 1.071e-08 8.370e-09 1.071e-08 9.040e-09 4.352e-09 5.022e-09 2.678e-09 1.004e-09 1.004e-09 6.696e-10 6.696e-10 1.004e-09 1.004e-09 6.696e-10
3.348e-09 5.357e-09 4.687e-09 7.031e-09 8.370e-09 1.239e-08 1.942e-08 2.109e-08 2.478e-08 2.042e-08 1.172e-08 4.687e-09 2.344e-09 4.018e-09 2.344e-09 6.696e-10 2.009e-09 6.696e-10 3.348e-10 1.339e-09
3.013e-09 7.700e-09 6.026e-09 8.035e-09 9.709e-09 1.406e-08 2.444e-08 4.218e-08 6.227e-08 5.323e-08 1.707e-08 5.357e-09 4.687e-09 1.674e-09 3.348e-10 3.348e-10 3.348e-10 3.348e-10 3.348e-10 2.009e-09
4.352e-09 3.013e-09 6.696e-09 6.026e-09 1.004e-08 1.641e-08 3.013e-08 7.433e-08 2.012e-07 2.451e-07 3.884e-08 1.004e-08 5.692e-09 1.339e-09 1.004e-09 1.004e-09 1.004e-09 6.696e-10 1.004e-09 6.696e-10
2.678e-09 6.026e-09 3.683e-09 8.370e-09 9.040e-09 1.507e-08 3.147e-08 9.207e-08 5.112e-07 5.923e-07 5.122e-08 1.406e-08 4.018e-09 1.339e-09 2.009e-09 1.004e-09 2.009e-09 1.339e-09 1.004e-09 6.696e-10
2.009e-09 3.683e-09 6.361e-09 7.031e-09 1.038e-08 1.138e-08 2.344e-08 6.160e-08 3.304e-07 3.388e-07 3.683e-08 1.105e-08 3.683e-09 3.013e-09 1.339e-09 1.674e-09 6.696e-10 1.674e-09 1.339e-09 1.339e-09
3.683e-09 3.013e-09 3.013e-09 4.352e-09 9.374e-09 7.700e-09 1.707e-08 2.277e-08 4.888e-08 3.951e-08 1.641e-08 6.696e-09 2.009e-09 3.013e-09 6.696e-10 1.339e-09 1.004e-09 0.000e+00 6.696e-10 3.348e-10
3.348e-09 2.678e-09 3.348e-09 3.348e-09 1.674e-09 4.018e-09 6.026e-09 8.705e-09 1.272e-08 1.138e-08 7.366e-09 3.683e-09 2.344e-09 2.344e-09 6.696e-10 1.004e-09 1.339e-09 1.004e-09 6.696e-10 1.004e-09
1.339e-09 4.352e-09 1.674e-09 2.678e-09 5.357e-09 3.683e-09 4.687e-09 3.348e-09 6.026e-09 4.018e-09 3.013e-09 2.678e-09 1.004e-09 1.339e-09 2.009e-09 1.674e-09 3.348e-10 1.004e-09 6.696e-10 3.348e-10
1.004e-09 2.678e-09 1.674e-09 3.013e-09 2.009e-09 4.352e-09 2.678e-09 4.352e-09 3.013e-09 1.004e-09 3.683e-09 1.004e-09 3.348e-10 1.339e-09 1.339e-09 3.348e-10 3.348e-10 6.696e-10 1.004e-09 6.696e-10
6.696e-10 2.009e-09 1.339e-09 1.339e-09 4.352e-09 2.678e-09 1.674e-09 2.344e-09 1.674e-09 1.339e-09 1.339e-09 2.009e-09 1.339e-09 1.339e-09 2.009e-09 3.348e-10 6.696e-10 0.000e+00 3.348e-10 1.339e-09
1.674e-09 1.004e-09 2.009e-09 1.339e-09 2.344e-09 2.009e-09 1.004e-09 2.344e-09 1.339e-09 1.339e-09 1.004e-09 3.348e-10 1.674e-09 1.004e-09 6.696e-10 1.004e-09 1.674e-09 6.696e-10 1.004e-09 3.013e-09
1.004e-09 1.004e-09 1.339e-09 1.674e-09 6.696e-10 2.009e-09 1.004e-09 6.696e-10 1.004e-09 1.004e-09 1.674e-09 1.004e-09 6.696e-10 1.004e-09 3.348e-10 3.348e-10 3.348e-10 1.339e-09 3.348e-10 3.348e-10
6.696e-10 6.696e-10 1.004e-09 2.344e-09 6.696e-10 1.004e-09 1.339e-09 1.674e-09 6.696e-10 2.009e-09 1.339e-09 1.674e-09 1.004e-09 1.004e-09 6.696e-10 6.696e-10 6.696e-10 1.004e-09 6.696e-10 6.696e-10
1.674e-09 0.000e+00 2.344e-09 1.004e-09 1.004e-09 1.674e-09 1.004e-09 3.348e-10 3.348e-10 3.348e-10 1.004e-09 3.348e-10 3.348e-10 6.696e-10 1.004e-09 3.348e-10 2.009e-09 1.339e-09 3.348e-10 1.004e-09
6.696e-10 3.348e-10 6.696e-10 1.339e-09 2.344e-09 6.696e-10 6.696e-10 6.696e-10 6.696e-10 3.348e-10 1.004e-09 2.009e-09 6.696e-10 3.348e-10 1.339e-09 1.004e-09 1.004e-09 0.000e+00 2.344e-09 1.004e-09
1.674e-09 1.674e-09 6.696e-10 1.339e-09 1.004e-09 1.339e-09 1.339e-09 6.696e-10 3.348e-10 0.000e+00 6.696e-10 6.696e-10 1.004e-09 1.004e-09 3.348e-10 3.348e-10 2.009e-09 6.696e-10 6.696e-10 1.004e-09
6.696e-10 1.674e-09 1.004e-09 1.339e-09 3.348e-10 1.004e-09 1.004e-09 1.004e-09 1.339e-09 3.348e-10 1.339e-09 1.004e-09 1.674e-09 0.000e+00 6.696e-10 6.696e-10 1.004e-09 6.696e-10 0.000e+00 1.004e-09
# 2D Marginal for parameters xtlc and dtlc with ranges 4.2200e+05 4.3196e+05 and 2.0001e+03 6.9996e+03
5.356e-09 1.339e-09 2.008e-09 2.008e-09 4.017e-09 4.017e-09 4.686e-09 4.017e-09 5.356e-09 6.025e-09 7.364e-09 4.686e-09 6.695e-09 8.033e-09 1.004e-08 8.703e-09 4.686e-09 8.033e-09 4.017e-09 8.703e-09
1.339e-09 5.356e-09 3.347e-09 2.678e-09 5.356e-09 4.686e-09 3.347e-09 8.033e-09 4.017e-09 1.071e-08 4.686e-09 9.372e-09 7.364e-09 7.364e-09 4.017e-09 1.071e-08 1.339e-08 3.347e-09 9.372e-09 5.356e-09
4.017e-09 4.017e-09 2.008e-09 6.695e-09 5.356e-09 3.347e-09 8.033e-09 5.356e-09 6.025e-09 1.406e-08 1.674e-08 1.138e-08 1.406e-08 1.138e-08 5.356e-09 1.205e-08 9.372e-09 7.364e-09 9.372e-09 1.138e-08
4.686e-09 4.017e-09 4.017e-09 1.272e-08 1.205e-08 1.004e-08 1.004e-08 1.272e-08 1.808e-08 1.741e-08 2.142e-08 2.209e-08 2.544e-08 2.343e-08 1.941e-08 2.544e-08 2.075e-08 1.874e-08 1.473e-08 1.674e-08
5.356e-09 9.372e-09 1.339e-08 1.941e-08 1.473e-08 2.812e-08 3.950e-08 3.883e-08 3.682e-08 3.615e-08 3.816e-08 3.749e-08 3.950e-08 2.209e-08 3.481e-08 2.879e-08 2.075e-08 2.142e-08 2.142e-08 2.008e-08
4.686e-09 1.406e-08 1.071e-08 2.879e-08 3.280e-08 9.239e-08 1.928e-07 2.370e-07 1.252e-07 9.573e-08 7.029e-08 6.159e-08 6.494e-08 6.360e-08 4.619e-08 4.753e-08 3.347e-08 3.749e-08 3.682e-08 2.075e-08
7.364e-09 8.033e-09 1.540e-08 3.347e-08 6.226e-08 1.359e-07 3.769e-07 7.418e-07 4.639e-07 2.597e-07 1.265e-07 8.904e-08 9.774e-08 7.699e-08 6.159e-08 4.753e-08 3.013e-08 2.276e-08 2.209e-08 2.142e-08
4.686e-09 8.703e-09 1.205e-08 2.879e-08 3.548e-08 8.904e-08 2.444e-07 3.890e-07 3.059e-07 1.928e-07 7.967e-08 5.891e-08 5.490e-08 6.226e-08 4.285e-08 3.146e-08 2.879e-08 1.941e-08 1.138e-08 1.473e-08
6.695e-09 7.364e-09 6.695e-09 1.473e-08 1.607e-08 3.146e-08 2.879e-08 3.749e-08 2.678e-08 3.548e-08 2.276e-08 2.008e-08 1.674e-08 2.008e-08 2.209e-08 1.540e-08 1.272e-08 1.339e-08 1.674e-08 1.138e-08
2.008e-09 4.017e-09 3.347e-09 6.025e-09 7.364e-09 6.025e-09 6.695e-09 1.004e-08 1.004e-08 1.272e-08 8.033e-09 6.695e-09 9.372e-09 1.339e-08 1.004e-08 8.033e-09 8.703e-09 1.339e-08 5.356e-09 6.025e-09
4.017e-09 3.347e-09 2.678e-09 2.008e-09 3.347e-09 4.017e-09 8.033e-09 8.033e-09 4.017e-09 8.033e-09 6.025e-09 3.347e-09 6.025e-09 5.356e-09 5.356e-09 8.033e-09 4.686e-09 4.017e-09 5.356e-09 6.695e-09
1.339e-09 3.347e-09 6.695e-10 2.678e-09 1.339e-09 2.678e-09 2.008e-09 3.347e-09 6.025e-09 1.339e-09 3.347e-09 3.347e-09 8.703e-09 6.695e-09 6.025e-09 6.025e-09 2.008e-09 6.025e-09 2.008e-09 4.017e-09
3.347e-09 2.008e-09 2.678e-09 2.008e-09 3.347e-09 3.347e-09 6.695e-10 0.000e+00 6.695e-10 4.017e-09 3.347e-09 4.017e-09 6.025e-09 4.686e-09 6.025e-09 1.339e-09 2.678e-09 1.339e-09 3.347e-09 5.356e-09
1.339e-09 4.017e-09 3.347e-09 5.356e-09 1.339e-09 4.686e-09 6.695e-10 1.339e-09 2.008e-09 3.347e-09 3.347e-09 1.339e-09 3.347e-09 2.678e-09 6.025e-09 2.678e-09 4.017e-09 2.678e-09 2.008e-09 1.339e-09
1.339e-09 2.678e-09 1.339e-09 6.695e-10 1.339e-09 1.339e-09 2.008e-09 2.008e-09 0.000e+00 1.339e-09 6.695e-10 3.347e-09 2.008e-09 5.356e-09 4.017e-09 0.000e+00 4.017e-09 6.695e-10 3.347e-09 0.000e+00
3.347e-09 3.347e-09 1.339e-09 2.008e-09 1.339e-09 6.695e-10 6.695e-10 0.000e+00 3.347e-09 3.347e-09 4.017e-09 2.678e-09 3.347e-09 3.347e-09 0.000e+00 3.347e-09 3.347e-09 1.339e-09 1.339e-09 6.695e-10
6.695e-10 1.339e-09 6.695e-10 2.678e-09 2.678e-09 1.339e-09 2.678e-09 1.339e-09 0.000e+00 2.008e-09 4.017e-09 2.008e-09 1.339e-09 6.695e-10 2.678e-09 2.008e-09 1.339e-09 1.339e-09 2.678e-09 2.678e-09
1.339e-09 6.695e-10 2.008e-09 1.339e-09 1.339e-09 1.339e-09 2.678e-09 1.339e-09 2.008e-09 2.008e-09 4.017e-09 1.339e-09 2.678e-09 2.008e-09 6.695e-10 2.678e-09 2.008e-09 3.347e-09 1.339e-09 2.008e-09
6.695e-10 2.008e-09 2.008e-09 3.347e-09 2.008e-09 1.339e-09 2.008e-09 1.339e-09 3.347e-09 1.339e-09 1.339e-09 1.339e-09 4.017e-09 1.339e-09 6.695e-10 2.678e-09 1.339e-09 1.339e-09 6.695e-10 2.678e-09
1.339e-09 1.339e-09 2.008e-09 6.695e-10 1.339e-09 1.339e-09 2.678e-09 2.678e-09 1.339e-09 6.695e-10 6.695e-10 2.678e-09 1.339e-09 3.347e-09 0.000e+00 4.017e-09 2.678e-09 1.339e-09 2.008e-09 2.008e-09
# 2D Marginal for parameters xtlc and length with ranges 4.2200e+05 4.3196e+05 and 5.0112e+02 3.9982e+03
6.699e-09 3.828e-09 7.657e-09 3.828e-09 2.871e-09 8.614e-09 8.614e-09 6.699e-09 1.053e-08 6.699e-09 9.571e-09 5.742e-09 7.657e-09 8.614e-09 1.053e-08 5.742e-09 8.614e-09 6.699e-09 1.053e-08 1.723e-08
6.699e-09 4.785e-09 2.871e-09 4.785e-09 3.828e-09 5.742e-09 7.657e-09 1.148e-08 1.053e-08 1.148e-08 9.571e-09 9.571e-09 1.244e-08 7.657e-09 1.436e-08 5.742e-09 1.723e-08 5.742e-09 7.657e-09 1.723e-08
2.871e-09 3.828e-09 6.699e-09 7.657e-09 9.571e-09 1.244e-08 8.614e-09 1.340e-08 1.436e-08 1.053e-08 1.340e-08 1.053e-08 1.340e-08 1.436e-08 1.148e-08 1.914e-08 1.723e-08 1.723e-08 1.148e-08 2.106e-08
7.657e-09 1.053e-08 1.340e-08 8.614e-09 1.340e-08 1.244e-08 1.244e-08 1.244e-08 2.488e-08 1.723e-08 3.063e-08 2.393e-08 4.211e-08 3.733e-08 3.350e-08 3.637e-08 2.488e-08 2.488e-08 3.063e-08 3.158e-08
8.614e-09 6.699e-09 1.723e-08 1.436e-08 2.201e-08 2.871e-08 2.680e-08 3.350e-08 3.158e-08 3.350e-08 4.307e-08 5.742e-08 8.231e-08 7.848e-08 5.455e-08 6.891e-08 5.647e-08 3.637e-08 2.201e-08 2.967e-08
1.436e-08 6.699e-09 2.106e-08 2.297e-08 5.072e-08 5.360e-08 8.996e-08 1.014e-07 1.359e-07 1.474e-07 2.460e-07 2.708e-07 2.383e-07 1.531e-07 9.571e-08 7.657e-08 6.125e-08 3.541e-08 3.158e-08 2.967e-08
2.106e-08 3.254e-08 3.828e-08 1.043e-07 3.034e-07 4.938e-07 3.216e-07 3.819e-07 6.527e-07 4.374e-07 3.359e-07 2.689e-07 1.704e-07 8.805e-08 5.455e-08 5.838e-08 3.733e-08 2.106e-08 1.723e-08 2.201e-08
1.818e-08 1.244e-08 5.360e-08 2.441e-07 6.049e-07 5.628e-07 2.278e-07 1.885e-07 1.225e-07 8.996e-08 8.326e-08 5.742e-08 4.977e-08 3.924e-08 2.488e-08 2.201e-08 1.627e-08 1.053e-08 1.436e-08 9.571e-09
2.584e-08 1.723e-08 2.967e-08 4.307e-08 7.274e-08 6.221e-08 5.168e-08 3.445e-08 3.254e-08 3.063e-08 3.637e-08 2.106e-08 2.584e-08 1.148e-08 7.657e-09 1.053e-08 1.627e-08 5.742e-09 8.614e-09 3.828e-09
1.244e-08 1.148e-08 6.699e-09 1.723e-08 2.201e-08 2.201e-08 2.106e-08 1.148e-08 1.340e-08 1.148e-08 1.053e-08 1.340e-08 4.785e-09 9.571e-09 7.657e-09 5.742e-09 4.785e-09 4.785e-09 4.785e-09 9.571e-09
1.148e-08 7.657e-09 1.148e-08 8.614e-09 1.531e-08 1.148e-08 1.148e-08 4.785e-09 9.571e-09 4.785e-09 3.828e-09 5.742e-09 6.699e-09 4.785e-09 6.699e-09 7.657e-09 6.699e-09 1.914e-09 3.828e-09 1.914e-09
4.785e-09 9.571e-09 3.828e-09 4.785e-09 5.742e-09 7.657e-09 9.571e-09 5.742e-09 7.657e-09 3.828e-09 5.742e-09 5.742e-09 1.914e-09 5.742e-09 2.871e-09 3.828e-09 2.871e-09 6.699e-09 2.871e-09 2.871e-09
5.742e-09 4.785e-09 3.828e-09 1.148e-08 4.785e-09 3.828e-09 2.871e-09 5.742e-09 3.828e-09 4.785e-09 4.785e-09 3.828e-09 2.871e-09 9.571e-10 2.871e-09 2.871e-09 2.871e-09 4.785e-09 4.785e-09 3.828e-09
8.614e-09 5.742e-09 1.914e-09 6.699e-09 3.828e-09 2.871e-09 4.785e-09 7.657e-09 2.871e-09 4.785e-09 1.914e-09 5.742e-09 3.828e-09 1.914e-09 2.871e-09 2.871e-09 2.871e-09 3.828e-09 2.871e-09 2.871e-09
6.699e-09 9.571e-10 9.571e-10 9.571e-10 1.914e-09 2.871e-09 2.871e-09 7.657e-09 2.871e-09 2.871e-09 1.914e-09 1.914e-09 2.871e-09 1.914e-09 9.571e-10 2.871e-09 2.871e-09 1.914e-09 3.828e-09 1.914e-09
1.914e-09 4.785e-09 2.871e-09 5.742e-09 9.571e-10 2.871e-09 3.828e-09 6.699e-09 3.828e-09 1.914e-09 2.871e-09 3.828e-09 0.000e+00 9.571e-10 9.571e-10 2.871e-09 1.914e-09 3.828e-09 2.871e-09 5.742e-09
6.699e-09 0.000e+00 1.914e-09 9.571e-10 5.742e-09 1.914e-09 1.914e-09 2.871e-09 2.871e-09 4.785e-09 4.785e-09 2.871e-09 9.571e-10 5.742e-09 2.871e-09 1.914e-09 9.571e-10 0.000e+00 9.571e-10 9.571e-10
3.828e-09 4.785e-09 4.785e-09 3.828e-09 2.871e-09 3.828e-09 1.914e-09 2.871e-09 5.742e-09 9.571e-10 0.000e+00 1.914e-09 1.914e-09 3.828e-09 1.914e-09 1.914e-09 2.871e-09 1.914e-09 9.571e-10 1.914e-09
9.571e-10 2.871e-09 3.828e-09 9.571e-10 2.871e-09 9.571e-10 3.828e-09 2.871e-09 0.000e+00 4.785e-09 9.571e-10 1.914e-09 2.871e-09 2.871e-09 2.871e-09 5.742e-09 3.828e-09 2.871e-09 1.914e-09 2.871e-09
2.871e-09 4.785e-09 0.000e+00 0.000e+00 9.571e-10 2.871e-09 3.828e-09 9.571e-10 1.914e-09 3.828e-09 1.914e-09 2.871e-09 3.828e-09 3.828e-09 3.828e-09 2.871e-09 9.571e-10 2.871e-09 2.871e-09 2.871e-09
# 2D Marginal for parameters xtlc and opening with ranges 4.2200e+05 4.3196e+05 and 1.0053e-01 3.9997e+00
5.150e-06 6.009e-06 6.867e-06 8.584e-06 8.584e-06 9.442e-06 9.442e-06 6.009e-06 7.725e-06 4.292e-06 9.442e-06 1.202e-05 2.575e-06 1.116e-05 6.867e-06 7.725e-06 5.150e-06 2.575e-06 6.009e-06 5.150e-06
4.292e-06 4.292e-06 3.434e-06 9.442e-06 9.442e-06 9.442e-06 6.867e-06 9.442e-06 1.373e-05 9.442e-06 1.631e-05 1.030e-05 7.725e-06 7.725e-06 7.725e-06 3.434e-06 7.725e-06 6.009e-06 5.150e-06 6.867e-06
6.009e-06 4.292e-06 6.009e-06 5.150e-06 1.288e-05 9.442e-06 1.459e-05 1.631e-05 2.146e-05 1.202e-05 1.202e-05 1.373e-05 1.888e-05 1.288e-05 1.030e-05 1.373e-05 6.009e-06 4.292e-06 5.150e-06 9.442e-06
6.009e-06 1.288e-05 1.116e-05 1.373e-05 2.489e-05 2.318e-05 2.318e-05 2.919e-05 2.060e-05 2.833e-05 2.403e-05 2.489e-05 2.747e-05 2.575e-05 2.575e-05 2.146e-05 1.803e-05 1.373e-05 1.202e-05 1.631e-05
5.150e-06 4.292e-06 9.442e-06 1.202e-05 3.262e-05 4.807e-05 5.150e-05 7.296e-05 5.408e-05 5.150e-05 4.292e-05 3.777e-05 4.464e-05 3.863e-05 3.691e-05 4.034e-05 2.232e-05 1.974e-05 2.232e-05 2.747e-05
3.434e-06 9.442e-06 1.030e-05 1.373e-05 4.464e-05 7.983e-05 1.408e-04 2.953e-04 2.438e-04 1.270e-04 1.219e-04 9.013e-05 8.069e-05 9.185e-05 6.695e-05 6.524e-05 5.579e-05 4.979e-05 4.979e-05 4.807e-05
3.434e-06 5.150e-06 9.442e-06 1.373e-05 3.176e-05 5.665e-05 1.159e-04 2.549e-04 2.652e-04 3.331e-04 5.923e-04 2.464e-04 2.069e-04 2.283e-04 2.163e-04 2.721e-04 2.086e-04 1.537e-04 9.271e-05 1.562e-04
4.292e-06 8.584e-06 1.030e-05 1.116e-05 1.288e-05 2.403e-05 2.661e-05 5.150e-05 6.610e-05 7.811e-05 1.107e-04 8.155e-05 1.176e-04 1.863e-04 2.300e-04 3.691e-04 3.013e-04 1.768e-04 1.519e-04 1.803e-04
4.292e-06 5.150e-06 6.009e-06 8.584e-06 9.442e-06 7.725e-06 1.545e-05 1.373e-05 1.803e-05 3.348e-05 1.803e-05 2.146e-05 3.090e-05 4.893e-05 3.434e-05 3.519e-05 4.034e-05 4.120e-05 3.863e-05 6.009e-05
4.292e-06 1.717e-06 5.150e-06 7.725e-06 6.009e-06 6.867e-06 9.442e-06 8.584e-06 1.373e-05 1.030e-05 7.725e-06 1.030e-05 1.030e-05 1.288e-05 1.459e-05 1.202e-05 1.803e-05 8.584e-06 1.459e-05 1.888e-05
0.000e+00 6.867e-06 2.575e-06 3.434e-06 5.150e-06 6.867e-06 5.150e-06 9.442e-06 7.725e-06 5.150e-06 8.584e-06 6.009e-06 1.288e-05 6.009e-06 2.575e-06 8.584e-06 1.030e-05 8.584e-06 5.150e-06 1.030e-05
5.150e-06 2.575e-06 4.292e-06 1.717e-06 4.292e-06 5.150e-06 6.009e-06 5.150e-06 5.150e-06 3.434e-06 1.717e-06 4.292e-06 4.292e-06 6.009e-06 6.009e-06 4.292e-06 9.442e-06 3.434e-06 6.009e-06 5.150e-06
4.292e-06 3.434e-06 1.717e-06 3.434e-06 8.584e-07 2.575e-06 2.575e-06 3.434e-06 6.867e-06 8.584e-06 3.434e-06 5.150e-06 7.725e-06 2.575e-06 4.292e-06 0.000e+00 6.009e-06 5.150e-06 8.584e-07 4.292e-06
5.150e-06 5.150e-06 8.584e-07 6.009e-06 4.292e-06 5.150e-06 1.717e-06 1.717e-06 5.150e-06 5.150e-06 4.292e-06 6.009e-06 1.717e-06 3.434e-06 5.150e-06 2.575e-06 2.575e-06 4.292e-06 8.584e-07 1.717e-06
1.717e-06 2.575e-06 3.434e-06 4.292e-06 4.292e-06 5.150e-06 8.584e-07 2.575e-06 2.575e-06 1.717e-06 8.584e-07 2.575e-06 3.434e-06 5.150e-06 2.575e-06 1.717e-06 0.000e+00 8.584e-07 8.584e-07 8.584e-07
3.434e-06 3.434e-06 3.434e-06 1.717e-06 8.584e-07 1.717e-06 1.717e-06 4.292e-06 3.434e-06 2.575e-06 2.575e-06 0.000e+00 2.575e-06 4.292e-06 6.009e-06 2.575e-06 8.584e-07 2.575e-06 4.292e-06 2.575e-06
8.584e-07 1.717e-06 3.434e-06 2.575e-06 3.434e-06 3.434e-06 4.292e-06 1.717e-06 2.575e-06 8.584e-07 3.434e-06 1.717e-06 8.584e-07 8.584e-07 2.575e-06 3.434e-06 3.434e-06 8.584e-07 2.575e-06 1.717e-06
2.575e-06 8.584e-07 1.717e-06 8.584e-07 1.717e-06 8.584e-07 1.717e-06 1.717e-06 5.150e-06 3.434e-06 1.717e-06 2.575e-06 8.584e-07 5.150e-06 0.000e+00 4.292e-06 4.292e-06 3.434e-06 2.575e-06 3.434e-06
2.575e-06 0.000e+00 8.584e-07 1.717e-06 1.717e-06 0.000e+00 3.434e-06 3.434e-06 2.575e-06 1.717e-06 0.000e+00 2.575e-06 8.584e-07 3.434e-06 6.009e-06 3.434e-06 3.434e-06 5.150e-06 2.575e-06 1.717e-06
8.584e-07 3.434e-06 8.584e-07 8.584e-07 2.575e-06 3.434e-06 4.292e-06 3.434e-06 3.434e-06 8.584e-07 1.717e-06 3.434e-06 2.575e-06 1.717e-06 3.434e-06 0.000e+00 2.575e-06 4.292e-06 0.000e+00 1.717e-06
# 2D Marginal for parameters ytlc and dtlc with ranges 4.5150e+06 4.5250e+06 and 2.0001e+03 6.9996e+03
6.669e-10 3.335e-09 2.001e-09 4.669e-09 1.334e-09 3.335e-09 3.335e-09 2.668e-09 0.000e+00 6.002e-09 2.001e-09 3.335e-09 6.669e-09 6.002e-09 8.003e-09 8.003e-09 4.669e-09 4.002e-09 4.669e-09 4.669e-09
1.334e-09 4.002e-09 2.001e-09 4.669e-09 3.335e-09 4.002e-09 2.001e-09 4.669e-09 6.002e-09 6.002e-09 2.668e-09 6.669e-09 7.336e-09 7.336e-09 8.670e-09 6.002e-09 1.000e-08 4.002e-09 7.336e-09 9.337e-09
5.336e-09 2.668e-09 2.668e-09 6.669e-09 1.334e-09 5.336e-09 6.002e-09 4.669e-09 5.336e-09 6.002e-09 4.669e-09 7.336e-09 6.002e-09 9.337e-09 4.669e-09 1.067e-08 9.337e-09 4.002e-09 8.670e-09 8.003e-09
5.336e-09 4.002e-09 5.336e-09 4.002e-09 4.669e-09 2.001e-09 3.335e-09 4.669e-09 6.002e-09 8.003e-09 8.670e-09 1.134e-08 6.002e-09 9.337e-09 1.000e-08 1.267e-08 1.067e-08 1.200e-08 1.267e-08 8.670e-09
6.669e-09 5.336e-09 4.669e-09 4.002e-09 5.336e-09 6.669e-09 6.002e-09 4.669e-09 4.669e-09 1.000e-08 1.067e-08 1.134e-08 1.534e-08 8.003e-09 1.667e-08 1.467e-08 8.003e-09 1.467e-08 8.670e-09 1.867e-08
4.002e-09 9.337e-09 2.001e-09 6.002e-09 1.000e-08 5.336e-09 9.337e-09 1.467e-08 6.669e-09 1.867e-08 1.267e-08 7.336e-09 1.867e-08 1.801e-08 1.601e-08 1.667e-08 1.934e-08 1.667e-08 1.467e-08 1.334e-08
4.002e-09 8.670e-09 5.336e-09 6.002e-09 1.334e-08 1.601e-08 1.134e-08 1.334e-08 1.801e-08 2.801e-08 1.934e-08 2.468e-08 2.734e-08 3.601e-08 3.735e-08 3.335e-08 1.934e-08 2.468e-08 1.667e-08 1.601e-08
4.002e-09 5.336e-09 8.003e-09 1.401e-08 1.134e-08 3.201e-08 3.135e-08 4.002e-08 5.602e-08 5.402e-08 6.269e-08 5.269e-08 6.736e-08 5.869e-08 5.736e-08 4.068e-08 3.935e-08 3.335e-08 2.868e-08 1.934e-08
5.336e-09 7.336e-09 1.134e-08 3.668e-08 5.536e-08 1.020e-07 2.688e-07 5.822e-07 4.328e-07 2.915e-07 1.381e-07 1.080e-07 1.174e-07 8.804e-08 5.736e-08 5.002e-08 3.401e-08 1.934e-08 1.867e-08 1.801e-08
5.336e-09 8.003e-09 2.068e-08 5.135e-08 5.469e-08 1.927e-07 5.215e-07 7.636e-07 4.142e-07 2.054e-07 1.014e-07 6.803e-08 5.469e-08 5.469e-08 2.801e-08 3.135e-08 2.134e-08 2.001e-08 1.867e-08 1.534e-08
5.336e-09 5.336e-09 3.335e-09 1.534e-08 3.001e-08 3.468e-08 4.469e-08 3.935e-08 4.335e-08 4.002e-08 2.668e-08 2.068e-08 1.734e-08 1.667e-08 1.734e-08 1.134e-08 1.200e-08 8.670e-09 1.000e-08 8.670e-09
2.668e-09 7.336e-09 6.002e-09 7.336e-09 5.336e-09 8.003e-09 1.267e-08 9.337e-09 1.067e-08 1.067e-08 1.734e-08 3.335e-09 1.067e-08 8.670e-09 8.003e-09 8.003e-09 5.336e-09 6.002e-09 7.336e-09 3.335e-09
6.669e-10 4.002e-09 2.001e-09 5.336e-09 5.336e-09 4.669e-09 5.336e-09 3.335e-09 3.335e-09 7.336e-09 4.669e-09 4.002e-09 4.669e-09 3.335e-09 6.002e-09 7.336e-09 3.335e-09 4.002e-09 2.001e-09 4.669e-09
6.669e-10 4.002e-09 2.668e-09 4.669e-09 2.001e-09 2.668e-09 2.668e-09 3.335e-09 4.669e-09 2.001e-09 2.668e-09 1.334e-09 2.001e-09 4.002e-09 2.668e-09 3.335e-09 4.002e-09 3.335e-09 2.001e-09 4.002e-09
4.002e-09 2.001e-09 6.669e-10 6.669e-10 2.001e-09 1.334e-09 1.334e-09 2.001e-09 1.334e-09 2.668e-09 2.668e-09 2.001e-09 4.002e-09 4.002e-09 3.335e-09 2.001e-09 2.001e-09 2.001e-09 2.001e-09 2.668e-09
1.334e-09 1.334e-09 2.668e-09 2.001e-09 2.001e-09 2.001e-09 2.001e-09 6.669e-10 6.669e-10 6.669e-10 0.000e+00 2.001e-09 2.001e-09 2.668e-09 6.669e-10 2.001e-09 6.669e-10 2.668e-09 2.668e-09 0.000e+00
4.002e-09 2.001e-09 2.001e-09 2.001e-09 2.001e-09 2.668e-09 6.669e-10 6.669e-10 0.000e+00 1.334e-09 2.668e-09 4.002e-09 0.000e+00 2.668e-09 6.669e-10 2.001e-09 2.001e-09 3.335e-09 2.001e-09 4.669e-09
6.669e-10 2.001e-09 0.000e+00 6.669e-10 2.001e-09 0.000e+00 6.669e-10 6.669e-10 3.335e-09 2.668e-09 2.668e-09 2.001e-09 1.334e-09 1.334e-09 2.001e-09 1.334e-09 1.334e-09 2.668e-09 3.335e-09 1.334e-09
1.334e-09 2.001e-09 4.669e-09 0.000e+00 0.000e+00 0.000e+00 2.001e-09 2.001e-09 2.001e-09 2.001e-09 6.669e-10 2.001e-09 2.668e-09 2.668e-09 6.669e-10 1.334e-09 2.668e-09 1.334e-09 1.334e-09 6.669e-10
2.001e-09 2.001e-09 3.335e-09 1.334e-09 2.668e-09 0.000e+00 6.669e-10 3.335e-09 2.001e-09 2.668e-09 2.001e-09 3.335e-09 2.668e-09 1.334e-09 1.334e-09 4.669e-09 6.669e-10 1.334e-09 2.668e-09 2.001e-09
# 2D Marginal for parameters ytlc and length with ranges 4.5150e+06 4.5250e+06 and 5.0112e+02 3.9982e+03
4.767e-09 3.814e-09 4.767e-09 1.907e-09 6.674e-09 3.814e-09 4.767e-09 5.721e-09 8.581e-09 4.767e-09 8.581e-09 5.721e-09 5.721e-09 9.535e-09 7.628e-09 7.628e-09 1.907e-09 3.814e-09 3.814e-09 9.535e-09
3.814e-09 3.814e-09 7.628e-09 8.581e-09 9.535e-09 6.674e-09 8.581e-09 6.674e-09 7.628e-09 6.674e-09 9.535e-09 1.049e-08 6.674e-09 8.581e-09 9.535e-09 8.581e-09 4.767e-09 3.814e-09 9.535e-09 1.240e-08
1.240e-08 4.767e-09 6.674e-09 1.907e-09 9.535e-09 1.144e-08 7.628e-09 7.628e-09 8.581e-09 1.049e-08 1.049e-08 1.144e-08 8.581e-09 9.535e-09 9.535e-09 1.240e-08 6.674e-09 8.581e-09 8.581e-09 2.860e-09
8.581e-09 9.535e-09 8.581e-09 8.581e-09 9.535e-09 1.144e-08 1.240e-08 1.144e-08 1.144e-08 6.674e-09 1.240e-08 1.144e-08 1.049e-08 1.430e-08 1.716e-08 9.535e-09 1.144e-08 1.049e-08 7.628e-09 1.049e-08
1.430e-08 1.049e-08 8.581e-09 1.144e-08 1.049e-08 1.240e-08 1.621e-08 1.430e-08 1.621e-08 1.621e-08 1.335e-08 1.144e-08 2.098e-08 1.144e-08 1.335e-08 1.621e-08 1.526e-08 6.674e-09 1.430e-08 1.049e-08
9.535e-09 7.628e-09 1.240e-08 7.628e-09 2.384e-08 1.430e-08 2.384e-08 2.193e-08 2.002e-08 1.526e-08 1.430e-08 2.002e-08 2.956e-08 2.860e-08 1.430e-08 2.002e-08 1.621e-08 1.144e-08 1.240e-08 1.907e-08
1.621e-08 1.240e-08 2.098e-08 1.716e-08 2.670e-08 3.528e-08 2.670e-08 2.956e-08 3.432e-08 3.051e-08 3.719e-08 3.623e-08 3.337e-08 3.909e-08 3.051e-08 2.765e-08 2.860e-08 1.144e-08 2.193e-08 2.574e-08
1.526e-08 1.526e-08 1.907e-08 3.909e-08 5.435e-08 6.865e-08 7.914e-08 8.200e-08 8.295e-08 7.532e-08 7.914e-08 6.770e-08 6.770e-08 5.912e-08 5.149e-08 4.767e-08 4.672e-08 2.860e-08 1.907e-08 2.574e-08
1.812e-08 2.288e-08 5.053e-08 1.688e-07 4.300e-07 5.282e-07 3.013e-07 3.022e-07 3.566e-07 2.689e-07 2.508e-07 2.365e-07 1.821e-07 1.011e-07 6.102e-08 7.532e-08 4.481e-08 3.146e-08 2.670e-08 3.432e-08
2.288e-08 1.621e-08 4.672e-08 1.745e-07 4.796e-07 5.101e-07 2.489e-07 2.746e-07 4.510e-07 3.166e-07 3.166e-07 2.822e-07 2.365e-07 1.373e-07 7.723e-08 7.056e-08 5.149e-08 2.670e-08 2.956e-08 2.098e-08
2.098e-08 1.335e-08 2.288e-08 3.051e-08 4.767e-08 4.291e-08 4.291e-08 3.337e-08 4.386e-08 4.481e-08 3.814e-08 3.623e-08 3.146e-08 3.051e-08 2.574e-08 1.621e-08 2.288e-08 2.098e-08 9.535e-09 1.240e-08
4.767e-09 1.049e-08 4.767e-09 1.716e-08 1.430e-08 2.002e-08 1.621e-08 1.240e-08 1.430e-08 1.144e-08 1.621e-08 1.335e-08 1.621e-08 8.581e-09 5.721e-09 9.535e-09 7.628e-09 6.674e-09 6.674e-09 9.535e-09
4.767e-09 7.628e-09 9.535e-10 6.674e-09 1.907e-09 1.240e-08 7.628e-09 1.240e-08 6.674e-09 2.860e-09 1.144e-08 6.674e-09 6.674e-09 2.860e-09 2.860e-09 2.860e-09 8.581e-09 8.581e-09 3.814e-09 3.814e-09
3.814e-09 1.907e-09 3.814e-09 5.721e-09 8.581e-09 3.814e-09 7.628e-09 4.767e-09 5.721e-09 9.535e-10 6.674e-09 2.860e-09 3.814e-09 4.767e-09 9.535e-10 5.721e-09 3.814e-09 1.907e-09 3.814e-09 2.860e-09
4.767e-09 4.767e-09 0.000e+00 5.721e-09 3.814e-09 7.628e-09 1.907e-09 1.907e-09 6.674e-09 1.907e-09 1.907e-09 4.767e-09 1.907e-09 3.814e-09 2.860e-09 9.535e-10 1.907e-09 3.814e-09 9.535e-10 1.907e-09
1.907e-09 3.814e-09 2.860e-09 9.535e-10 9.535e-10 9.535e-10 9.535e-10 1.907e-09 1.907e-09 4.767e-09 0.000e+00 1.907e-09 4.767e-09 1.907e-09 9.535e-10 1.907e-09 2.860e-09 2.860e-09 9.535e-10 4.767e-09
5.721e-09 9.535e-10 2.860e-09 2.860e-09 3.814e-09 1.907e-09 3.814e-09 5.721e-09 1.907e-09 2.860e-09 5.721e-09 1.907e-09 1.907e-09 1.907e-09 9.535e-10 2.860e-09 2.860e-09 3.814e-09 2.860e-09 1.907e-09
9.535e-10 1.907e-09 2.860e-09 1.907e-09 9.535e-10 1.907e-09 2.860e-09 4.767e-09 2.860e-09 2.860e-09 4.767e-09 2.860e-09 9.535e-10 9.535e-10 3.814e-09 3.814e-09 2.860e-09 0.000e+00 9.535e-10 9.535e-10
0.000e+00 1.907e-09 2.860e-09 9.535e-10 9.535e-10 1.907e-09 1.907e-09 9.535e-10 9.535e-10 3.814e-09 2.860e-09 4.767e-09 2.860e-09 3.814e-09 1.907e-09 2.860e-09 2.860e-09 2.860e-09 9.535e-10 3.814e-09
3.814e-09 1.907e-09 1.907e-09 9.535e-10 2.860e-09 2.860e-09 4.767e-09 5.721e-09 3.814e-09 2.860e-09 3.814e-09 3.814e-09 0.000e+00 9.535e-10 4.767e-09 9.535e-10 3.814e-09 3.814e-09 1.907e-09 4.767e-09
# 2D Marginal for parameters ytlc and opening with ranges 4.5150e+06 4.5250e+06 and 1.0053e-01 3.9997e+00
8.552e-07 5.131e-06 4.276e-06 2.565e-06 7.696e-06 7.696e-06 2.565e-06 3.421e-06 4.276e-06 5.986e-06 8.552e-06 4.276e-06 5.986e-06 5.131e-06 9.407e-06 5.131e-06 6.841e-06 6.841e-06 2.565e-06 2.565e-06
4.276e-06 5.986e-06 4.276e-06 1.026e-05 5.986e-06 5.131e-06 6.841e-06 8.552e-06 5.986e-06 6.841e-06 1.026e-05 8.552e-06 1.026e-05 4.276e-06 5.131e-06 6.841e-06 7.696e-06 9.407e-06 6.841e-06 4.276e-06
3.421e-06 3.421e-06 3.421e-06 5.986e-06 3.421e-06 1.026e-05 5.986e-06 1.112e-05 9.407e-06 5.131e-06 5.986e-06 1.283e-05 1.283e-05 1.197e-05 7.696e-06 9.407e-06 1.026e-05 7.696e-06 6.841e-06 5.131e-06
7.696e-06 3.421e-06 3.421e-06 9.407e-06 1.026e-05 4.276e-06 6.841e-06 9.407e-06 1.368e-05 1.026e-05 1.197e-05 7.696e-06 1.283e-05 1.796e-05 1.112e-05 8.552e-06 1.197e-05 1.454e-05 7.696e-06 8.552e-06
2.565e-06 4.276e-06 6.841e-06 6.841e-06 9.407e-06 7.696e-06 1.454e-05 1.026e-05 9.407e-06 1.454e-05 1.368e-05 2.052e-05 1.539e-05 1.881e-05 1.197e-05 1.625e-05 1.197e-05 1.197e-05 9.407e-06 2.052e-05
3.421e-06 5.131e-06 7.696e-06 5.986e-06 8.552e-06 1.625e-05 1.539e-05 1.539e-05 2.394e-05 1.454e-05 1.796e-05 2.651e-05 2.052e-05 2.138e-05 2.480e-05 1.881e-05 2.052e-05 1.197e-05 1.539e-05 1.283e-05
6.841e-06 7.696e-06 5.131e-06 1.197e-05 1.454e-05 2.223e-05 1.796e-05 2.480e-05 2.565e-05 3.421e-05 4.019e-05 2.822e-05 3.848e-05 3.250e-05 2.394e-05 4.019e-05 3.079e-05 2.480e-05 2.394e-05 3.164e-05
6.841e-06 5.986e-06 4.276e-06 1.454e-05 2.565e-05 2.908e-05 4.019e-05 4.618e-05 5.045e-05 6.072e-05 4.874e-05 5.216e-05 7.012e-05 6.243e-05 7.867e-05 5.473e-05 6.841e-05 5.644e-05 6.072e-05 8.210e-05
7.696e-06 9.407e-06 9.407e-06 1.197e-05 3.335e-05 5.901e-05 1.137e-04 2.146e-04 2.335e-04 2.215e-04 3.138e-04 1.830e-04 1.685e-04 2.095e-04 2.232e-04 3.446e-04 2.548e-04 1.830e-04 1.411e-04 1.958e-04
1.710e-06 4.276e-06 1.026e-05 1.368e-05 4.532e-05 8.124e-05 1.531e-04 3.617e-04 3.130e-04 2.805e-04 4.387e-04 1.762e-04 1.548e-04 2.309e-04 2.275e-04 3.096e-04 2.394e-04 1.240e-04 1.009e-04 1.325e-04
3.421e-06 5.131e-06 9.407e-06 1.112e-05 1.454e-05 2.993e-05 3.164e-05 4.960e-05 4.105e-05 3.250e-05 4.105e-05 2.138e-05 3.506e-05 4.361e-05 2.822e-05 2.309e-05 2.394e-05 2.651e-05 1.881e-05 3.677e-05
4.276e-06 6.841e-06 5.986e-06 8.552e-06 1.197e-05 1.197e-05 1.368e-05 1.539e-05 1.026e-05 8.552e-06 8.552e-06 1.454e-05 1.197e-05 1.454e-05 5.986e-06 3.421e-06 1.197e-05 1.454e-05 1.112e-05 8.552e-06
4.276e-06 4.276e-06 5.131e-06 1.710e-06 5.986e-06 6.841e-06 6.841e-06 5.131e-06 6.841e-06 5.986e-06 5.986e-06 7.696e-06 6.841e-06 8.552e-06 2.565e-06 4.276e-06 8.552e-06 3.421e-06 6.841e-06 1.710e-06
2.565e-06 1.710e-06 3.421e-06 3.421e-06 7.696e-06 1.710e-06 2.565e-06 3.421e-06 8.552e-07 3.421e-06 3.421e-06 4.276e-06 2.565e-06 6.841e-06 7.696e-06 4.276e-06 5.131e-06 1.710e-06 5.131e-06 3.421e-06
3.421e-06 2.565e-06 8.552e-07 2.565e-06 5.986e-06 4.276e-06 3.421e-06 3.421e-06 1.710e-06 5.131e-06 1.710e-06 2.565e-06 8.552e-07 8.552e-07 1.710e-06 5.986e-06 3.421e-06 1.710e-06 8.552e-07 4.276e-06
2.565e-06 5.131e-06 1.710e-06 8.552e-07 2.565e-06 0.000e+00 8.552e-07 1.710e-06 8.552e-07 1.710e-06 1.710e-06 3.421e-06 1.710e-06 8.552e-07 2.565e-06 3.421e-06 1.710e-06 4.276e-06 8.552e-07 8.552e-07
1.710e-06 2.565e-06 5.986e-06 8.552e-07 2.565e-06 2.565e-06 1.710e-06 4.276e-06 3.421e-06 1.710e-06 2.565e-06 8.552e-07 3.421e-06 2.565e-06 3.421e-06 1.710e-06 8.552e-07 5.986e-06 8.552e-07 3.421e-06
8.552e-07 2.565e-06 1.710e-06 1.710e-06 2.565e-06 8.552e-07 3.421e-06 8.552e-07 3.421e-06 3.421e-06 0.000e+00 1.710e-06 4.276e-06 2.565e-06 1.710e-06 2.565e-06 1.710e-06 1.710e-06 8.552e-07 2.565e-06
2.565e-06 1.710e-06 4.276e-06 1.710e-06 1.710e-06 3.421e-06 8.552e-07 1.710e-06 2.565e-06 8.552e-07 8.552e-07 1.710e-06 1.710e-06 3.421e-06 3.421e-06 2.565e-06 2.565e-06 8.552e-07 1.710e-06 8.552e-07
1.710e-06 4.276e-06 3.421e-06 4.276e-06 1.710e-06 3.421e-06 1.710e-06 8.552e-07 5.986e-06 8.552e-07 4.276e-06 2.565e-06 5.131e-06 1.710e-06 5.131e-06 2.565e-06 8.552e-07 1.710e-06 0.000e+00 1.710e-06
# 2D Marginal for parameters dtlc and length with ranges 2.0001e+03 6.9996e+03 and 5.0112e+02 3.9982e+03
2.097e-08 5.720e-09 1.144e-08 9.533e-09 5.720e-09 1.335e-08 1.335e-08 1.335e-08 1.144e-08 7.626e-09 7.626e-09 9.533e-09 7.626e-09 7.626e-09 5.720e-09 3.813e-09 7.626e-09 7.626e-09 5.720e-09 9.533e-09
1.716e-08 2.478e-08 3.813e-09 1.525e-08 2.288e-08 2.669e-08 2.478e-08 2.097e-08 1.144e-08 1.525e-08 1.716e-08 1.907e-09 7.626e-09 9.533e-09 1.335e-08 0.000e+00 7.626e-09 1.907e-09 3.813e-09 1.144e-08
1.335e-08 9.533e-09 1.335e-08 3.050e-08 1.525e-08 1.716e-08 2.478e-08 1.716e-08 1.144e-08 1.525e-08 1.144e-08 9.533e-09 1.335e-08 1.144e-08 7.626e-09 1.144e-08 5.720e-09 3.813e-09 7.626e-09 1.144e-08
2.097e-08 2.860e-08 1.907e-08 4.004e-08 3.813e-08 4.576e-08 2.669e-08 2.669e-08 1.907e-08 3.622e-08 4.576e-08 2.097e-08 3.813e-08 1.335e-08 1.144e-08 1.335e-08 1.335e-08 2.097e-08 1.335e-08 1.525e-08
3.050e-08 1.907e-08 4.004e-08 3.241e-08 5.148e-08 4.385e-08 5.338e-08 3.241e-08 3.050e-08 4.766e-08 7.626e-08 4.576e-08 2.288e-08 1.144e-08 2.097e-08 9.533e-09 9.533e-09 9.533e-09 3.813e-09 2.097e-08
3.432e-08 3.241e-08 6.482e-08 7.817e-08 7.626e-08 8.198e-08 9.533e-08 8.007e-08 6.292e-08 9.914e-08 1.163e-07 1.049e-07 1.163e-07 4.194e-08 4.385e-08 3.241e-08 2.097e-08 1.144e-08 1.525e-08 7.626e-09
1.907e-08 2.860e-08 5.148e-08 1.525e-07 3.851e-07 3.089e-07 2.193e-07 1.887e-07 1.678e-07 1.468e-07 2.536e-07 2.707e-07 2.021e-07 1.258e-07 5.720e-08 5.338e-08 2.669e-08 5.720e-09 3.813e-09 7.626e-09
1.525e-08 2.288e-08 4.957e-08 2.326e-07 7.016e-07 5.148e-07 1.926e-07 3.298e-07 7.588e-07 3.355e-07 3.165e-07 3.031e-07 2.021e-07 1.010e-07 5.529e-08 8.579e-08 4.385e-08 1.335e-08 7.626e-09 5.720e-09
2.097e-08 1.716e-08 2.669e-08 1.392e-07 3.985e-07 6.597e-07 1.945e-07 1.659e-07 3.222e-07 2.841e-07 1.621e-07 1.582e-07 1.049e-07 8.389e-08 4.194e-08 5.529e-08 2.669e-08 2.288e-08 2.097e-08 1.335e-08
1.907e-08 2.478e-08 3.050e-08 8.961e-08 2.421e-07 4.099e-07 2.059e-07 1.373e-07 1.335e-07 1.373e-07 1.068e-07 1.010e-07 1.201e-07 6.864e-08 5.910e-08 3.241e-08 3.432e-08 2.669e-08 1.525e-08 2.288e-08
1.144e-08 1.525e-08 2.097e-08 5.148e-08 6.101e-08 1.621e-07 1.163e-07 1.201e-07 1.106e-07 4.004e-08 8.198e-08 6.482e-08 8.961e-08 5.529e-08 3.050e-08 5.148e-08 4.385e-08 3.813e-08 2.860e-08 2.097e-08
1.144e-08 1.335e-08 1.144e-08 2.288e-08 5.910e-08 5.910e-08 1.258e-07 1.106e-07 8.579e-08 6.864e-08 5.338e-08 5.910e-08 5.720e-08 4.194e-08 3.813e-08 3.050e-08 2.288e-08 3.813e-08 4.004e-08 3.813e-08
1.525e-08 1.144e-08 2.478e-08 2.478e-08 4.957e-08 7.626e-08 7.626e-08 9.151e-08 1.296e-07 1.068e-07 6.864e-08 7.245e-08 5.529e-08 4.385e-08 3.050e-08 4.766e-08 3.622e-08 3.241e-08 3.432e-08 4.194e-08
1.907e-08 9.533e-09 1.144e-08 2.860e-08 4.194e-08 3.813e-08 7.054e-08 1.106e-07 8.389e-08 8.198e-08 9.533e-08 6.292e-08 7.435e-08 5.148e-08 3.050e-08 3.813e-08 4.194e-08 2.860e-08 2.669e-08 3.432e-08
1.716e-08 1.335e-08 1.144e-08 1.525e-08 4.766e-08 2.860e-08 5.338e-08 9.151e-08 9.533e-08 4.766e-08 5.720e-08 6.292e-08 5.910e-08 6.864e-08 3.622e-08 2.288e-08 3.241e-08 1.525e-08 2.097e-08 2.288e-08
1.716e-08 1.144e-08 1.716e-08 9.533e-09 1.907e-08 3.432e-08 3.432e-08 5.529e-08 4.957e-08 6.101e-08 5.338e-08 5.910e-08 4.957e-08 6.482e-08 5.720e-08 4.766e-08 4.385e-08 2.288e-08 2.478e-08 3.241e-08
1.525e-08 1.907e-09 1.144e-08 1.525e-08 2.097e-08 1.144e-08 4.004e-08 3.241e-08 2.288e-08 4.385e-08 5.148e-08 3.813e-08 4.957e-08 5.338e-08 3.241e-08 5.338e-08 4.194e-08 2.288e-08 1.716e-08 2.478e-08
1.525e-08 9.533e-09 1.525e-08 1.144e-08 2.669e-08 1.525e-08 3.241e-08 1.907e-08 1.335e-08 1.716e-08 4.576e-08 2.860e-08 3.241e-08 3.432e-08 4.576e-08 3.050e-08 5.529e-08 2.288e-08 3.241e-08 3.432e-08
1.335e-08 5.720e-09 1.144e-08 2.097e-08 1.525e-08 1.525e-08 1.716e-08 2.288e-08 1.907e-08 3.622e-08 3.050e-08 3.622e-08 2.860e-08 4.194e-08 3.813e-08 4.194e-08 2.669e-08 3.050e-08 1.716e-08 3.050e-08
7.626e-09 5.720e-09 1.716e-08 5.720e-09 1.335e-08 3.432e-08 2.288e-08 1.335e-08 3.241e-08 3.241e-08 3.622e-08 3.432e-08 1.335e-08 2.669e-08 2.860e-08 2.478e-08 3.432e-08 2.097e-08 3.241e-08 3.050e-08
# 2D Marginal for parameters dtlc and opening with ranges 2.0001e+03 6.9996e+03 and 1.0053e-01 3.9997e+00
1.368e-05 1.026e-05 1.710e-06 1.026e-05 6.840e-06 1.368e-05 8.550e-06 1.197e-05 6.840e-06 1.710e-06 8.550e-06 8.550e-06 1.197e-05 8.550e-06 1.026e-05 6.840e-06 5.130e-06 1.710e-06 1.710e-06 1.710e-05
8.550e-06 6.840e-06 1.197e-05 1.197e-05 6.840e-06 2.736e-05 1.197e-05 1.368e-05 2.052e-05 1.368e-05 1.026e-05 1.881e-05 1.881e-05 1.368e-05 1.197e-05 3.420e-06 3.420e-06 1.710e-06 6.840e-06 8.550e-06
1.710e-06 3.420e-06 8.550e-06 1.026e-05 6.840e-06 2.394e-05 2.394e-05 1.881e-05 1.368e-05 2.394e-05 1.368e-05 1.197e-05 1.197e-05 1.539e-05 8.550e-06 8.550e-06 3.420e-06 6.840e-06 1.197e-05 6.840e-06
6.840e-06 5.130e-06 1.026e-05 1.026e-05 4.104e-05 7.353e-05 5.130e-05 4.617e-05 2.907e-05 2.565e-05 2.052e-05 2.394e-05 2.052e-05 2.736e-05 1.539e-05 8.550e-06 1.197e-05 1.026e-05 1.197e-05 5.130e-06
6.840e-06 1.026e-05 8.550e-06 2.052e-05 3.591e-05 4.104e-05 6.669e-05 5.643e-05 3.762e-05 5.130e-05 4.446e-05 2.223e-05 2.736e-05 2.736e-05 1.881e-05 1.539e-05 1.539e-05 1.368e-05 1.539e-05 1.368e-05
5.130e-06 1.368e-05 1.539e-05 2.394e-05 5.985e-05 7.524e-05 1.385e-04 2.103e-04 7.011e-05 9.576e-05 7.524e-05 2.736e-05 4.446e-05 5.985e-05 3.933e-05 4.959e-05 2.736e-05 1.710e-05 1.881e-05 2.394e-05
6.840e-06 8.550e-06 8.550e-06 1.710e-05 4.959e-05 8.208e-05 1.334e-04 3.882e-04 3.078e-04 1.556e-04 2.223e-04 8.892e-05 1.300e-04 2.274e-04 1.966e-04 2.018e-04 9.063e-05 3.591e-05 2.223e-05 2.565e-05
1.026e-05 6.840e-06 6.840e-06 1.539e-05 2.907e-05 3.762e-05 1.146e-04 3.215e-04 4.087e-04 4.172e-04 7.421e-04 2.360e-04 1.300e-04 2.326e-04 2.736e-04 3.984e-04 2.497e-04 8.892e-05 4.617e-05 8.037e-05
5.130e-06 6.840e-06 1.026e-05 1.539e-05 3.420e-05 3.249e-05 6.669e-05 1.419e-04 1.659e-04 2.018e-04 3.351e-04 1.915e-04 9.234e-05 1.043e-04 1.505e-04 3.351e-04 2.975e-04 1.847e-04 1.317e-04 1.146e-04
1.026e-05 1.197e-05 2.394e-05 1.710e-05 1.881e-05 4.617e-05 5.643e-05 7.011e-05 1.231e-04 1.043e-04 1.060e-04 8.892e-05 1.265e-04 1.197e-04 1.334e-04 1.710e-04 2.308e-04 1.505e-04 9.063e-05 1.094e-04
1.026e-05 1.368e-05 8.550e-06 1.881e-05 1.026e-05 3.078e-05 4.788e-05 6.156e-05 8.037e-05 7.524e-05 7.524e-05 5.985e-05 6.669e-05 6.669e-05 1.009e-04 8.721e-05 1.009e-04 5.814e-05 3.420e-05 8.208e-05
1.197e-05 6.840e-06 1.026e-05 8.550e-06 2.223e-05 3.249e-05 3.762e-05 4.275e-05 5.985e-05 4.788e-05 3.591e-05 3.762e-05 4.446e-05 6.327e-05 5.301e-05 8.550e-05 5.301e-05 5.643e-05 5.643e-05 1.197e-04
3.420e-06 1.368e-05 2.223e-05 1.710e-05 2.736e-05 2.052e-05 2.223e-05 5.301e-05 5.814e-05 4.104e-05 3.591e-05 4.959e-05 6.327e-05 8.550e-05 4.275e-05 8.037e-05 5.301e-05 5.301e-05 8.379e-05 1.334e-04
8.550e-06 1.539e-05 1.026e-05 1.197e-05 1.197e-05 1.710e-05 2.736e-05 4.446e-05 3.591e-05 4.104e-05 3.591e-05 5.301e-05 1.077e-04 7.011e-05 4.788e-05 3.078e-05 4.104e-05 8.379e-05 5.985e-05 1.248e-04
3.420e-06 1.368e-05 8.550e-06 8.550e-06 3.249e-05 1.197e-05 1.539e-05 1.539e-05 1.881e-05 2.565e-05 3.591e-05 4.959e-05 7.866e-05 6.156e-05 5.301e-05 3.933e-05 4.446e-05 7.524e-05 7.011e-05 7.353e-05
5.130e-06 1.026e-05 8.550e-06 1.026e-05 1.026e-05 1.197e-05 2.736e-05 2.736e-05 3.078e-05 3.591e-05 4.275e-05 5.472e-05 5.814e-05 5.643e-05 5.301e-05 5.985e-05 6.327e-05 3.420e-05 4.275e-05 4.275e-05
1.710e-06 1.197e-05 8.550e-06 1.539e-05 8.550e-06 1.368e-05 1.368e-05 2.565e-05 2.223e-05 2.907e-05 2.565e-05 3.591e-05 2.052e-05 4.959e-05 5.130e-05 3.078e-05 3.933e-05 5.301e-05 3.591e-05 4.617e-05
8.550e-06 8.550e-06 8.550e-06 3.420e-06 1.368e-05 3.420e-06 1.026e-05 1.368e-05 1.197e-05 1.197e-05 3.591e-05 3.762e-05 3.591e-05 4.788e-05 3.933e-05 3.591e-05 5.472e-05 3.420e-05 3.420e-05 3.249e-05
6.840e-06 5.130e-06 8.550e-06 5.130e-06 8.550e-06 1.710e-05 5.130e-06 1.197e-05 1.368e-05 2.052e-05 3.420e-05 2.907e-05 3.762e-05 2.736e-05 3.591e-05 4.617e-05 3.591e-05 2.394e-05 3.933e-05 3.591e-05
1.026e-05 0.000e+00 1.710e-06 8.550e-06 8.550e-06 3.420e-06 8.550e-06 8.550e-06 1.710e-05 1.710e-05 2.394e-05 3.591e-05 3.933e-05 3.591e-05 3.591e-05 4.104e-05 2.565e-05 4.275e-05 3.078e-05 2.394e-05
# 2D Marginal for parameters length and opening with ranges 5.0112e+02 3.9982e+03 and 1.0053e-01 3.9997e+00
2.445e-06 7.334e-06 1.467e-05 1.467e-05 1.222e-05 1.711e-05 1.711e-05 9.778e-06 2.445e-05 1.467e-05 2.445e-05 2.689e-05 2.933e-05 3.667e-05 1.956e-05 1.711e-05 4.400e-05 2.689e-05 4.400e-05 5.134e-05
1.467e-05 1.711e-05 7.334e-06 2.445e-06 1.222e-05 4.889e-06 1.711e-05 9.778e-06 1.711e-05 2.933e-05 2.689e-05 9.778e-06 3.422e-05 2.200e-05 1.467e-05 1.467e-05 3.667e-05 3.667e-05 1.711e-05 5.378e-05
4.889e-06 9.778e-06 0.000e+00 9.778e-06 1.711e-05 1.467e-05 1.711e-05 1.467e-05 1.711e-05 1.467e-05 3.667e-05 1.222e-05 2.689e-05 5.378e-05 3.911e-05 6.845e-05 5.867e-05 4.400e-05 4.156e-05 9.289e-05
1.222e-05 1.222e-05 1.222e-05 1.222e-05 9.778e-06 1.711e-05 9.778e-06 2.445e-05 3.178e-05 2.933e-05 2.689e-05 1.711e-05 5.867e-05 6.111e-05 8.067e-05 1.369e-04 2.078e-04 1.173e-04 1.393e-04 2.982e-04
1.222e-05 4.889e-06 1.222e-05 1.222e-05 1.222e-05 3.178e-05 2.200e-05 2.200e-05 1.711e-05 6.356e-05 4.400e-05 3.911e-05 7.334e-05 2.029e-04 3.936e-04 6.405e-04 4.718e-04 3.398e-04 2.616e-04 2.616e-04
1.467e-05 4.889e-06 1.222e-05 1.222e-05 1.956e-05 3.667e-05 2.933e-05 1.956e-05 5.622e-05 5.622e-05 5.378e-05 8.312e-05 1.760e-04 4.376e-04 4.645e-04 7.285e-04 5.769e-04 2.665e-04 1.124e-04 1.687e-04
7.334e-06 1.222e-05 1.956e-05 9.778e-06 9.778e-06 3.667e-05 2.689e-05 2.200e-05 5.867e-05 1.149e-04 1.222e-04 1.858e-04 1.980e-04 2.322e-04 1.882e-04 1.980e-04 1.931e-04 1.613e-04 1.247e-04 1.809e-04
1.222e-05 1.711e-05 2.200e-05 4.889e-06 1.222e-05 3.911e-05 1.467e-05 3.178e-05 5.867e-05 9.045e-05 4.425e-04 2.762e-04 1.565e-04 1.516e-04 1.540e-04 1.736e-04 9.534e-05 9.778e-05 1.124e-04 1.907e-04
1.467e-05 4.889e-06 1.711e-05 7.334e-06 3.178e-05 3.422e-05 6.356e-05 7.578e-05 8.556e-05 4.082e-04 9.558e-04 2.640e-04 1.540e-04 1.271e-04 9.534e-05 1.198e-04 7.578e-05 7.578e-05 8.800e-05 8.556e-05
4.889e-06 1.711e-05 1.222e-05 2.200e-05 2.445e-05 4.156e-05 5.134e-05 1.736e-04 1.662e-04 3.667e-04 4.229e-04 1.833e-04 1.247e-04 1.442e-04 9.045e-05 6.356e-05 3.911e-05 5.622e-05 5.867e-05 6.600e-05
9.778e-06 1.711e-05 1.467e-05 2.689e-05 5.622e-05 5.622e-05 1.491e-04 2.860e-04 5.036e-04 2.713e-04 1.100e-04 9.289e-05 1.149e-04 9.045e-05 7.089e-05 5.378e-05 5.378e-05 7.578e-05 7.334e-05 3.667e-05
1.222e-05 9.778e-06 1.711e-05 3.667e-05 3.178e-05 7.578e-05 1.442e-04 3.960e-04 4.914e-04 1.809e-04 1.247e-04 4.400e-05 1.027e-04 7.334e-05 4.889e-05 3.667e-05 4.889e-05 4.645e-05 3.178e-05 2.689e-05
1.711e-05 3.667e-05 1.467e-05 1.467e-05 4.400e-05 1.173e-04 1.491e-04 4.962e-04 1.833e-04 1.002e-04 9.534e-05 9.045e-05 8.800e-05 8.312e-05 5.867e-05 3.422e-05 2.689e-05 3.911e-05 1.956e-05 1.467e-05
7.334e-06 1.467e-05 1.711e-05 2.445e-05 3.422e-05 8.556e-05 1.393e-04 2.127e-04 1.124e-04 5.622e-05 8.800e-05 6.356e-05 8.800e-05 7.334e-05 7.334e-05 4.156e-05 4.156e-05 1.467e-05 2.445e-05 1.467e-05
1.222e-05 1.467e-05 1.467e-05 3.422e-05 5.622e-05 9.045e-05 1.002e-04 8.067e-05 6.600e-05 6.845e-05 3.422e-05 4.889e-05 6.600e-05 5.134e-05 4.400e-05 3.911e-05 2.689e-05 7.334e-06 7.334e-06 1.467e-05
2.445e-06 7.334e-06 1.711e-05 1.467e-05 7.578e-05 6.845e-05 1.149e-04 1.100e-04 8.312e-05 5.134e-05 2.689e-05 7.089e-05 5.378e-05 4.156e-05 3.422e-05 5.378e-05 2.200e-05 9.778e-06 1.222e-05 9.778e-06
9.778e-06 1.467e-05 1.467e-05 2.689e-05 4.645e-05 3.422e-05 6.356e-05 1.076e-04 5.867e-05 3.667e-05 4.645e-05 4.889e-05 6.111e-05 4.889e-05 4.400e-05 1.956e-05 1.711e-05 1.467e-05 1.956e-05 4.889e-06
9.778e-06 7.334e-06 1.222e-05 3.178e-05 4.889e-05 1.956e-05 5.134e-05 6.356e-05 5.378e-05 2.933e-05 3.178e-05 3.422e-05 2.200e-05 3.178e-05 1.956e-05 1.467e-05 9.778e-06 7.334e-06 4.889e-06 4.889e-06
1.467e-05 1.956e-05 1.711e-05 1.467e-05 2.445e-05 2.445e-05 4.400e-05 5.867e-05 4.889e-05 2.200e-05 4.156e-05 4.156e-05 2.445e-05 2.200e-05 9.778e-06 1.467e-05 9.778e-06 9.778e-06 2.445e-06 1.222e-05
1.222e-05 1.222e-05 1.956e-05 3.911e-05 5.378e-05 3.422e-05 4.400e-05 4.889e-05 5.622e-05 4.889e-05 4.645e-05 2.689e-05 1.467e-05 1.711e-05 1.711e-05 1.222e-05 1.222e-05 1.956e-05 1.222e-05 1.222e-05
